DATE,MAX_TEMPERATURE_C,MIN_TEMPERATURE_C,WINDSPEED_MAX_KMH,TEMPERATURE_MORNING_C,TEMPERATURE_NOON_C,TEMPERATURE_EVENING_C,PRECIP_TOTAL_DAY_MM,HUMIDITY_MAX_PERCENT,VISIBILITY_AVG_KM,PRESSURE_MAX_MB,CLOUDCOVER_AVG_PERCENT,HEATINDEX_MAX_C,DEWPOINT_MAX_C,WINDTEMP_MAX_C,WEATHER_CODE_MORNING,WEATHER_CODE_NOON,WEATHER_CODE_EVENING,TOTAL_SNOW_MM,UV_INDEX,SUNHOUR,OPINION
2009-01-01,5,3,17,1,4,4,0,91,10,1027,65.125,5,3,-1,119,122,116,,,,météo très défavorable
2009-01-02,4,1,25,-1,3,2,0,95,7,1030,42.875,4,1,-2,143,119,116,,,,météo très défavorable
2009-01-03,4,3,12,1,4,3,0.5,88,10,1030,84.5,4,1,-1,119,122,119,,,,météo très défavorable
2009-01-04,4,0,10,2,4,-1,0,91,8,1028,56.25,4,3,-4,113,113,143,,,,météo très défavorable
2009-01-05,5,-2,15,-1,3,0,0,93,9,1027,37.125,5,2,-5,113,116,113,,,,météo très défavorable
2009-01-06,2,-5,5,-4,0,-4,0,91,10,1029,3.625,2,0,-8,113,113,113,,,,météo très défavorable
2009-01-07,3,-4,7,-5,3,-3,0,95,4.5,1028,16.75,3,2,-7,143,116,260,,,,météo très défavorable
2009-01-08,4,-2,13,-3,3,1,0,92,6.75,1029,11.375,4,1,-6,113,113,113,,,,météo très défavorable
2009-01-09,6,3,21,2,4,2,0.4,95,8.375,1026,46.5,6,3,-1,119,263,113,,,,météo très défavorable
2009-01-10,8,6,37,5,6,7,7.4,87,8,1022,73.125,8,6,1,116,263,302,,,,météo très défavorable
2009-01-11,12,10,51,8,12,11,32.4,94,7.625,1012,100,12,11,6,296,296,308,,,,météo très défavorable
2009-01-12,12,7,20,8,9,6,10.6,93,8.125,1005,52.125,12,11,4,293,113,176,,,,météo défavorable
2009-01-13,6,2,17,3,6,2,0.9,95,6.875,1011,35,6,4,-2,176,113,113,,,,météo très défavorable
2009-01-14,10,5,39,3,8,10,25.4,98,6.375,1012,83.625,10,9,-1,296,308,302,,,,météo très défavorable
2009-01-15,10,9,32,7,10,9,11.5,92,7.75,1004,82.125,10,8,5,302,113,266,,,,météo défavorable
2009-01-16,10,5,37,4,8,6,7.3,96,9.25,1005,52.25,10,8,0,116,302,176,,,,météo très défavorable
2009-01-17,8,3,72,4,6,5,16.9,93,6.625,1002,69.375,8,7,-2,176,296,305,,,,météo très défavorable
2009-01-18,5,2,38,1,5,3,2.2,88,9.25,993,55.5,5,2,-4,116,353,353,,,,météo très défavorable
2009-01-19,5,1,28,2,3,3,13.5,93,8.125,981,56.5,5,5,-4,320,116,389,,,,météo très défavorable
2009-01-20,4,0,24,0,4,3,2.2,91,8.875,996,42.125,4,2,-6,116,116,317,,,,météo très défavorable
2009-01-21,10,1,31,1,4,9,9.8,99,8.375,998,72.875,10,9,-4,119,302,302,,,,météo très défavorable
2009-01-22,10,4,29,6,6,5,8.7,85,6.875,985,79.125,10,10,-1,263,116,296,,,,météo très défavorable
2009-01-23,5,2,28,3,5,2,6,93,8.5,983,63.25,5,3,-3,317,176,116,,,,météo très défavorable
2009-01-24,7,2,20,1,5,4,3.4,95,9.5,990,65.875,7,6,-3,317,113,296,,,,météo très défavorable
2009-01-25,5,3,21,3,4,4,5.6,93,9.25,982,62.75,5,5,-2,296,119,113,,,,météo très défavorable
2009-01-26,8,6,20,4,7,6,0.4,91,9,1004,45.375,8,5,2,116,113,116,,,,météo très défavorable
2009-01-27,9,8,9,9,9,4,1.3,96,5,1010,70.375,9,9,7,266,119,113,,,,météo défavorable
2009-01-28,9,2,17,1,7,5,0,95,6,1013,23.25,9,6,-1,143,113,116,,,,météo très défavorable
2009-01-29,10,8,46,7,8,9,15.9,95,5.75,1009,92.625,10,9,3,266,266,302,,,,météo défavorable
2009-01-30,11,10,30,8,11,10,58.6,96,6.5,1002,100,11,10,6,302,302,308,,,,météo très défavorable
2009-01-31,8,7,17,5,8,7,37,100,7.5,1005,100,8,8,4,308,302,296,,,,météo très défavorable
2009-02-01,5,2,29,3,4,-1,3.5,90,9.625,1012,47.25,5,5,-3,293,113,113,,,,météo très défavorable
2009-02-02,2,0,27,-2,2,1,3,88,9,1012,81.25,2,0,-5,119,332,371,,,,météo très défavorable
2009-02-03,2,0,24,-2,2,1,7.5,99,6.75,997,83.75,2,1,-6,227,329,368,,,,météo très défavorable
2009-02-04,4,1,26,-2,4,3,1.9,99,6.5,992,76.25,4,4,-3,326,266,317,,,,météo très défavorable
2009-02-05,2,0,37,-1,2,1,0.9,93,10,997,75.375,2,0,-6,122,326,326,,,,météo très défavorable
2009-02-06,5,-2,26,-2,4,1,0,95,10,1001,35,5,0,-7,116,113,116,,,,météo très défavorable
2009-02-07,4,-1,30,-1,4,-1,0,90,10,1006,18.125,4,0,-6,113,116,113,,,,météo très défavorable
2009-02-08,6,3,26,1,5,2,5.9,97,9,1004,48.75,6,4,-2,332,176,116,,,,météo très défavorable
2009-02-09,4,0,19,-2,4,1,0.3,94,8,999,48.625,4,2,0,143,116,122,,,,météo très défavorable
2009-02-10,6,0,24,-1,6,2,0.7,94,9.75,1015,45.75,6,3,-4,116,353,176,,,,météo très défavorable
2009-02-11,7,0,9,-3,6,3,0,95,5,1024,37.75,7,3,-1,143,113,116,,,,météo très défavorable
2009-02-12,10,5,15,3,10,7,1.8,98,5,1026,75,10,8,2,266,266,143,,,,météo très défavorable
2009-02-13,10,3,6,3,8,4,0.1,97,5.75,1026,49.25,10,6,2,248,113,116,,,,météo très défavorable
2009-02-14,9,3,13,3,7,7,0.6,95,5,1028,76.25,9,7,0,143,266,116,,,,météo très défavorable
2009-02-15,9,5,14,5,9,7,0,90,10,1029,41.375,9,6,2,116,116,116,,,,météo très défavorable
2009-02-16,9,4,16,2,9,8,0.1,95,6,1029,51.125,9,6,1,143,119,119,,,,météo très défavorable
2009-02-17,10,3,7,1,9,5,0,97,6.5,1031,71.25,10,6,1,248,116,119,,,,météo très défavorable
2009-02-18,9,3,16,1,8,6,0.4,93,8,1030,39.125,9,5,1,143,116,119,,,,météo très défavorable
2009-02-19,10,6,14,6,9,6,2,97,3.375,1031,74.5,10,7,5,266,263,143,,,,météo défavorable
2009-02-20,10,4,14,1,9,5,0,91,6,1034,49.125,10,5,3,143,116,116,,,,météo très défavorable
2009-02-21,10,3,19,0,9,6,0,84,8,1035,29.75,10,6,0,113,113,116,,,,météo très défavorable
2009-02-22,11,8,22,9,10,8,0.7,91,8,1034,74.75,11,8,5,266,119,119,,,,météo défavorable
2009-02-23,10,8,14,7,10,9,0.9,96,3.875,1032,85.25,10,9,6,266,266,263,,,,météo défavorable
2009-02-24,10,8,5,7,10,9,0.8,94,8.125,1029,73.25,10,8,8,263,119,119,,,,météo défavorable
2009-02-25,10,7,20,5,9,6,1.1,94,5,1029,69.25,10,7,4,122,266,116,,,,météo défavorable
2009-02-26,10,5,22,3,10,9,0.3,92,6,1029,58.5,10,8,2,143,116,266,,,,météo très défavorable
2009-02-27,9,7,17,6,8,8,0.6,95,8,1023,86,9,7,5,119,122,266,,,,météo défavorable
2009-02-28,9,8,24,7,8,8,4.3,94,6,1015,90.5,9,8,5,266,296,296,,,,météo défavorable
2009-03-01,9,5,27,3,8,6,1.2,92,8.875,1015,36,9,6,1,143,119,113,,,,météo très défavorable
2009-03-02,9,6,22,3,8,8,1.4,93,4.5,1017,77.875,9,7,3,248,266,266,,,,météo défavorable
2009-03-03,6,2,28,4,6,2,15.3,100,8.75,1013,70.875,6,5,-3,122,296,335,,,,météo très défavorable
2009-03-04,5,1,30,-1,5,2,4.1,91,8.375,984,55.875,5,2,-4,143,317,320,,,,météo très défavorable
2009-03-05,8,4,27,-1,8,4,1.4,86,8.875,1004,35.875,8,2,-1,119,113,353,,,,météo très défavorable
2009-03-06,9,4,24,1,7,8,1.1,97,4.75,1009,65.875,9,8,0,143,266,119,,,,météo très défavorable
2009-03-07,11,8,27,3,11,11,4.4,97,5.125,1010,99,11,10,5,122,296,296,,,,météo défavorable
2009-03-08,5,2,38,2,4,4,8.1,93,8.25,1007,44.75,5,2,-3,266,392,176,,,,météo très défavorable
2009-03-09,7,5,24,3,7,6,6.3,83,8.375,1013,67.875,7,4,0,116,122,296,,,,météo très défavorable
2009-03-10,10,7,26,7,10,10,5.2,90,8.625,1018,71,10,8,3,119,266,116,,,,météo défavorable
2009-03-11,12,9,22,9,12,11,2,98,6,1019,99.375,12,11,8,266,266,122,,,,météo défavorable
2009-03-12,12,8,20,8,12,9,2.7,95,8.75,1021,58,12,9,6,176,116,116,,,,météo défavorable
2009-03-13,10,7,33,7,9,10,2.9,97,4.875,1020,90,10,9,4,122,266,296,,,,météo défavorable
2009-03-14,11,7,29,7,10,8,0.8,82,9,1027,51.125,11,6,3,119,116,113,,,,météo défavorable
2009-03-15,12,2,19,2,11,9,0,97,6,1032,33.5,12,6,-1,143,116,113,,,,météo très défavorable
2009-03-16,13,4,14,4,12,9,0,97,8,1032,29.875,13,8,1,116,113,113,,,,météo correcte
2009-03-17,13,3,21,3,12,9,0,95,7,1033,11.375,13,7,0,143,116,113,,,,météo correcte
2009-03-18,14,4,15,4,13,10,0,96,7,1032,5.125,14,9,1,143,113,113,,,,météo correcte
2009-03-19,13,2,20,2,13,10,0,90,10,1027,0.75,13,7,-1,113,113,113,,,,météo correcte
2009-03-20,12,5,26,5,12,9,0,93,9,1030,3.125,12,7,1,113,113,113,,,,météo très défavorable
2009-03-21,11,1,18,1,11,10,0,95,7,1039,32.625,11,7,-1,143,119,113,,,,météo très défavorable
2009-03-22,13,3,22,3,13,10,0,99,6.75,1039,37.625,13,8,0,248,113,116,,,,météo correcte
2009-03-23,9,5,30,5,9,8,1.4,96,7,1032,77.625,9,7,1,119,266,266,,,,météo très défavorable
2009-03-24,9,0,19,0,7,8,1.5,96,4,1026,72.375,9,8,-3,143,266,266,,,,météo très défavorable
2009-03-25,10,7,32,7,10,9,1.2,83,6,1014,85.5,10,7,2,266,266,119,,,,météo défavorable
2009-03-26,10,6,36,6,9,9,5.3,95,5.5,1008,94.75,10,6,2,302,266,266,,,,météo défavorable
2009-03-27,7,2,27,2,7,6,3.3,83,8.75,1005,65.5,7,4,-2,116,263,353,,,,météo très défavorable
2009-03-28,6,4,36,4,6,5,1.6,82,9.75,1015,70.25,6,3,-2,317,119,116,,,,météo très défavorable
2009-03-29,7,1,21,1,6,7,3,97,7.75,1015,89.25,7,7,-2,122,296,296,,,,météo très défavorable
2009-03-30,12,2,10,2,12,10,0.5,98,6.875,1022,71.625,12,9,0,248,122,116,,,,météo très défavorable
2009-03-31,14,0,11,0,14,11,0,95,6,1023,30.875,14,8,-1,143,116,116,,,,météo très défavorable
2009-04-01,12,4,13,4,11,11,0,99,6.25,1023,61.75,12,7,1,248,122,113,,,,météo très défavorable
2009-04-02,14,1,18,1,14,11,0,94,8,1023,1.75,14,8,-1,143,113,113,,,,météo très défavorable
2009-04-03,10,4,22,4,8,10,9.9,97,7.125,1018,58.25,10,9,1,113,296,302,,,,météo très défavorable
2009-04-04,11,5,22,5,11,9,0.6,97,9.875,1023,55.875,11,6,1,122,116,116,,,,météo très défavorable
2009-04-05,9,2,22,2,9,8,0,96,9,1024,66.5,9,4,-2,113,119,122,,,,météo très défavorable
2009-04-06,11,6,31,6,11,9,11.3,97,6,1010,64,11,8,2,296,299,176,,,,météo défavorable
2009-04-07,10,3,33,3,10,8,11.1,98,9,1002,77,10,8,-1,119,353,302,,,,météo très défavorable
2009-04-08,11,4,22,4,11,10,6.2,90,9.375,1005,54.625,11,6,0,113,122,116,,,,météo très défavorable
2009-04-09,10,8,35,10,10,8,35.8,97,6.125,998,100,10,10,6,308,308,302,,,,météo très défavorable
2009-04-10,9,4,17,4,9,7,5,97,7.625,1004,59.5,9,5,2,266,353,353,,,,météo très défavorable
2009-04-11,11,0,15,0,11,9,2,95,7.875,1013,53.875,11,7,-3,143,122,353,,,,météo très défavorable
2009-04-12,11,1,23,1,11,9,0.4,98,8.75,1015,53.75,11,6,-1,248,116,116,,,,météo très défavorable
2009-04-13,11,6,21,6,8,11,16.5,99,7.5,1009,67.75,11,9,3,302,302,176,,,,météo très défavorable
2009-04-14,12,4,27,4,12,11,1.6,98,5.25,1008,43.875,12,8,2,248,176,113,,,,météo très défavorable
2009-04-15,11,6,19,6,11,10,9.7,99,5.5,1009,89.375,11,10,3,302,302,266,,,,météo défavorable
2009-04-16,11,8,22,8,11,10,4.5,97,8.125,1009,82.5,11,10,5,353,296,296,,,,météo défavorable
2009-04-17,11,8,17,8,10,11,1.1,98,4.5,1014,93.5,11,9,6,266,266,266,,,,météo défavorable
2009-04-18,14,5,15,5,13,12,0,99,6.25,1022,45.375,14,7,2,248,113,113,,,,météo correcte
2009-04-19,15,1,13,1,15,14,0,94,7,1027,10.375,15,10,0,143,113,113,,,,météo très défavorable
2009-04-20,16,2,13,2,15,14,0,96,6.75,1029,18.25,16,11,2,143,113,113,,,,météo correcte
2009-04-21,16,7,15,7,15,14,0.1,94,8,1029,41,16,10,5,122,116,113,,,,météo correcte
2009-04-22,14,6,28,6,13,11,0.6,97,5.75,1028,70.75,14,9,3,248,122,122,,,,météo défavorable
2009-04-23,10,8,6,8,10,8,22.6,100,7.5,1018,71.5,10,10,7,176,263,308,,,,météo très défavorable
2009-04-24,9,6,13,6,9,8,27.9,99,7.75,1012,97.875,9,8,5,302,302,296,,,,météo très défavorable
2009-04-25,11,5,33,5,8,11,35.6,99,7.125,1007,83.25,11,9,-1,308,302,353,,,,météo très défavorable
2009-04-26,10,5,19,5,10,8,5.3,99,6.125,1009,95,10,9,3,248,266,296,,,,météo très défavorable
2009-04-27,9,4,19,4,9,8,14.2,97,9,998,59.375,9,8,0,176,353,356,,,,météo très défavorable
2009-04-28,13,3,9,3,11,11,4.2,99,6.125,1006,71.375,13,9,1,248,293,176,,,,météo très défavorable
2009-04-29,11,6,22,6,10,11,10.6,98,4.75,1005,90.375,11,10,4,248,263,302,,,,météo défavorable
2009-04-30,13,7,13,7,13,13,10,97,8.125,1018,61.125,13,10,5,293,176,176,,,,météo correcte
2009-05-01,14,10,28,10,14,11,5,97,8.75,1024,72.625,14,10,6,266,293,119,,,,météo défavorable
2009-05-02,12,4,15,4,11,11,1.8,97,6.25,1029,73.125,12,8,2,248,119,176,,,,météo très défavorable
2009-05-03,10,3,19,3,10,10,1.3,96,7.875,1032,51.25,10,6,0,143,119,119,,,,météo très défavorable
2009-05-04,12,7,25,7,11,12,1.9,92,4,1031,88.25,12,11,4,122,266,266,,,,météo défavorable
2009-05-05,13,10,27,10,12,12,1.1,91,8,1025,93.125,13,9,7,119,122,266,,,,météo défavorable
2009-05-06,13,10,27,10,12,12,6.1,94,3.5,1018,99.375,13,11,8,266,266,296,,,,météo défavorable
2009-05-07,12,5,34,5,12,9,4.8,88,8.75,1011,41.125,12,7,1,113,116,266,,,,météo très défavorable
2009-05-08,12,7,30,7,12,10,3.3,74,9.625,1012,49.125,12,7,3,122,353,176,,,,météo défavorable
2009-05-09,13,7,22,8,12,11,4.6,98,8.75,1016,58.75,13,7,4,266,176,116,,,,météo correcte
2009-05-10,13,5,17,5,13,12,0.9,89,7.875,1022,63.25,13,8,4,119,116,176,,,,météo correcte
2009-05-11,15,8,24,8,15,12,0,85,10,1023,22,15,7,5,116,113,113,,,,météo correcte
2009-05-12,14,5,19,5,13,13,0,81,10,1023,11,14,7,2,113,113,113,,,,météo correcte
2009-05-13,10,6,15,6,9,9,5.5,98,8.375,1019,69,10,8,3,116,296,296,,,,météo défavorable
2009-05-14,12,9,13,9,12,11,14.1,99,4.75,1009,100,12,12,8,266,302,302,,,,météo défavorable
2009-05-15,11,8,18,8,11,10,6.6,99,7.375,1005,86.5,11,10,6,296,296,119,,,,météo défavorable
2009-05-16,10,8,30,8,9,9,18.4,97,8.25,996,71.625,10,9,4,389,356,299,,,,météo très défavorable
2009-05-17,12,6,18,6,12,11,8,96,9.625,997,56.875,12,10,4,113,353,356,,,,météo défavorable
2009-05-18,13,8,25,8,13,9,12.6,95,9,1007,88.5,13,11,5,353,353,302,,,,météo défavorable
2009-05-19,14,7,19,7,14,11,9.7,96,8,1012,60.75,14,11,5,143,353,356,,,,météo correcte
2009-05-20,13,7,10,7,13,12,17.1,98,6.5,1015,85.25,13,11,5,248,353,356,,,,météo très défavorable
2009-05-21,13,6,18,6,13,11,4.5,98,7.125,1015,59.75,13,9,4,248,353,176,,,,météo correcte
2009-05-22,16,10,19,10,13,15,2.8,97,5.875,1014,94.875,16,13,7,266,266,122,,,,météo défavorable
2009-05-23,14,10,22,11,10,13,2.2,94,6.875,1019,73.625,14,10,7,266,296,113,,,,météo défavorable
2009-05-24,16,6,15,6,16,15,0,87,8,1020,32.375,16,12,4,113,113,122,,,,météo correcte
2009-05-25,14,9,17,9,14,13,1.4,96,5.75,1019,61.875,14,12,8,143,266,353,,,,météo correcte
2009-05-26,13,6,25,6,12,12,1,88,8.625,1021,27.625,13,7,3,113,176,176,,,,météo correcte
2009-05-27,14,9,22,9,13,14,10.8,99,8,1024,98.5,14,13,6,302,296,296,,,,météo défavorable
2009-05-28,20,13,12,13,20,19,0.5,97,6.125,1030,44.125,20,16,12,263,113,113,,,,météo favorable
2009-05-29,19,10,26,10,19,18,0,95,6.5,1030,31.875,19,14,8,143,113,113,,,,météo favorable
2009-05-30,19,12,17,12,19,18,0,91,9,1025,14.25,19,14,10,113,116,113,,,,météo favorable
2009-05-31,21,11,13,11,21,19,0,81,10,1027,0.625,21,15,10,113,113,113,,,,météo favorable
2009-06-01,23,12,13,12,22,21,0,88,10,1027,2.875,25,17,12,113,113,113,,,,météo favorable
2009-06-02,24,12,7,12,23,23,0.1,81,10,1028,4.125,25,18,12,113,113,113,,,,météo favorable
2009-06-03,22,14,12,14,22,19,0.1,94,9,1025,14.125,25,16,13,113,113,116,,,,météo favorable
2009-06-04,19,9,10,9,19,17,0,93,8,1021,44.125,19,14,8,116,119,119,,,,météo correcte
2009-06-05,16,9,17,9,16,12,0.2,95,8,1015,57.875,16,12,8,119,113,122,,,,météo correcte
2009-06-06,10,5,28,6,9,7,12.2,99,7.875,1008,66,10,6,0,119,266,302,,,,météo très défavorable
2009-06-07,15,8,19,8,13,13,10.5,97,9.125,1006,71,15,8,5,296,353,176,,,,météo défavorable
2009-06-08,14,8,22,8,14,12,1.9,89,9,1007,72,14,8,6,122,353,353,,,,météo défavorable
2009-06-09,13,8,12,8,11,13,10.5,98,7.125,1012,77.25,13,10,6,302,296,176,,,,météo défavorable
2009-06-10,16,7,13,7,16,14,6.2,89,7.5,1014,27.375,16,12,6,113,176,356,,,,météo correcte
2009-06-11,16,5,11,5,15,14,0.3,94,7.625,1021,35.25,16,9,3,143,113,116,,,,météo correcte
2009-06-12,18,9,16,9,16,17,4.3,98,6.5,1019,45,18,13,8,296,263,176,,,,météo correcte
2009-06-13,18,11,22,11,18,15,4.2,97,6,1017,41.875,18,12,10,143,176,176,,,,météo favorable
2009-06-14,17,11,16,11,17,15,8,98,6.625,1018,49.75,17,13,10,248,176,356,,,,météo correcte
2009-06-15,17,10,9,10,16,16,15.1,98,8.125,1017,63.875,17,15,10,353,356,356,,,,météo défavorable
2009-06-16,19,11,22,11,19,15,1.7,96,6.625,1021,33,19,13,12,143,113,113,,,,météo favorable
2009-06-17,16,12,19,12,15,15,34.5,98,8,1015,82.375,16,14,10,308,299,119,,,,météo très défavorable
2009-06-18,13,10,24,10,13,13,2.1,90,9,1018,76.625,13,12,8,266,353,353,,,,météo défavorable
2009-06-19,14,10,21,10,13,12,0.3,86,10,1026,82.75,14,9,7,119,122,119,,,,météo défavorable
2009-06-20,17,11,21,11,15,16,1,95,8,1028,74,17,12,9,266,119,116,,,,météo défavorable
2009-06-21,20,11,15,11,18,19,0.3,94,7,1029,82.125,20,17,11,122,266,122,,,,météo défavorable
2009-06-22,21,14,6,14,20,20,10.9,97,5.75,1029,90,21,19,14,143,353,356,,,,météo défavorable
2009-06-23,22,16,15,16,21,21,8.2,97,6.875,1029,48.5,24,18,16,143,353,356,,,,météo correcte
2009-06-24,20,14,20,14,20,18,0.9,97,9,1024,23.375,20,15,14,353,113,113,,,,météo favorable
2009-06-25,20,13,18,13,20,18,0.5,91,9.75,1017,45.625,20,14,12,116,176,116,,,,météo favorable
2009-06-26,20,15,14,15,20,19,13,98,7.125,1014,51.375,20,18,15,353,356,356,,,,météo défavorable
2009-06-27,19,13,15,13,19,19,2.6,97,6.125,1015,48.75,19,16,12,143,176,176,,,,météo favorable
2009-06-28,16,12,17,12,16,15,7,97,4.875,1014,73.625,16,15,11,143,266,302,,,,météo défavorable
2009-06-29,22,13,14,13,22,19,1.9,94,7.625,1016,29.625,25,15,13,143,113,113,,,,météo favorable
2009-06-30,18,15,19,15,18,17,2.6,96,7.75,1020,82.375,18,17,14,119,266,296,,,,météo défavorable
2009-07-01,18,16,11,16,18,18,15,99,5.875,1021,99.75,18,18,16,266,296,302,,,,météo défavorable
2009-07-02,19,16,12,16,19,18,15.6,99,7.375,1019,99.5,19,18,16,296,296,356,,,,météo défavorable
2009-07-03,18,13,23,13,17,17,9.2,98,6.875,1012,60.625,18,16,13,248,353,176,,,,météo correcte
2009-07-04,18,13,22,13,18,16,7.1,96,8.375,1009,40,18,14,12,266,356,113,,,,météo correcte
2009-07-05,16,12,21,12,16,15,11.2,94,7.875,1006,78.375,16,15,11,119,353,356,,,,météo défavorable
2009-07-06,16,9,25,9,15,15,11.2,99,5.5,1006,89.5,16,14,8,248,296,356,,,,météo défavorable
2009-07-07,17,13,24,13,16,16,4.2,94,9.875,1014,79.875,17,13,11,119,353,353,,,,météo défavorable
2009-07-08,16,10,16,10,16,15,0.8,94,7.875,1019,52.75,16,12,9,143,119,353,,,,météo correcte
2009-07-09,16,9,14,9,15,16,0.2,95,7.625,1021,64.5,16,11,8,143,119,119,,,,météo correcte
2009-07-10,14,9,14,9,13,14,10,98,3.625,1019,87.5,14,14,9,248,302,302,,,,météo défavorable
2009-07-11,16,14,29,14,16,15,21.9,99,3.625,1012,99,16,16,14,266,296,308,,,,météo très défavorable
2009-07-12,17,12,22,12,16,15,6.5,92,7.625,1005,66.625,17,13,10,266,353,353,,,,météo défavorable
2009-07-13,16,12,19,12,16,15,21.7,98,7,1004,78.875,16,15,10,296,356,356,,,,météo très défavorable
2009-07-14,16,12,14,12,16,16,14.3,98,7.5,1002,62.75,16,15,11,263,356,356,,,,météo défavorable
2009-07-15,18,11,17,11,17,15,3.9,99,7.25,1016,61.625,18,14,10,248,353,353,,,,météo correcte
2009-07-16,15,9,9,9,15,14,9,98,5.875,1017,75.75,15,13,9,248,296,356,,,,météo défavorable
2009-07-17,17,10,26,10,17,16,2.7,91,8.875,1017,46.875,17,11,7,176,113,116,,,,météo correcte
2009-07-18,14,10,12,10,14,13,3.4,95,7.625,1016,83.5,14,14,9,116,116,296,,,,météo défavorable
2009-07-19,17,12,22,12,17,16,6.3,99,8.375,1012,59.25,17,12,11,296,176,176,,,,météo correcte
2009-07-20,17,10,17,10,16,16,3.2,96,7.5,1013,62,17,13,8,143,176,353,,,,météo correcte
2009-07-21,17,14,28,14,15,15,16.9,98,7.875,1007,80.5,17,14,12,302,302,353,,,,météo très défavorable
2009-07-22,18,13,21,13,16,17,4.6,93,8.875,997,75.125,18,15,11,122,353,353,,,,météo défavorable
2009-07-23,16,12,17,12,16,15,17.1,98,8.75,1003,73.875,16,14,11,353,356,356,,,,météo très défavorable
2009-07-24,17,9,17,9,17,15,9.8,99,7,1017,72.125,17,15,8,248,353,356,,,,météo défavorable
2009-07-25,18,10,20,10,17,16,2.4,98,7.125,1020,64.75,18,13,9,248,176,353,,,,météo correcte
2009-07-26,16,13,26,13,16,15,15.1,94,8.375,1013,78.375,16,13,12,299,353,353,,,,météo défavorable
2009-07-27,15,10,20,10,14,13,1.7,93,9.75,1011,58.875,15,11,9,116,176,353,,,,météo correcte
2009-07-28,15,12,21,12,15,14,8.9,96,6.5,1010,83.375,15,14,11,263,296,302,,,,météo défavorable
2009-07-29,16,9,17,9,16,13,10.5,99,5.375,1013,73.5,16,14,8,248,353,356,,,,météo défavorable
2009-07-30,16,8,19,8,16,14,1,97,6.25,1020,55.375,16,11,6,248,116,176,,,,météo correcte
2009-07-31,15,12,32,12,14,14,20,97,8,1019,90.75,15,14,9,302,296,302,,,,météo très défavorable
2009-08-01,15,11,23,11,14,14,1.5,97,8.875,1011,65.375,15,12,9,119,266,119,,,,météo défavorable
2009-08-02,15,9,19,9,15,13,8.2,98,5.625,1011,81.75,15,13,7,248,353,302,,,,météo défavorable
2009-08-03,17,14,24,14,16,16,13.7,98,8.125,1006,99.625,17,15,13,296,266,296,,,,météo défavorable
2009-08-04,17,14,21,14,17,16,4.3,97,7.5,1009,86,17,15,13,266,266,176,,,,météo défavorable
2009-08-05,17,13,24,13,17,16,2.6,87,8.875,1016,52,17,13,11,119,353,353,,,,météo correcte
2009-08-06,16,10,13,10,16,15,3.4,98,7,1022,51.125,16,13,9,248,176,176,,,,météo correcte
2009-08-07,16,8,14,8,16,16,0.4,98,7.375,1022,47.625,16,11,7,248,116,116,,,,météo correcte
2009-08-08,17,13,14,13,17,17,8.4,98,5.375,1021,75.125,17,16,12,266,296,356,,,,météo défavorable
2009-08-09,18,9,14,9,17,17,1.6,98,5.375,1021,76.5,18,15,9,248,122,353,,,,météo défavorable
2009-08-10,19,15,14,15,17,18,3,98,6.75,1019,97.5,19,16,14,296,266,122,,,,météo défavorable
2009-08-11,21,12,16,12,21,19,1.2,99,6.75,1023,76.625,24,18,11,248,119,353,,,,météo défavorable
2009-08-12,18,15,13,15,17,17,5.6,98,7.625,1022,95.125,18,16,15,296,296,266,,,,météo défavorable
2009-08-13,20,9,5,9,20,17,0.1,98,6.5,1021,72.5,20,15,9,248,116,122,,,,météo défavorable
2009-08-14,19,15,21,15,18,17,2,96,6,1018,94.875,19,17,14,266,266,353,,,,météo défavorable
2009-08-15,18,16,19,16,17,17,13.5,97,7.125,1014,76.375,18,15,16,302,296,116,,,,météo défavorable
2009-08-16,16,13,19,13,16,16,0.7,94,5.875,1015,93.625,16,12,11,122,266,122,,,,météo défavorable
2009-08-17,19,13,14,13,17,16,4,96,7.875,1016,75.5,19,15,12,143,353,353,,,,météo défavorable
2009-08-18,18,14,23,14,18,17,3.2,97,6.125,1015,90.125,18,18,13,266,296,296,,,,météo défavorable
2009-08-19,20,16,22,16,19,18,18.5,98,8.5,1009,94.5,20,19,16,302,296,299,,,,météo très défavorable
2009-08-20,17,12,22,12,15,13,36.7,96,8.125,1013,76.75,17,16,11,305,353,353,,,,météo très défavorable
2009-08-21,15,9,21,9,15,15,3.5,94,8.625,1020,39.75,15,12,8,143,353,176,,,,météo correcte
2009-08-22,17,6,24,6,17,16,1.3,98,5.125,1021,76.625,17,14,5,248,113,266,,,,météo défavorable
2009-08-23,17,15,33,17,17,16,36.2,97,6,1011,81.25,17,16,15,302,389,356,,,,météo très défavorable
2009-08-24,16,9,24,9,15,14,2.1,95,7.5,1006,30.75,16,11,6,143,176,353,,,,météo correcte
2009-08-25,16,8,16,8,16,14,3,97,7.5,1006,49,16,12,7,143,116,116,,,,météo correcte
2009-08-26,17,14,22,14,17,16,20.9,97,6.625,1010,95.125,17,15,12,308,266,122,,,,météo très défavorable
2009-08-27,15,9,28,9,14,14,4.5,98,7.125,1011,74.125,15,15,7,248,296,293,,,,météo défavorable
2009-08-28,14,10,27,10,14,13,3,87,9,1021,76.75,14,12,8,266,353,353,,,,météo défavorable
2009-08-29,15,8,16,8,14,14,0.2,98,6.5,1022,79,15,12,6,248,122,119,,,,météo défavorable
2009-08-30,19,14,18,14,17,17,5.5,99,5.625,1017,93,19,18,13,296,266,266,,,,météo défavorable
2009-08-31,16,15,20,16,15,15,34.9,98,7.625,1006,70.75,16,16,14,302,308,176,,,,météo très défavorable
2009-09-01,15,11,23,11,14,14,9.5,97,7.5,1006,63.625,15,13,9,266,302,353,,,,météo correcte
2009-09-02,13,10,23,10,13,12,20.7,98,6.375,1006,95,13,13,9,296,308,302,,,,météo très défavorable
2009-09-03,14,11,23,11,14,12,2.9,86,7.875,1005,74.75,14,11,8,122,176,353,,,,météo défavorable
2009-09-04,15,8,26,8,14,12,0.4,92,10,1019,53.5,15,9,5,116,116,119,,,,météo correcte
2009-09-05,14,11,16,11,14,13,1.6,96,7,1022,84.375,14,11,9,266,122,119,,,,météo défavorable
2009-09-06,16,10,25,10,13,16,35.1,98,5.25,1021,77.125,16,15,9,116,308,302,,,,météo très défavorable
2009-09-07,16,11,21,11,16,14,1.6,98,6.625,1016,84.375,16,15,10,248,119,122,,,,météo défavorable
2009-09-08,17,12,27,17,14,12,27.2,97,7.375,1022,80,17,17,10,302,302,293,,,,météo très défavorable
2009-09-09,17,6,10,6,16,15,0.1,98,5.25,1036,57.125,17,12,5,248,113,116,,,,météo correcte
2009-09-10,18,7,9,7,17,15,0,98,5.25,1039,48,18,14,5,248,113,113,,,,météo favorable
2009-09-11,18,6,9,6,18,15,0,98,5.75,1039,25.375,18,14,5,248,113,113,,,,météo favorable
2009-09-12,19,5,7,5,17,16,0,92,6.75,1035,18.75,19,14,3,113,113,113,,,,météo favorable
2009-09-13,19,6,8,6,17,16,0,95,6,1031,2,19,14,4,143,113,113,,,,météo favorable
2009-09-14,17,6,10,6,17,14,0,98,5.75,1031,27.5,17,13,5,248,113,113,,,,météo correcte
2009-09-15,16,5,15,5,15,14,0,98,6.25,1030,69,16,11,3,248,116,116,,,,météo très défavorable
2009-09-16,15,10,15,10,13,13,0.4,96,8,1028,63.875,15,11,8,119,266,116,,,,météo correcte
2009-09-17,15,5,9,5,15,12,0,99,5.25,1027,50.5,15,11,4,248,116,113,,,,météo correcte
2009-09-18,16,1,12,1,15,13,0,99,5.25,1021,58.125,16,11,0,248,116,113,,,,météo très défavorable
2009-09-19,15,8,15,8,14,12,1.7,98,5.375,1022,61.75,15,13,6,143,296,113,,,,météo correcte
2009-09-20,14,2,11,2,14,13,0,97,7,1025,38.5,14,10,1,143,119,119,,,,météo correcte
2009-09-21,18,11,23,11,15,15,1.4,94,8,1024,56.375,18,13,10,119,176,116,,,,météo correcte
2009-09-22,16,12,19,12,16,15,1.2,96,7,1025,72.25,16,12,11,266,119,116,,,,météo défavorable
2009-09-23,16,9,18,9,16,13,0.8,96,6.625,1027,47.625,16,12,8,143,353,176,,,,météo correcte
2009-09-24,15,5,13,5,14,13,0,98,5.25,1028,76.5,15,11,4,248,122,116,,,,météo très défavorable
2009-09-25,18,7,15,7,17,14,0,99,5,1028,66.125,18,13,6,248,116,113,,,,météo défavorable
2009-09-26,16,8,6,8,16,15,0,100,4.25,1029,84.375,16,13,8,248,122,122,,,,météo défavorable
2009-09-27,18,8,14,8,17,14,0,98,5,1030,74.5,18,14,7,248,116,116,,,,météo défavorable
2009-09-28,17,10,16,10,17,13,0,99,5,1030,78,17,13,9,248,116,116,,,,météo défavorable
2009-09-29,15,11,11,11,14,13,0.4,97,4.25,1027,86.5,15,12,10,248,266,119,,,,météo défavorable
2009-09-30,15,10,11,10,14,13,0.4,95,8,1025,80.875,15,11,10,143,122,119,,,,météo défavorable
2009-10-01,14,9,11,9,13,10,0.4,95,6,1025,43.25,14,12,8,143,119,113,,,,météo correcte
2009-10-02,14,6,16,6,13,13,0.8,99,3.25,1024,99.625,14,12,4,248,266,266,,,,météo défavorable
2009-10-03,13,10,26,10,13,12,2.4,93,6.875,1014,79.75,13,11,7,266,293,116,,,,météo défavorable
2009-10-04,12,8,10,8,12,11,0.5,93,9.375,1012,70.25,12,9,7,263,119,116,,,,météo défavorable
2009-10-05,15,7,13,7,14,11,0,95,8,1012,62.75,15,11,6,143,122,113,,,,météo correcte
2009-10-06,14,11,23,14,13,10,34,99,6.875,1008,84.125,14,14,8,302,308,299,,,,météo très défavorable
2009-10-07,12,2,9,2,10,8,0,95,5.75,1014,35.875,12,7,-1,143,116,113,,,,météo très défavorable
2009-10-08,12,4,7,4,12,8,0,98,6.25,1021,56.25,12,6,2,248,116,113,,,,météo très défavorable
2009-10-09,14,10,22,10,11,12,12.4,97,7.375,1018,71.75,14,13,8,266,389,353,,,,météo défavorable
2009-10-10,15,7,12,7,15,11,0.7,99,5.625,1018,86.625,15,11,6,248,122,122,,,,météo défavorable
2009-10-11,14,14,20,14,14,10,7,98,7,1025,73.25,14,13,13,302,293,113,,,,météo défavorable
2009-10-12,14,2,10,2,13,9,0,96,5.5,1030,29.375,14,9,1,143,113,113,,,,météo correcte
2009-10-13,16,10,7,10,16,13,0.1,97,4.75,1031,64.375,16,13,10,143,119,143,,,,météo correcte
2009-10-14,16,10,7,10,15,11,0,92,6.75,1031,42,16,13,10,113,116,143,,,,météo correcte
2009-10-15,14,11,2,11,14,13,0.6,97,5.375,1034,75.875,14,12,11,263,122,143,,,,météo défavorable
2009-10-16,14,8,11,8,13,11,0.1,98,4.75,1037,51.375,14,11,7,248,113,143,,,,météo correcte
2009-10-17,13,9,11,3,13,9,0,87,6,1035,20.625,13,9,8,113,113,143,,,,météo correcte
2009-10-18,13,12,14,10,13,12,2.2,90,8.875,1027,92.625,13,12,10,119,122,266,,,,météo défavorable
2009-10-19,12,11,25,10,12,12,9.3,94,7.25,1014,93,12,11,9,293,266,296,,,,météo défavorable
2009-10-20,14,12,18,12,14,9,20.8,92,8.25,988,47,14,11,11,389,176,176,,,,météo très défavorable
2009-10-21,13,12,25,10,13,11,10.7,93,9.625,986,88.125,13,11,9,353,356,353,,,,météo défavorable
2009-10-22,14,11,12,9,14,9,10.3,94,7.875,996,56.625,14,12,10,176,353,356,,,,météo correcte
2009-10-23,12,10,13,8,12,11,1.9,97,2.875,1003,93.125,12,12,9,248,116,296,,,,météo défavorable
2009-10-24,15,13,39,11,15,14,19.7,90,8.625,1004,83,15,13,10,308,353,176,,,,météo très défavorable
2009-10-25,13,12,26,10,13,12,0,83,10,1014,52.125,13,9,9,116,116,119,,,,météo correcte
2009-10-26,13,8,15,4,10,13,1.2,96,4.875,1016,68,13,13,6,143,266,266,,,,météo défavorable
2009-10-27,15,14,34,13,15,14,6.1,96,6.5,1013,86.5,15,14,12,296,266,293,,,,météo défavorable
2009-10-28,16,14,19,12,16,15,0,97,10,1015,54,16,14,13,119,116,116,,,,météo correcte
2009-10-29,15,14,27,14,15,15,5.6,97,4.25,1014,100,15,14,13,296,389,296,,,,météo défavorable
2009-10-30,16,14,39,13,15,15,28.9,97,7.125,1013,81.875,16,15,12,296,308,299,,,,météo très défavorable
2009-10-31,15,13,22,11,14,14,1.7,95,9.625,1017,36.5,15,13,11,116,176,176,,,,météo correcte
2009-11-01,12,9,30,12,10,7,37.6,96,7.625,1011,82.375,12,12,5,308,302,353,,,,météo très défavorable
2009-11-02,11,6,18,5,7,9,2.9,96,6.75,1003,74.125,11,10,3,113,296,296,,,,météo défavorable
2009-11-03,11,8,27,10,9,7,11.8,92,9.125,991,83.25,11,10,4,356,353,353,,,,météo défavorable
2009-11-04,10,8,29,6,10,9,0.6,89,7.875,991,86.125,10,6,4,122,266,122,,,,météo défavorable
2009-11-05,9,8,28,7,9,7,5.4,89,8.75,993,78.75,9,7,5,119,119,122,,,,météo défavorable
2009-11-06,9,8,25,6,9,7,3.9,91,8.375,999,70.125,9,7,4,116,113,122,,,,météo défavorable
2009-11-07,8,6,28,4,8,7,6.1,95,9.125,997,73.875,8,7,2,200,389,353,,,,météo très défavorable
2009-11-08,11,7,18,6,10,6,0,90,7.75,1018,40.75,11,8,3,116,113,143,,,,météo défavorable
2009-11-09,9,5,24,3,7,8,14.5,94,5.25,1019,77.125,9,9,2,143,293,302,,,,météo très défavorable
2009-11-10,9,4,14,4,9,5,8.8,97,5,1013,45.375,9,8,2,143,116,143,,,,météo très défavorable
2009-11-11,10,5,23,3,8,10,10.7,97,5.5,1010,83.25,10,9,2,248,122,389,,,,météo très défavorable
2009-11-12,10,8,31,6,10,9,14.3,97,9.125,993,41.875,10,9,4,116,302,113,,,,météo défavorable
2009-11-13,9,4,17,4,7,6,8.8,90,9.25,994,48.25,9,8,2,113,116,296,,,,météo très défavorable
2009-11-14,9,6,35,7,9,5,8.9,95,8.5,996,65.75,9,8,1,266,113,116,,,,météo défavorable
2009-11-15,11,7,22,7,11,9,4.6,93,9.625,997,46.625,11,8,5,116,116,116,,,,météo défavorable
2009-11-16,10,8,30,7,10,9,36,92,8.375,998,72.375,10,8,5,308,119,116,,,,météo très défavorable
2009-11-17,9,8,27,6,9,8,2.2,88,8.875,1002,54.375,9,7,5,116,353,296,,,,météo défavorable
2009-11-18,13,11,34,8,12,11,19.6,94,7.5,1001,100,13,11,7,302,296,266,,,,météo très défavorable
2009-11-19,14,14,57,13,14,14,56,94,6.75,998,100,14,13,10,302,308,308,,,,météo très défavorable
2009-11-20,12,7,22,9,9,7,4.7,93,8.875,1013,36.625,12,11,4,263,113,116,,,,météo défavorable
2009-11-21,13,11,48,9,13,12,27.7,95,8.625,1010,67.25,13,11,7,296,308,116,,,,météo très défavorable
2009-11-22,9,8,41,6,9,8,5.3,89,6.125,996,86,9,7,3,176,389,296,,,,météo défavorable
2009-11-23,10,9,30,7,10,9,5.4,94,7,1003,83.875,10,9,5,266,356,266,,,,météo défavorable
2009-11-24,12,10,41,12,12,8,14.7,94,6.625,1002,93.125,12,11,7,302,296,299,,,,météo défavorable
2009-11-25,9,7,36,5,9,8,2,79,9.5,995,59,9,6,2,116,200,353,,,,météo défavorable
2009-11-26,7,6,27,5,7,6,0.3,83,9.625,996,80.875,7,5,2,200,200,119,,,,météo très défavorable
2009-11-27,6,3,16,4,6,4,2.1,96,8.125,998,51.625,6,5,0,116,263,176,,,,météo très défavorable
2009-11-28,4,0,9,1,4,2,1,97,8,993,55.5,4,2,-3,182,113,122,,,,météo très défavorable
2009-11-29,4,3,39,2,4,3,13,97,7.5,1000,94.625,4,3,-3,302,302,317,,,,météo très défavorable
2009-11-30,3,-1,16,0,3,-2,0,96,8,1014,18.125,3,1,-6,113,113,143,,,,météo très défavorable
2009-12-01,8,4,43,4,5,7,18.5,98,8.625,1013,69,8,8,-2,119,302,299,,,,météo très défavorable
2009-12-02,9,7,16,5,9,8,0.8,97,7,995,85.25,9,8,4,266,266,119,,,,météo défavorable
2009-12-03,6,4,19,2,6,5,0.7,91,8.875,1007,46,6,4,0,113,182,119,,,,météo très défavorable
2009-12-04,11,6,26,4,9,11,7.2,98,7.5,1008,85.75,11,10,3,296,296,296,,,,météo défavorable
2009-12-05,11,5,38,5,7,11,14.2,95,9,993,76.375,11,10,2,116,296,302,,,,météo très défavorable
2009-12-06,8,7,32,5,8,7,2.5,84,9.75,993,60.125,8,5,3,200,122,353,,,,météo très défavorable
2009-12-07,7,6,22,5,7,6,8.2,93,7.5,1000,62.875,7,6,2,302,353,266,,,,météo très défavorable
2009-12-08,11,9,35,5,11,9,10.3,96,8.25,1004,41.5,11,11,5,263,302,176,,,,météo défavorable
2009-12-09,10,8,17,6,9,9,7.2,97,8.25,1017,59.75,10,9,6,116,293,389,,,,météo défavorable
2009-12-10,9,4,14,3,8,6,0.2,94,7,1028,26.875,9,7,1,143,113,116,,,,météo très défavorable
2009-12-11,9,8,26,6,9,8,3.4,90,9.625,1029,70.5,9,7,4,293,119,116,,,,météo défavorable
2009-12-12,7,3,21,4,6,4,0,96,9,1033,18.25,7,5,0,113,113,113,,,,météo très défavorable
2009-12-13,5,0,9,0,5,2,0,96,4.25,1034,52.375,5,4,-3,260,113,248,,,,météo très défavorable
2009-12-14,4,-2,17,-2,3,3,0.1,91,10,1030,53.375,4,3,-6,116,119,119,,,,météo très défavorable
2009-12-15,6,5,21,4,6,6,1.5,95,6.375,1022,78.25,6,5,2,263,119,266,,,,météo très défavorable
2009-12-16,5,4,15,2,5,4,0.7,97,8,1021,63.625,5,5,0,116,116,266,,,,météo très défavorable
2009-12-17,5,4,24,4,4,3,0.3,91,9,1022,63,5,5,-1,119,119,116,,,,météo très défavorable
2009-12-18,2,-1,25,-3,1,0,0,87,10,1025,21.375,2,0,-6,113,116,113,,,,météo très défavorable
2009-12-19,4,1,17,1,4,3,2.1,95,7.75,1023,61,4,3,-2,317,113,266,,,,météo très défavorable
2009-12-20,3,-3,23,-3,2,0,1.8,94,9.625,1007,29.25,3,0,-7,116,116,113,,,,météo très défavorable
2009-12-21,2,-2,11,-2,2,-3,0,96,9,995,13.25,2,0,-6,116,113,113,,,,météo très défavorable
2009-12-22,2,-3,10,-4,2,-2,0,94,8,988,21.25,2,0,-7,143,113,116,,,,météo très défavorable
2009-12-23,1,-3,19,-5,1,0,4.1,89,8.75,987,65.375,1,0,-6,116,116,395,,,,météo très défavorable
2009-12-24,1,-2,15,-1,0,-3,5.6,90,8.75,992,79.25,1,0,-6,332,122,122,,,,météo très défavorable
2009-12-25,5,-2,23,-5,3,3,5.4,99,9.25,996,41.375,5,5,-6,113,389,293,,,,météo très défavorable
2009-12-26,5,3,22,1,5,4,0.5,94,8.5,994,51.5,5,4,0,116,200,263,,,,météo très défavorable
2009-12-27,4,2,23,3,4,-2,0.3,88,9.375,1006,29.75,4,3,-3,116,113,113,,,,météo très défavorable
2009-12-28,4,-1,22,-2,4,3,0,95,9,1005,66.375,4,2,-5,119,116,122,,,,météo très défavorable
2009-12-29,3,2,39,1,3,3,29,100,5.25,997,100,3,3,-5,320,320,338,,,,météo très défavorable
2009-12-30,3,2,42,1,3,3,24.1,98,6.5,993,100,3,3,-4,317,296,308,,,,météo très défavorable
2009-12-31,2,2,34,2,2,0,12.9,90,7.375,1007,76.25,2,1,-5,227,323,116,,,,météo très défavorable
2010-01-01,1,-2,12,-2,0,-4,0.1,96,9,1015,58.5,1,0,-6,122,113,113,,,,météo très défavorable
2010-01-02,4,-3,14,-4,2,-1,0,92,10,1020,23.5,4,1,-7,113,113,116,,,,météo très défavorable
2010-01-03,3,1,27,1,3,0,0.4,88,10,1024,53.25,3,0,-4,119,119,113,,,,météo très défavorable
2010-01-04,1,-5,10,-4,0,-3,0.3,94,9,1025,27.375,1,0,-9,113,113,122,,,,météo très défavorable
2010-01-05,2,0,23,-3,1,0,0.5,79,9.875,1014,48.375,2,0,-6,326,113,113,,,,météo très défavorable
2010-01-06,1,-1,35,-3,0,0,0,69,10,1017,35.5,1,0,-8,116,113,119,,,,météo très défavorable
2010-01-07,1,-5,8,-6,0,-4,0,92,10,1018,39,1,0,-9,116,119,113,,,,météo très défavorable
2010-01-08,1,-5,12,-5,0,-4,0,98,6.75,1031,15,1,0,-9,143,116,113,,,,météo très défavorable
2010-01-09,0,-8,16,-8,-3,-3,0.4,93,9,1032,45.25,0,0,-14,113,122,326,,,,météo très défavorable
2010-01-10,1,-1,21,-2,1,1,8.3,98,6.875,1029,97.875,1,1,-7,326,332,332,,,,météo très défavorable
2010-01-11,2,1,13,0,2,2,4.3,100,9.25,1018,89.5,2,2,-3,326,317,119,,,,météo très défavorable
2010-01-12,3,3,58,2,3,3,24.5,99,6.875,1010,99.5,3,3,-5,317,320,308,,,,météo très défavorable
2010-01-13,4,1,10,2,4,2,8.8,100,5.875,998,82,4,4,0,302,353,143,,,,météo très défavorable
2010-01-14,6,-2,15,-2,4,3,0,96,5.5,1004,28.125,6,4,-4,260,113,113,,,,météo très défavorable
2010-01-15,10,9,44,9,9,9,18.5,95,5.375,1003,92,10,10,6,302,266,302,,,,météo très défavorable
2010-01-16,10,6,18,8,8,4,28.4,93,8.625,1004,64.75,10,9,3,299,122,176,,,,météo très défavorable
2010-01-17,9,2,20,2,8,6,0,94,10,1018,41.625,9,7,-2,116,122,113,,,,météo très défavorable
2010-01-18,9,4,11,4,8,5,0,97,6.5,1022,46.75,9,7,1,116,116,143,,,,météo très défavorable
2010-01-19,7,6,46,4,7,6,5.6,92,8.5,1020,93.125,7,5,1,122,266,296,,,,météo très défavorable
2010-01-20,8,2,7,4,6,2,8.3,92,9.375,1013,28.125,8,7,0,176,113,116,,,,météo très défavorable
2010-01-21,11,8,45,7,9,11,13.2,95,7.875,1012,85.5,11,10,4,122,296,389,,,,météo défavorable
2010-01-22,8,2,9,2,7,3,1.6,94,5.875,1022,17,8,6,-1,143,113,116,,,,météo très défavorable
2010-01-23,7,0,9,0,5,0,0,94,5,1024,5.25,7,3,-3,143,113,113,,,,météo très défavorable
2010-01-24,6,-1,11,-2,5,2,0.3,94,7,1027,53.25,6,4,-4,113,119,266,,,,météo très défavorable
2010-01-25,6,-2,8,-2,4,0,0.2,97,5.125,1036,27.5,6,3,-5,260,113,116,,,,météo très défavorable
2010-01-26,5,-2,5,-3,4,0,0,95,6,1042,34.5,5,2,-4,143,116,116,,,,météo très défavorable
2010-01-27,8,1,25,0,6,8,1,98,8,1042,66.5,8,8,-2,113,119,266,,,,météo très défavorable
2010-01-28,7,3,22,2,6,4,0.8,97,9,1027,74.5,7,7,-1,119,119,119,,,,météo très défavorable
2010-01-29,8,5,31,5,5,3,3.6,90,7.125,1005,82,8,7,0,296,266,263,,,,météo très défavorable
2010-01-30,5,-2,18,-2,3,-1,0.2,94,9,1007,29.375,5,0,-6,143,113,116,,,,météo très défavorable
2010-01-31,5,-2,26,-2,4,1,0,94,8,1014,34.25,5,0,-6,143,119,113,,,,météo très défavorable
2010-02-01,6,-1,17,-1,5,4,0.3,92,7,1017,73.5,6,3,-5,143,119,122,,,,météo très défavorable
2010-02-02,8,7,26,7,8,5,6.3,95,7.5,1013,88.125,8,7,4,296,296,266,,,,météo très défavorable
2010-02-03,9,6,20,5,9,4,7.8,98,7.25,1008,63,9,8,4,296,296,113,,,,météo défavorable
2010-02-04,9,8,43,4,8,8,16.3,97,8.5,1003,76.375,9,8,4,119,302,302,,,,météo très défavorable
2010-02-05,8,4,35,3,8,6,6.5,93,8.25,996,44.625,8,5,0,113,113,389,,,,météo très défavorable
2010-02-06,9,1,9,1,6,2,1.8,96,6.625,1022,35.75,9,5,-2,248,113,113,,,,météo très défavorable
2010-02-07,6,4,23,2,6,6,0.6,98,7,1022,74.875,6,5,-1,119,122,266,,,,météo très défavorable
2010-02-08,4,3,19,3,4,2,1.2,88,8.875,1017,70.625,4,3,-1,326,119,323,,,,météo très défavorable
2010-02-09,5,2,23,1,5,2,0.8,91,8.875,1020,58.125,5,1,-2,326,317,113,,,,météo très défavorable
2010-02-10,5,0,12,0,4,2,0,81,10,1025,23.875,5,0,-4,113,113,116,,,,météo très défavorable
2010-02-11,5,-3,11,-4,4,0,0,88,9,1028,5.625,5,0,-7,143,113,113,,,,météo très défavorable
2010-02-12,6,0,17,-3,6,3,0,91,9,1029,40,6,2,-5,116,116,119,,,,météo très défavorable
2010-02-13,5,0,15,-1,5,3,0.1,95,10,1029,51.75,5,1,-4,116,119,116,,,,météo très défavorable
2010-02-14,5,-1,13,-1,5,2,0.2,91,8.75,1025,47.75,5,1,-4,113,122,116,,,,météo très défavorable
2010-02-15,7,3,23,1,7,5,1.4,94,3.25,1016,86.75,7,5,-1,248,266,266,,,,météo très défavorable
2010-02-16,6,1,15,1,5,1,1,93,9.875,997,31.625,6,2,-3,323,116,113,,,,météo très défavorable
2010-02-17,7,0,16,-1,6,1,0,94,10,991,33.5,7,1,-4,113,116,116,,,,météo très défavorable
2010-02-18,5,-2,19,-2,4,2,0,91,10,995,59.625,5,0,-6,116,113,119,,,,météo très défavorable
2010-02-19,5,-2,18,-3,5,2,0,89,8,998,56.25,5,0,-5,143,119,119,,,,météo très défavorable
2010-02-20,5,0,15,-5,5,1,0.6,88,6.875,998,37.375,5,0,-2,143,119,368,,,,météo très défavorable
2010-02-21,6,-1,8,-5,5,-1,0.1,90,6.75,993,19.875,6,0,-4,260,113,113,,,,météo très défavorable
2010-02-22,6,-2,16,-4,5,0,0,89,9,990,27.75,6,0,-6,113,113,113,,,,météo très défavorable
2010-02-23,2,0,29,0,2,2,5,91,8.25,990,94.625,2,2,-5,119,326,332,,,,météo très défavorable
2010-02-24,7,3,11,1,7,4,5.5,99,8.25,989,82.75,7,6,1,293,353,353,,,,météo très défavorable
2010-02-25,4,0,11,0,4,-1,5.1,94,6.875,990,69.375,4,2,-3,329,116,143,,,,météo très défavorable
2010-02-26,7,4,36,3,6,3,1.9,83,8.75,992,76.25,7,2,-2,317,353,176,,,,météo très défavorable
2010-02-27,8,2,5,-3,7,0,0.3,83,8,992,32.125,8,2,1,116,113,353,,,,météo très défavorable
2010-02-28,8,3,30,-1,8,3,0.2,87,6.75,1003,37,8,2,-1,260,119,113,,,,météo très défavorable
2010-03-01,8,2,5,-4,8,4,0,83,9,1015,55.625,8,2,2,143,122,116,,,,météo très défavorable
2010-03-02,8,3,23,-1,8,4,0,88,10,1021,47.875,8,2,0,113,116,119,,,,météo très défavorable
2010-03-03,5,3,21,2,4,4,9.4,99,7.25,1019,92.75,5,4,-1,263,296,302,,,,météo très défavorable
2010-03-04,8,0,13,-2,6,1,0.3,93,9.875,1031,22,8,2,-4,113,113,113,,,,météo très défavorable
2010-03-05,9,1,8,-5,7,2,0,55,10,1034,8,9,0,-1,113,113,113,,,,météo très défavorable
2010-03-06,9,2,13,-3,9,6,0,87,9,1032,39.375,9,3,-1,143,116,119,,,,météo très défavorable
2010-03-07,6,3,23,1,6,1,0,68,9,1032,13.375,6,1,-2,113,113,113,,,,météo très défavorable
2010-03-08,6,1,22,-4,6,2,0,65,10,1032,0.375,6,0,-3,113,113,113,,,,météo très défavorable
2010-03-09,8,3,11,-3,8,2,0,65,10,1033,1.625,8,0,1,113,113,113,,,,météo très défavorable
2010-03-10,9,-4,12,-4,8,3,0,91,10,1033,9.375,9,2,-8,113,113,113,,,,météo très défavorable
2010-03-11,8,-3,15,-3,7,4,0,95,7,1031,11.5,8,1,-7,143,113,113,,,,météo très défavorable
2010-03-12,8,5,20,5,7,7,0.6,96,6.75,1031,78.75,8,4,2,266,122,116,,,,météo très défavorable
2010-03-13,9,-2,14,-2,9,7,0,97,5.75,1035,54.375,9,5,-5,143,119,119,,,,météo très défavorable
2010-03-14,8,-1,16,-1,8,7,0,97,6.75,1035,44.25,8,3,-4,143,119,113,,,,météo très défavorable
2010-03-15,10,-3,11,-3,9,7,0,93,10,1032,17.75,10,4,-5,113,113,113,,,,météo très défavorable
2010-03-16,8,3,33,3,7,8,1.2,95,5,1026,81,8,7,-1,122,266,122,,,,météo très défavorable
2010-03-17,13,7,28,7,13,10,0.8,97,9,1016,71.375,13,9,4,116,119,122,,,,météo défavorable
2010-03-18,11,8,36,8,11,10,13.2,96,7.125,1011,82.5,11,10,4,296,302,293,,,,météo défavorable
2010-03-19,11,4,13,4,11,7,5.2,97,9.5,1010,62.75,11,6,1,116,116,296,,,,météo très défavorable
2010-03-20,11,5,23,5,9,8,8.2,96,8.5,1011,62.5,11,5,1,296,119,113,,,,météo très défavorable
2010-03-21,13,5,19,5,13,9,0.9,94,6.875,1013,47.25,13,8,1,266,176,116,,,,météo correcte
2010-03-22,10,8,31,8,10,7,8.8,95,9.375,1016,49.875,10,8,5,299,353,113,,,,météo défavorable
2010-03-23,9,6,25,6,9,6,4.6,89,8.625,1015,76.875,9,6,2,119,266,296,,,,météo défavorable
2010-03-24,11,8,16,9,11,8,18.3,97,7.875,1000,69.75,11,8,6,302,113,116,,,,météo très défavorable
2010-03-25,11,9,27,9,11,8,15.5,96,7.875,996,88.5,11,8,6,302,119,266,,,,météo défavorable
2010-03-26,12,5,17,5,12,10,4.5,97,8.25,997,40.875,12,8,2,116,176,176,,,,météo très défavorable
2010-03-27,11,2,18,2,10,9,0.5,99,5.375,1010,61.875,11,5,-1,248,353,113,,,,météo très défavorable
2010-03-28,11,2,7,2,10,7,0.9,99,6.375,1010,81,11,5,-1,248,119,122,,,,météo très défavorable
2010-03-29,10,6,21,6,8,10,38.7,100,6.625,1001,100,10,9,2,308,308,389,,,,météo très défavorable
2010-03-30,6,3,47,3,6,3,15.1,96,5.625,988,91.25,6,3,-5,338,119,227,,,,météo très défavorable
2010-03-31,6,1,34,1,6,4,9.7,85,8.75,1007,68.75,6,1,-5,326,362,362,,,,météo très défavorable
2010-04-01,8,1,18,1,7,6,4.2,91,8.5,1008,56.625,8,5,-3,317,296,176,,,,météo très défavorable
2010-04-02,7,4,18,5,7,7,9.7,100,9.25,997,61,7,6,1,302,299,353,,,,météo très défavorable
2010-04-03,9,-1,25,-1,9,6,0.7,97,6.75,1008,43.125,9,4,-4,260,116,353,,,,météo très défavorable
2010-04-04,8,-2,24,-2,7,7,4.9,97,5.375,1015,67.25,8,4,-6,143,122,266,,,,météo très défavorable
2010-04-05,10,9,41,9,9,9,13.2,96,5.25,1009,100,10,9,5,296,266,296,,,,météo défavorable
2010-04-06,11,7,25,8,11,9,40.5,98,7.875,1013,85.125,11,9,5,308,302,353,,,,météo très défavorable
2010-04-07,10,1,17,1,9,10,0.2,96,6.625,1028,57.625,10,6,-2,143,116,116,,,,météo très défavorable
2010-04-08,13,1,9,1,12,11,0,98,6.25,1032,69.875,13,8,-1,248,116,116,,,,météo très défavorable
2010-04-09,12,4,22,4,12,9,0,91,10,1032,24.25,12,6,1,113,116,113,,,,météo très défavorable
2010-04-10,15,4,18,4,14,12,0,94,9,1032,21.375,15,8,1,143,116,113,,,,météo correcte
2010-04-11,17,2,8,2,17,15,0,87,10,1032,16.25,17,12,0,116,113,113,,,,météo correcte
2010-04-12,15,2,13,2,13,13,0,93,10,1030,14,15,9,0,113,113,113,,,,météo correcte
2010-04-13,14,4,14,4,14,12,0,99,6.5,1028,34.25,14,9,2,248,113,113,,,,météo correcte
2010-04-14,11,2,16,2,10,10,0,98,6.75,1026,34.625,11,6,-1,248,116,113,,,,météo très défavorable
2010-04-15,14,1,17,1,13,11,0,98,6.75,1027,21.125,14,8,-3,248,113,113,,,,météo très défavorable
2010-04-16,13,2,13,2,12,11,0,99,6.5,1030,32.25,13,7,-1,248,113,113,,,,météo correcte
2010-04-17,15,-1,8,-1,14,13,0,91,9,1026,9.875,15,9,-2,113,113,113,,,,météo très défavorable
2010-04-18,12,2,10,2,12,11,0,98,6.5,1018,70.125,12,7,-1,248,116,119,,,,météo très défavorable
2010-04-19,10,5,6,5,10,8,2,91,8.875,1020,72.25,10,7,3,119,122,293,,,,météo très défavorable
2010-04-20,10,-1,9,-1,9,9,0,94,8,1024,45.375,10,5,-4,113,119,119,,,,météo très défavorable
2010-04-21,10,3,11,3,10,9,0,81,10,1024,62.375,10,3,0,113,119,122,,,,météo très défavorable
2010-04-22,12,1,12,1,12,10,0,84,9,1021,34.25,12,6,-1,113,113,116,,,,météo très défavorable
2010-04-23,14,2,19,2,13,11,0,93,8,1016,24.25,14,6,-1,116,116,113,,,,météo correcte
2010-04-24,14,5,26,5,14,10,2.5,98,6.25,1013,77.375,14,10,2,248,116,296,,,,météo très défavorable
2010-04-25,14,7,17,7,14,13,10.9,99,8.125,1020,71.375,14,13,6,353,356,356,,,,météo défavorable
2010-04-26,16,7,17,7,16,15,1.6,98,6.125,1025,68.375,16,12,5,248,176,353,,,,météo défavorable
2010-04-27,15,9,31,9,15,10,3.1,95,9.125,1025,76.5,15,10,7,119,116,296,,,,météo défavorable
2010-04-28,15,11,24,11,14,14,4.8,94,5.625,1018,96.375,15,13,8,122,266,266,,,,météo défavorable
2010-04-29,11,7,13,7,11,10,1.4,98,6.75,1013,75.5,11,10,5,248,119,353,,,,météo défavorable
2010-04-30,11,7,19,7,11,11,5.5,98,8.5,1008,74.375,11,10,4,248,353,353,,,,météo défavorable
2010-05-01,11,5,14,5,11,10,4.5,98,8.25,1017,73.125,11,8,3,116,119,119,,,,météo très défavorable
2010-05-02,10,5,19,5,10,8,4.5,98,8.875,1023,72.5,10,8,2,122,353,353,,,,météo très défavorable
2010-05-03,11,2,17,2,9,10,0,98,10,1031,66.25,11,6,-2,116,119,119,,,,météo très défavorable
2010-05-04,12,1,15,1,12,11,0,94,9,1033,59.5,12,7,-2,116,122,119,,,,météo très défavorable
2010-05-05,11,6,12,6,11,11,11.8,99,5.75,1030,89.25,11,11,3,296,296,302,,,,météo défavorable
2010-05-06,13,10,19,10,13,12,6,98,7.25,1019,88.75,13,11,8,302,266,353,,,,météo défavorable
2010-05-07,11,7,25,7,9,10,2,95,8.25,1017,53.875,11,8,4,116,263,176,,,,météo défavorable
2010-05-08,13,4,24,4,12,11,0,85,10,1018,31.75,13,4,1,113,116,113,,,,météo correcte
2010-05-09,13,3,15,3,13,11,0.1,94,8,1018,44.375,13,7,0,143,116,122,,,,météo correcte
2010-05-10,9,4,19,4,9,9,1.2,88,8.875,1017,61.75,9,6,0,113,119,122,,,,météo très défavorable
2010-05-11,11,2,16,2,11,9,2,93,9.875,1018,60.125,11,6,-2,119,119,353,,,,météo très défavorable
2010-05-12,9,3,15,3,9,8,4.7,97,8.125,1018,57.25,9,6,0,263,353,353,,,,météo très défavorable
2010-05-13,11,4,17,4,11,9,2.2,96,5.25,1016,66.75,11,8,3,116,266,266,,,,météo très défavorable
2010-05-14,12,5,21,5,12,11,2.3,98,7.25,1016,66.375,12,8,2,248,353,176,,,,météo très défavorable
2010-05-15,14,4,18,4,12,13,0.4,97,5.5,1019,67.625,14,7,2,143,116,116,,,,météo très défavorable
2010-05-16,14,7,19,7,14,11,1.2,96,8.25,1022,52.75,14,8,6,176,116,119,,,,météo correcte
2010-05-17,15,5,11,5,15,12,0.6,91,9.875,1026,45.625,15,10,4,116,116,353,,,,météo correcte
2010-05-18,11,7,21,7,11,10,10.8,98,7.5,1026,94.5,11,11,4,266,302,296,,,,météo défavorable
2010-05-19,18,12,13,12,18,17,3.6,99,2.875,1029,95,18,15,12,266,266,266,,,,météo défavorable
2010-05-20,21,13,8,13,21,19,14.5,99,5.125,1032,77.375,21,19,13,248,353,356,,,,météo défavorable
2010-05-21,20,12,14,12,19,18,3.3,99,6.125,1032,57.5,20,16,12,248,119,113,,,,météo correcte
2010-05-22,22,12,16,12,22,19,0,88,9,1030,2.875,25,17,11,113,113,113,,,,météo favorable
2010-05-23,22,13,9,13,22,21,0.1,91,8,1026,0.75,25,17,14,113,113,113,,,,météo favorable
2010-05-24,19,10,12,10,18,17,0,89,7.75,1022,24,20,13,9,113,113,113,,,,météo favorable
2010-05-25,17,8,14,8,16,15,0.4,86,8.875,1019,23.375,18,11,7,113,113,113,,,,météo correcte
2010-05-26,15,5,17,5,14,12,0,83,9,1014,33.625,15,7,2,116,113,119,,,,météo correcte
2010-05-27,12,5,17,5,10,11,2.5,87,8.875,1014,39.75,12,8,3,113,353,176,,,,météo très défavorable
2010-05-28,13,5,13,5,13,12,0.6,92,7.25,1015,46.125,13,9,4,113,122,176,,,,météo correcte
2010-05-29,16,11,21,11,15,13,15.9,99,6.875,1010,95.875,16,14,10,302,266,353,,,,météo défavorable
2010-05-30,14,8,12,8,14,9,2.6,97,5.375,1018,80,14,10,6,143,119,296,,,,météo défavorable
2010-05-31,15,9,22,9,15,11,6.4,98,7.5,1020,71.625,15,11,7,116,116,296,,,,météo défavorable
2010-06-01,18,11,18,11,18,16,12.4,95,8.125,1019,51.875,18,12,9,176,116,116,,,,météo correcte
2010-06-02,19,9,14,9,18,17,0,91,6.75,1022,20.875,19,13,9,113,113,113,,,,météo favorable
2010-06-03,18,10,25,10,17,16,0,88,8,1022,51.875,18,11,9,122,116,116,,,,météo favorable
2010-06-04,19,12,16,12,18,18,1.8,90,9.125,1019,53.875,19,14,11,263,176,116,,,,météo favorable
2010-06-05,19,11,9,11,19,16,2.2,94,7.625,1019,44.375,19,15,11,143,116,353,,,,météo favorable
2010-06-06,18,11,15,11,18,16,7.7,97,9.375,1017,43.5,18,13,9,299,113,176,,,,météo favorable
2010-06-07,13,10,19,10,13,12,19.1,98,6.375,1013,83.375,13,12,8,293,302,389,,,,météo très défavorable
2010-06-08,15,12,15,12,15,14,15.6,99,7.125,1002,100,15,15,13,302,296,356,,,,météo défavorable
2010-06-09,15,11,17,11,15,14,6.8,98,6.875,1010,99.875,15,14,9,296,266,353,,,,météo défavorable
2010-06-10,16,10,19,10,14,16,0.8,93,8,1014,87.75,16,13,8,266,122,119,,,,météo défavorable
2010-06-11,16,8,18,8,16,16,0.1,91,7.75,1017,74.5,16,13,6,122,119,122,,,,météo défavorable
2010-06-12,18,7,15,7,16,18,0,97,6.25,1021,70.5,18,13,5,248,113,119,,,,météo défavorable
2010-06-13,14,11,24,11,13,13,3.2,94,8.375,1020,69.375,14,11,10,263,353,353,,,,météo défavorable
2010-06-14,15,9,17,9,15,15,0.7,91,9,1027,69,15,12,7,116,122,353,,,,météo défavorable
2010-06-15,19,11,9,11,19,18,0.1,92,7,1031,45,19,14,10,113,113,116,,,,météo favorable
2010-06-16,22,12,8,12,22,18,0.6,94,5.5,1030,65.25,25,16,12,143,119,353,,,,météo défavorable
2010-06-17,20,12,8,12,20,18,1.9,99,6.25,1026,91.375,20,17,11,248,122,353,,,,météo défavorable
2010-06-18,17,14,15,14,17,16,1.8,98,5.875,1025,81.875,17,14,13,248,263,119,,,,météo défavorable
2010-06-19,18,7,17,7,15,17,0,81,10,1023,31.5,18,13,4,113,119,116,,,,météo correcte
2010-06-20,21,6,8,6,18,20,0,90,8.75,1024,21.375,21,14,5,113,113,113,,,,météo favorable
2010-06-21,20,12,15,12,20,19,0,91,7.75,1024,22.375,20,14,12,113,113,113,,,,météo favorable
2010-06-22,19,11,17,11,19,18,0,95,6.75,1023,37.375,19,13,10,143,113,116,,,,météo favorable
2010-06-23,20,14,17,14,20,18,0.5,92,7,1021,80.25,20,15,13,119,119,122,,,,météo défavorable
2010-06-24,19,11,9,11,18,18,0.3,96,7.125,1021,67.25,19,15,10,143,116,122,,,,météo défavorable
2010-06-25,20,13,16,13,20,17,0.3,95,7.75,1020,50.875,20,14,13,143,116,113,,,,météo favorable
2010-06-26,20,14,24,14,20,18,1.2,95,7.875,1015,44,20,14,14,176,116,113,,,,météo favorable
2010-06-27,19,14,22,14,17,17,3.2,89,9.5,1018,44.375,19,13,13,116,176,176,,,,météo favorable
2010-06-28,18,13,21,13,17,17,6,97,7.625,1019,86,18,17,12,116,266,353,,,,météo défavorable
2010-06-29,21,12,8,12,21,19,2.6,98,7.125,1021,46.625,21,15,11,248,113,116,,,,météo favorable
2010-06-30,19,13,21,13,19,14,7.4,97,6.125,1020,69.75,19,14,12,143,119,302,,,,météo défavorable
2010-07-01,19,13,16,13,19,16,5.8,93,7.75,1014,57.875,19,13,12,116,113,116,,,,météo correcte
2010-07-02,17,13,23,13,17,15,2.3,86,9.875,1013,51.625,17,13,11,119,353,353,,,,météo correcte
2010-07-03,18,11,16,11,17,16,0.4,91,8.875,1019,56.375,18,12,10,116,116,119,,,,météo correcte
2010-07-04,19,15,30,15,19,15,9.3,97,8.25,1020,75,19,16,15,302,293,116,,,,météo défavorable
2010-07-05,17,11,19,11,15,16,0.9,87,9.75,1027,48.25,17,11,10,116,176,176,,,,météo correcte
2010-07-06,17,9,28,9,14,17,1.5,94,3.75,1027,81,17,16,8,122,266,266,,,,météo défavorable
2010-07-07,19,13,22,13,19,15,1.1,94,8.875,1016,77.25,19,16,12,122,113,119,,,,météo défavorable
2010-07-08,14,10,15,10,14,13,9.2,97,6.25,1016,91.875,14,14,9,266,296,296,,,,météo défavorable
2010-07-09,17,14,12,14,17,16,30.1,99,5.25,1014,99.25,17,17,13,266,266,308,,,,météo très défavorable
2010-07-10,19,15,22,15,19,18,44,99,7.75,1012,98.75,19,18,15,353,356,308,,,,météo très défavorable
2010-07-11,17,9,13,9,17,13,4.5,94,10,1015,55.75,17,12,7,113,353,353,,,,météo correcte
2010-07-12,19,10,8,10,19,17,2.3,98,6.75,1015,74.5,19,14,9,248,119,353,,,,météo défavorable
2010-07-13,17,11,18,11,17,14,3.3,98,5.625,1011,74.125,17,14,10,143,353,296,,,,météo défavorable
2010-07-14,17,14,20,14,17,16,16.6,97,8,997,85.125,17,16,13,293,353,356,,,,météo très défavorable
2010-07-15,16,12,21,13,16,12,9,97,5.75,997,82.25,16,13,11,266,263,353,,,,météo défavorable
2010-07-16,15,12,18,12,13,14,19,97,8.625,1012,65.125,15,12,10,302,353,176,,,,météo très défavorable
2010-07-17,17,10,19,10,16,16,1.1,91,9.75,1020,64.625,17,12,8,119,116,116,,,,météo correcte
2010-07-18,17,15,17,15,17,16,42.4,98,7.25,1018,96.5,17,17,15,302,302,308,,,,météo très défavorable
2010-07-19,20,16,20,16,17,19,10.9,98,8.75,1018,66.5,20,17,16,296,302,176,,,,météo défavorable
2010-07-20,17,11,10,11,16,16,6,98,5.75,1012,66.75,17,15,11,248,176,356,,,,météo défavorable
2010-07-21,16,10,20,10,15,13,13.3,99,6.875,1007,90.5,16,15,10,353,353,356,,,,météo défavorable
2010-07-22,17,11,20,11,15,16,6.3,98,6.875,1019,79.25,17,13,9,296,266,176,,,,météo défavorable
2010-07-23,17,9,11,9,17,15,1,96,6.5,1023,55.75,17,13,8,143,119,263,,,,météo correcte
2010-07-24,19,14,13,14,17,18,6.5,98,8.5,1021,95.625,19,16,13,296,296,119,,,,météo défavorable
2010-07-25,20,12,18,12,18,18,0.7,97,4.5,1021,92.625,20,17,12,143,266,122,,,,météo défavorable
2010-07-26,20,16,17,16,20,19,3.4,98,5,1021,92.375,20,19,16,266,266,353,,,,météo défavorable
2010-07-27,17,14,16,14,17,16,3.8,98,8.75,1020,86.375,17,15,14,293,122,119,,,,météo défavorable
2010-07-28,18,12,16,12,15,17,1.2,97,3.125,1020,85.5,18,13,11,266,266,176,,,,météo défavorable
2010-07-29,18,9,6,9,18,18,0.6,100,4.625,1020,80.5,18,15,9,248,353,263,,,,météo défavorable
2010-07-30,20,13,18,13,20,16,2.1,98,2.625,1017,93.375,20,19,13,248,266,263,,,,météo défavorable
2010-07-31,18,11,22,11,16,16,2.6,98,4.625,1013,88.25,18,14,10,248,353,353,,,,météo défavorable
2010-08-01,17,12,9,12,16,16,2.3,98,6.25,1017,74.125,17,14,12,266,353,176,,,,météo défavorable
2010-08-02,17,11,10,11,16,17,0.8,98,6.5,1021,81.375,17,13,10,248,122,353,,,,météo défavorable
2010-08-03,15,14,17,14,14,15,1.6,99,4,1018,81.25,15,13,13,266,266,113,,,,météo défavorable
2010-08-04,17,13,24,13,16,16,4.2,100,7,1015,82.875,17,13,11,296,353,353,,,,météo défavorable
2010-08-05,18,12,18,12,16,16,2.3,99,5.625,1016,85.375,18,13,11,266,353,119,,,,météo défavorable
2010-08-06,17,12,18,12,16,16,2.5,100,5.375,1011,100,17,15,11,248,266,353,,,,météo défavorable
2010-08-07,18,13,19,13,17,18,2,99,5.5,1023,80.75,18,14,12,266,353,176,,,,météo défavorable
2010-08-08,20,7,12,7,18,18,0,99,6.25,1023,65,20,14,7,248,119,116,,,,météo défavorable
2010-08-09,17,14,16,14,17,14,1.8,100,5.875,1015,58.625,17,14,14,266,353,176,,,,météo correcte
2010-08-10,18,7,17,7,18,16,0.1,99,5,1013,71.25,18,12,5,248,116,113,,,,météo défavorable
2010-08-11,18,8,17,8,18,16,1.9,100,4.75,1019,73.375,18,13,7,248,353,176,,,,météo défavorable
2010-08-12,17,11,21,11,17,15,1.2,97,6.25,1024,72,17,12,9,248,353,353,,,,météo défavorable
2010-08-13,16,10,17,10,14,16,0.8,99,5.25,1025,84.75,16,12,8,248,353,116,,,,météo défavorable
2010-08-14,16,7,13,7,11,16,1.1,100,5.75,1024,73.25,16,13,6,248,293,119,,,,météo défavorable
2010-08-15,23,8,6,8,21,20,0.1,98,6.25,1026,52.375,25,15,7,248,113,116,,,,météo favorable
2010-08-16,18,9,10,9,18,14,6.2,98,7.125,1025,73,18,15,9,116,119,302,,,,météo défavorable
2010-08-17,18,9,12,9,18,16,3.4,98,6.25,1016,67.75,18,14,8,116,113,116,,,,météo défavorable
2010-08-18,17,9,19,9,17,15,2.5,100,4.75,1010,68.125,17,12,8,248,176,353,,,,météo défavorable
2010-08-19,17,8,17,8,16,16,5.6,98,7.25,1007,84.875,17,17,7,248,353,296,,,,météo défavorable
2010-08-20,18,17,22,17,18,17,6.4,99,8.375,1013,58.125,18,17,17,296,353,113,,,,météo correcte
2010-08-21,19,9,17,9,19,18,1.1,99,5.125,1016,57.5,19,13,8,248,116,176,,,,météo correcte
2010-08-22,19,10,11,10,19,17,5,99,5.875,1016,73.625,19,15,9,248,176,353,,,,météo défavorable
2010-08-23,16,11,29,11,16,14,7.7,100,9,1006,62.125,16,12,10,296,176,176,,,,météo correcte
2010-08-24,16,10,27,10,16,15,0.8,93,8.75,1014,58.25,16,11,8,119,353,176,,,,météo correcte
2010-08-25,15,8,13,8,15,13,2.3,98,4.75,1014,87.375,15,13,7,248,353,293,,,,météo défavorable
2010-08-26,18,5,14,5,17,16,0.6,99,4.875,1010,76.875,18,12,3,248,116,176,,,,météo très défavorable
2010-08-27,17,6,15,6,16,15,0.4,99,5,1021,56.625,17,10,4,248,113,113,,,,météo correcte
2010-08-28,17,6,22,6,17,15,0.9,99,6.125,1025,77.25,17,11,5,248,353,176,,,,météo défavorable
2010-08-29,17,11,19,11,15,14,1.7,96,7,1025,55.875,17,13,9,266,353,113,,,,météo correcte
2010-08-30,16,2,8,2,16,14,0,96,5.75,1028,17.375,16,10,0,143,113,113,,,,météo correcte
2010-08-31,18,5,16,5,18,15,0,96,5.75,1026,30.375,18,11,4,143,113,116,,,,météo favorable
2010-09-01,17,9,16,9,15,16,0.2,99,6.25,1022,60.5,17,13,7,248,119,113,,,,météo correcte
2010-09-02,19,8,18,8,19,16,0,97,5.25,1019,57.625,19,13,7,248,113,116,,,,météo correcte
2010-09-03,19,10,21,10,19,16,0.1,99,6.25,1019,69.875,19,14,9,248,113,119,,,,météo défavorable
2010-09-04,20,15,14,15,19,18,7.9,99,8.375,1016,85.625,20,17,14,296,296,356,,,,météo défavorable
2010-09-05,17,12,23,12,16,16,5.7,99,5,1015,95.875,17,16,11,248,266,296,,,,météo défavorable
2010-09-06,17,15,13,15,17,15,47.9,100,7.125,1002,62.75,17,16,14,359,356,176,,,,météo très défavorable
2010-09-07,16,7,12,7,16,14,6.2,100,6.125,997,74.75,16,14,6,248,353,176,,,,météo défavorable
2010-09-08,18,10,12,10,18,15,2.1,100,6.25,1008,75,18,14,9,248,353,353,,,,météo défavorable
2010-09-09,18,8,16,8,18,14,9.4,99,5.375,1016,83.75,18,14,6,248,176,302,,,,météo défavorable
2010-09-10,18,15,13,16,18,15,16.3,99,9,1011,82.5,18,17,15,353,353,356,,,,météo très défavorable
2010-09-11,17,13,22,13,17,14,5.9,99,9.75,1019,59.875,17,13,12,353,353,176,,,,météo correcte
2010-09-12,16,12,14,7,15,14,3,89,6.125,1027,82.125,16,12,11,248,353,353,,,,météo défavorable
2010-09-13,21,15,26,13,19,17,7,98,4.625,1025,92,21,18,14,266,266,266,,,,météo défavorable
2010-09-14,16,13,27,16,16,13,17.3,98,8.25,1017,66.75,16,15,11,302,299,113,,,,météo très défavorable
2010-09-15,15,13,26,9,15,14,0.6,87,8.75,1017,58.5,15,12,11,116,353,353,,,,météo correcte
2010-09-16,15,12,17,9,15,12,1.5,91,4.875,1018,55.375,15,11,10,143,176,176,,,,météo correcte
2010-09-17,14,8,13,4,14,11,0.1,93,6.25,1023,56.5,14,9,7,248,113,116,,,,météo correcte
2010-09-18,14,8,16,4,13,12,3.6,97,3.625,1022,75.125,14,12,6,143,266,296,,,,météo défavorable
2010-09-19,16,13,16,11,15,14,8.1,99,7.5,1015,78.25,16,15,12,296,302,353,,,,météo défavorable
2010-09-20,19,14,15,11,18,16,0.9,94,6.5,1014,69.75,19,15,13,248,353,116,,,,météo défavorable
2010-09-21,17,15,26,14,17,15,1.9,97,5.75,1014,80.5,17,14,14,266,353,116,,,,météo défavorable
2010-09-22,18,15,21,14,18,15,22.9,97,8.875,1012,72.125,18,15,14,302,353,353,,,,météo très défavorable
2010-09-23,15,12,23,11,14,14,3.4,99,6,1008,94.375,15,12,11,266,266,353,,,,météo défavorable
2010-09-24,12,10,19,8,12,10,0.6,89,9,1021,61.75,12,10,7,119,353,113,,,,météo défavorable
2010-09-25,12,6,11,1,11,7,0,92,5.5,1023,43.25,12,6,4,248,113,113,,,,météo défavorable
2010-09-26,12,7,10,-1,12,10,0,85,5.5,1021,49.625,12,7,7,260,119,119,,,,météo défavorable
2010-09-27,14,10,15,5,14,10,0,90,7,1016,31.25,14,9,8,143,116,113,,,,météo correcte
2010-09-28,14,13,16,11,14,13,2.3,99,4.125,1014,89.625,14,13,11,266,263,266,,,,météo défavorable
2010-09-29,15,9,13,4,15,10,2.3,95,5.625,1015,41.75,15,11,8,143,116,353,,,,météo correcte
2010-09-30,15,10,17,8,15,12,2.7,97,5.375,1014,88.75,15,12,9,266,296,353,,,,météo défavorable
2010-10-01,14,10,22,13,14,10,9.9,93,8.125,999,49.25,14,14,8,266,116,113,,,,météo correcte
2010-10-02,14,11,19,9,14,11,4.8,98,8.375,998,57.375,14,12,10,353,353,266,,,,météo correcte
2010-10-03,14,11,24,9,14,11,4.6,95,7.625,996,55.375,14,11,9,113,116,113,,,,météo correcte
2010-10-04,14,10,32,5,14,14,1.9,99,5.125,998,75.5,14,13,7,248,119,293,,,,météo défavorable
2010-10-05,14,10,22,7,14,10,1.6,93,8,995,39.75,14,10,8,113,116,263,,,,météo correcte
2010-10-06,15,11,19,8,15,11,1.9,80,7.5,1006,29.5,15,12,9,116,176,143,,,,météo correcte
2010-10-07,16,13,30,10,16,12,0.4,92,9,1010,38.75,16,11,11,116,116,116,,,,météo correcte
2010-10-08,17,15,25,14,17,17,3.6,98,6.75,1010,85.125,17,16,15,266,266,116,,,,météo défavorable
2010-10-09,17,14,23,14,17,13,0.7,96,8,1011,69,17,15,13,266,116,116,,,,météo défavorable
2010-10-10,17,12,12,11,15,12,0.2,93,6.25,1018,80.5,17,13,11,248,116,248,,,,météo défavorable
2010-10-11,16,10,10,5,16,9,0,90,6.25,1021,37.5,16,11,10,248,113,113,,,,météo correcte
2010-10-12,15,9,7,2,15,8,0,82,9,1023,5.625,15,9,9,113,113,113,,,,météo correcte
2010-10-13,14,7,6,1,13,8,0,83,8,1024,17.25,14,9,7,113,116,113,,,,météo correcte
2010-10-14,12,5,9,1,11,9,0.1,93,5.25,1024,80.875,12,8,4,248,116,119,,,,météo très défavorable
2010-10-15,14,7,17,7,13,12,0.3,92,6.25,1025,81.25,14,11,5,248,119,119,,,,météo défavorable
2010-10-16,11,6,10,4,11,6,0,95,4.25,1027,65.625,11,7,3,248,116,116,,,,météo défavorable
2010-10-17,13,7,14,2,12,10,0.3,92,2.75,1027,89.5,13,10,6,248,119,248,,,,météo défavorable
2010-10-18,12,10,20,8,12,12,0.7,98,5.25,1025,96.75,12,11,8,248,266,122,,,,météo défavorable
2010-10-19,11,8,26,8,11,7,1.2,91,6.5,1021,62.5,11,9,5,116,176,176,,,,météo défavorable
2010-10-20,8,3,11,0,8,3,0,88,6.25,1025,36.375,8,1,1,260,113,113,,,,météo très défavorable
2010-10-21,11,5,15,4,11,6,0.3,90,6.75,1025,64.375,11,6,3,248,116,143,,,,météo très défavorable
2010-10-22,11,7,22,4,11,10,4,95,5,1021,95,11,11,5,248,266,296,,,,météo défavorable
2010-10-23,10,6,18,4,10,6,0.9,96,4.75,1011,66.125,10,7,3,248,176,113,,,,météo défavorable
2010-10-24,9,2,11,-2,8,3,0.1,87,5.5,1026,30,9,3,-1,260,113,113,,,,météo très défavorable
2010-10-25,11,6,26,1,10,10,0.1,88,8,1027,34.25,11,8,3,116,113,116,,,,météo défavorable
2010-10-26,16,14,22,13,16,15,2.1,99,6.875,1017,93.125,16,15,13,122,122,266,,,,météo défavorable
2010-10-27,12,8,23,7,12,9,0.8,96,10,1013,44.125,12,10,5,113,116,113,,,,météo défavorable
2010-10-28,14,11,30,7,13,13,3.9,99,7.125,1010,75.125,14,13,8,266,263,296,,,,météo défavorable
2010-10-29,12,8,19,10,10,8,12.1,98,6.25,995,79.375,12,12,5,302,266,263,,,,météo défavorable
2010-10-30,11,7,13,4,11,7,0.3,95,3.875,992,74.25,11,8,5,248,113,248,,,,météo défavorable
2010-10-31,9,7,22,9,8,8,23.4,100,5.25,1012,96.625,9,8,4,302,302,263,,,,météo très défavorable
2010-11-01,12,6,26,3,10,12,3.5,99,3.625,1015,86.25,12,12,3,143,296,266,,,,météo défavorable
2010-11-02,12,10,28,8,12,11,3.4,98,7.875,1007,82,12,12,7,116,266,266,,,,météo défavorable
2010-11-03,14,9,20,6,11,13,2.3,99,6.25,1009,76.125,14,14,7,116,296,266,,,,météo défavorable
2010-11-04,15,13,22,10,14,14,5.1,98,5.75,1015,96.125,15,15,11,122,266,296,,,,météo défavorable
2010-11-05,12,7,10,9,9,9,6.5,99,4.75,1019,98.625,12,11,6,248,302,266,,,,météo défavorable
2010-11-06,8,5,17,5,8,4,1.2,97,5.375,1021,73,8,7,3,248,119,176,,,,météo très défavorable
2010-11-07,8,2,18,1,6,7,10.2,97,8.25,1016,59.5,8,6,-1,116,113,296,,,,météo très défavorable
2010-11-08,9,5,15,4,9,5,3.8,98,8.375,974,79.75,9,7,2,119,119,248,,,,météo très défavorable
2010-11-09,8,4,33,5,8,4,0.6,97,9,997,83.125,8,6,-1,122,122,119,,,,météo très défavorable
2010-11-10,7,1,13,-3,6,4,0.6,87,5.25,1003,40.375,7,6,0,260,113,116,,,,météo très défavorable
2010-11-11,11,7,36,10,8,7,9.3,95,8.125,987,65.25,11,11,3,266,353,116,,,,météo défavorable
2010-11-12,9,5,24,5,9,7,0.7,95,10,993,50.75,9,6,2,116,116,353,,,,météo très défavorable
2010-11-13,8,2,18,1,8,3,0.5,94,8.875,991,37.25,8,5,-1,113,122,176,,,,météo très défavorable
2010-11-14,7,0,7,-2,6,1,0,96,5.75,1002,12.75,7,4,0,143,116,113,,,,météo très défavorable
2010-11-15,8,2,14,3,8,2,0,96,8,1017,25.125,8,4,-1,119,113,143,,,,météo très défavorable
2010-11-16,10,5,31,3,9,9,8.3,96,7.625,1018,69.125,10,9,1,113,119,302,,,,météo très défavorable
2010-11-17,10,5,28,5,9,9,14.8,96,8,993,55.375,10,9,2,113,113,389,,,,météo très défavorable
2010-11-18,9,6,22,7,9,5,1.1,98,6.875,1003,56.75,9,8,3,119,176,116,,,,météo défavorable
2010-11-19,9,4,15,3,9,6,0.2,97,6,1009,58.875,9,8,2,143,116,116,,,,météo très défavorable
2010-11-20,9,7,17,5,8,8,0.5,99,8.75,1017,96.5,9,8,4,122,122,122,,,,météo défavorable
2010-11-21,5,1,18,2,5,2,0.3,99,7.5,1017,85.25,5,4,-3,119,122,119,,,,météo très défavorable
2010-11-22,4,-1,12,-2,3,3,0.1,95,3,1016,75.125,4,3,-5,260,119,143,,,,météo très défavorable
2010-11-23,5,2,10,1,4,1,0.3,95,3,1017,68.5,5,3,-1,143,119,248,,,,météo très défavorable
2010-11-24,4,2,10,1,4,0,0.7,98,2,1016,71,4,2,0,266,122,260,,,,météo très défavorable
2010-11-25,3,-2,23,-3,3,0,0.1,97,8.75,1018,39.25,3,0,-7,119,113,116,,,,météo très défavorable
2010-11-26,4,-1,23,0,4,-1,1,98,9.875,1014,63.875,4,3,-5,119,119,116,,,,météo très défavorable
2010-11-27,2,-4,31,-5,2,-4,0,98,8.75,1011,39.625,2,0,-10,116,113,116,,,,météo très défavorable
2010-11-28,0,-8,9,-9,-4,-8,0,96,4.5,1009,25,0,0,-13,260,113,113,,,,météo très défavorable
2010-11-29,0,-7,12,-7,-2,-5,0.1,97,2.5,1017,33.5,0,0,-11,143,116,143,,,,météo très défavorable
2010-11-30,1,-2,20,-7,1,-3,0.6,100,7.375,1020,68.75,1,1,-7,122,326,119,,,,météo très défavorable
2010-12-01,0,-6,17,-7,0,-4,0.9,98,6.375,1018,48.875,0,0,-12,122,116,119,,,,météo très défavorable
2010-12-02,0,-7,17,-7,-3,-7,0,98,9,1018,41.75,0,0,-13,116,113,116,,,,météo très défavorable
2010-12-03,2,-3,16,-7,1,-1,2,100,4.5,1017,54.75,2,2,-9,119,296,260,,,,météo très défavorable
2010-12-04,1,0,11,0,1,-3,1.7,100,3.375,1007,79.875,1,1,-3,266,326,260,,,,météo très défavorable
2010-12-05,0,-5,11,-4,-1,-5,0,97,1.75,1008,15.125,0,0,-9,143,143,143,,,,météo très défavorable
2010-12-06,0,-8,8,-10,-1,-4,1.6,93,6.625,1006,30.75,0,0,-11,143,113,116,,,,météo très défavorable
2010-12-07,0,-6,20,-4,-3,-3,3,98,9,1010,56.875,0,0,-11,326,116,113,,,,météo très défavorable
2010-12-08,0,-7,13,-8,-3,-5,0,97,8,1028,7.5,0,0,-13,113,113,143,,,,météo très défavorable
2010-12-09,2,-2,12,-6,1,2,0.2,100,3,1035,51.5,2,2,-6,260,248,119,,,,météo très défavorable
2010-12-10,4,2,9,0,4,3,0.2,100,0.625,1036,94.625,4,4,-1,248,248,248,,,,météo très défavorable
2010-12-11,3,-3,8,-4,3,2,0.4,100,0.625,1033,68.375,3,3,-5,260,248,263,,,,météo très défavorable
2010-12-12,4,2,17,0,4,3,0.6,100,7.125,1025,62.5,4,4,-2,266,119,113,,,,météo très défavorable
2010-12-13,4,1,17,0,4,2,0,98,9,1030,59.75,4,4,-3,116,116,119,,,,météo très défavorable
2010-12-14,2,-3,8,0,2,-2,0,93,7,1041,33.125,2,1,-5,119,113,143,,,,météo très défavorable
2010-12-15,3,-3,9,-3,1,0,0.1,98,3,1043,54,3,2,-6,260,116,248,,,,météo très défavorable
2010-12-16,6,4,30,4,6,0,2.7,99,8.875,1034,74.5,6,6,-1,122,296,323,,,,météo très défavorable
2010-12-17,1,-4,19,-3,1,-1,0.5,95,9.875,1012,55,1,0,-9,116,119,200,,,,météo très défavorable
2010-12-18,0,-6,12,-5,-1,-7,0.4,93,10,993,23.25,0,0,-11,113,116,113,,,,météo très défavorable
2010-12-19,0,-3,19,-3,0,-3,0,96,10,998,63,0,0,-8,122,116,119,,,,météo très défavorable
2010-12-20,0,-7,12,-6,-3,-7,0,97,6.75,1004,16.25,0,0,-12,113,113,143,,,,météo très défavorable
2010-12-21,0,-10,7,-9,-4,-8,0,94,7,1006,23,0,0,-12,143,113,116,,,,météo très défavorable
2010-12-22,0,-10,12,-9,-6,-7,0,98,4,1014,41.75,0,0,-16,113,143,260,,,,météo très défavorable
2010-12-23,0,-8,14,-9,-5,-8,0,98,4,1022,46.5,0,0,-14,260,116,260,,,,météo très défavorable
2010-12-24,0,-11,10,-11,-6,-11,0,90,9,1027,3.5,0,0,-16,113,113,113,,,,météo très défavorable
2010-12-25,0,-14,9,-14,-4,-3,0,91,10,1030,15,0,0,-16,116,113,113,,,,météo très défavorable
2010-12-26,4,1,33,1,3,3,5.8,100,9.375,1026,81.5,4,4,-4,122,122,302,,,,météo très défavorable
2010-12-27,7,6,27,4,7,6,7.9,100,6,1008,100,7,7,1,296,296,389,,,,météo très défavorable
2010-12-28,10,8,19,6,10,9,1.4,100,7,1010,97.625,10,10,5,266,266,122,,,,météo défavorable
2010-12-29,10,8,13,6,9,9,1.8,100,2.25,1018,94.875,10,9,6,266,248,266,,,,météo défavorable
2010-12-30,9,8,16,7,9,8,1.7,99,1.75,1024,93.125,9,9,6,266,266,266,,,,météo défavorable
2010-12-31,7,5,10,4,7,6,0.3,98,5.25,1027,86,7,6,3,248,119,119,,,,météo très défavorable
2011-01-01,5,2,10,2,5,3,0.5,95,4.5,1027,70.5,5,4,0,116,113,119,,,,météo très défavorable
2011-01-02,2,-3,10,-1,1,-3,0.1,97,3.75,1031,33.25,2,0,-7,143,113,143,,,,météo très défavorable
2011-01-03,2,-2,5,-4,1,-2,0,87,6,1029,55.375,2,0,-4,116,119,143,,,,météo très défavorable
2011-01-04,4,-1,19,-1,3,4,0.1,98,5.55556,1019,53.2222,4,4,-5,260,116,116,,,,météo très défavorable
2011-01-05,3,-1,18,0,2,-1,2.6,95,6.5,999,33.75,3,3,-6,260,113,143,,,,météo très défavorable
2011-01-06,2,-2,21,-3,2,-2,0,95,8,1001,34.875,2,0,-6,113,116,116,,,,météo très défavorable
2011-01-07,3,1,21,-3,2,2,10.7,94,9.25,1001,92.5,3,2,-4,326,122,320,,,,météo très défavorable
2011-01-08,3,-1,27,-4,1,1,1.2,97,8.375,1002,42.25,3,2,-5,113,113,113,,,,météo très défavorable
2011-01-09,2,-3,12,-2,1,2,0,94,8,1012,14.25,2,1,-7,113,143,113,,,,météo très défavorable
2011-01-10,7,5,18,3,5,6,11.7,100,6.125,1008,99.375,7,7,1,296,296,248,,,,météo très défavorable
2011-01-11,7,-1,13,1,3,6,11.9,97,8.25,1013,63.125,7,6,-5,116,113,296,,,,météo très défavorable
2011-01-12,11,9,16,8,11,11,15.3,99,5.125,1005,99,11,11,7,266,266,266,,,,météo défavorable
2011-01-13,11,9,18,8,11,11,1.4,99,9.875,1005,88.125,11,11,7,119,119,122,,,,météo défavorable
2011-01-14,10,7,28,5,8,5,0.4,98,9,1006,54.25,10,9,3,116,116,113,,,,météo défavorable
2011-01-15,11,9,41,9,10,11,10.6,98,7.25,1002,100,11,11,5,266,296,296,,,,météo défavorable
2011-01-16,10,7,21,9,9,5,1.8,98,8.875,1014,46,10,9,4,119,113,113,,,,météo défavorable
2011-01-17,5,3,9,2,5,3,0,91,9,1023,46.875,5,4,1,119,116,116,,,,météo très défavorable
2011-01-18,5,0,10,-1,5,-1,0,93,10,1034,2.75,5,3,-4,113,113,113,,,,météo très défavorable
2011-01-19,6,-1,12,-1,5,1,0,93,9,1035,4.625,6,3,-4,113,113,113,,,,météo très défavorable
2011-01-20,6,-2,8,-2,4,-2,0,95,7,1039,18,6,3,-5,116,113,143,,,,météo très défavorable
2011-01-21,4,-4,6,-4,4,-2,0,93,6,1042,4.125,4,1,-4,143,113,113,,,,météo très défavorable
2011-01-22,4,-2,9,-2,3,-1,0,96,5.25,1040,35.75,4,2,-5,116,113,113,,,,météo très défavorable
2011-01-23,3,0,12,0,2,-1,0.2,98,2.5,1041,67.375,3,1,-4,248,119,260,,,,météo très défavorable
2011-01-24,4,-2,13,-3,4,2,0.1,98,5,1040,53.625,4,2,-6,260,116,116,,,,météo très défavorable
2011-01-25,6,5,21,2,6,6,5.2,100,6.75,1031,99.625,6,6,0,122,296,266,,,,météo très défavorable
2011-01-26,5,1,23,4,4,1,0.5,98,9,1019,64.5,5,5,-5,119,119,116,,,,météo très défavorable
2011-01-27,4,-2,21,0,3,0,0.1,96,8,1025,53.875,4,0,-6,116,119,116,,,,météo très défavorable
2011-01-28,3,-4,14,-4,1,-3,0,96,5,1027,15.625,3,0,-8,143,113,113,,,,météo très défavorable
2011-01-29,4,-5,10,-5,2,-3,0,99,4.5,1026,18.375,4,0,-9,260,113,113,,,,météo très défavorable
2011-01-30,4,-6,2,-7,2,-5,0,94,6,1027,0.875,4,0,-6,143,113,113,,,,météo très défavorable
2011-01-31,4,-6,4,-8,3,-5,0,87,9,1027,3,4,0,-8,113,113,113,,,,météo très défavorable
2011-02-01,7,-1,20,-2,5,2,1,93,8.125,1024,32.25,7,4,-3,113,113,113,,,,météo très défavorable
2011-02-02,10,9,32,8,10,5,1.6,99,7.875,1022,60.75,10,10,5,122,266,113,,,,météo défavorable
2011-02-03,9,1,44,1,7,8,3.6,94,9.125,1021,61.875,9,8,-4,116,119,296,,,,météo très défavorable
2011-02-04,11,9,36,8,10,10,3.2,96,4.625,1010,85,11,10,5,263,266,263,,,,météo défavorable
2011-02-05,11,9,8,7,10,10,34.8,99,6.375,1010,99.375,11,11,9,302,302,308,,,,météo très défavorable
2011-02-06,11,8,38,7,10,10,28.8,98,7.75,1011,100,11,10,4,302,302,302,,,,météo très défavorable
2011-02-07,9,4,29,9,8,4,10.2,95,7.875,1018,53.75,9,9,-2,302,116,113,,,,météo très défavorable
2011-02-08,8,2,36,0,8,7,2.3,93,9.75,1019,52.75,8,8,-2,116,116,296,,,,météo très défavorable
2011-02-09,11,8,18,6,10,10,10.8,99,7.125,1009,97.125,11,10,5,266,119,302,,,,météo défavorable
2011-02-10,7,5,15,4,7,7,6.5,95,4.125,1011,93.875,7,6,3,143,119,266,,,,météo très défavorable
2011-02-11,11,8,17,7,10,6,5.6,99,6.375,1011,76,11,9,5,266,302,176,,,,météo défavorable
2011-02-12,8,1,28,0,6,7,3.5,92,5.625,1011,45.75,8,7,-3,143,116,266,,,,météo très défavorable
2011-02-13,8,2,8,0,7,3,10.7,96,7.375,994,52.875,8,7,0,176,113,353,,,,météo très défavorable
2011-02-14,6,0,20,0,5,1,0.4,95,9.625,997,35.25,6,0,-5,116,113,182,,,,météo très défavorable
2011-02-15,7,3,25,3,7,4,11.1,99,6.875,988,95.375,7,7,-1,302,296,302,,,,météo très défavorable
2011-02-16,7,2,23,-1,7,5,2.2,95,7.875,994,46,7,5,-2,113,119,296,,,,météo très défavorable
2011-02-17,7,3,5,-1,6,5,1.1,96,3,1007,81.5,7,6,2,260,266,263,,,,météo très défavorable
2011-02-18,8,5,32,2,7,7,5.9,99,6.25,1006,89.125,8,8,1,119,266,302,,,,météo très défavorable
2011-02-19,10,4,17,4,9,7,0.1,97,5,1009,73,10,7,2,248,113,119,,,,météo très défavorable
2011-02-20,10,7,35,6,10,9,3,98,9.75,1009,89,10,9,2,122,122,296,,,,météo défavorable
2011-02-21,10,5,8,4,9,3,0.3,98,4.875,1012,67.375,10,7,3,248,176,116,,,,météo très défavorable
2011-02-22,10,7,17,5,9,9,2.9,98,4.75,1012,88.875,10,9,5,296,122,296,,,,météo défavorable
2011-02-23,14,8,24,10,12,9,0.4,97,7.75,1014,77.125,14,11,5,122,122,116,,,,météo défavorable
2011-02-24,13,7,23,5,12,12,0.2,98,10,1018,61.375,13,12,4,116,116,122,,,,météo correcte
2011-02-25,11,9,20,10,11,9,1.6,97,6.375,1019,83.875,11,10,6,266,122,119,,,,météo défavorable
2011-02-26,8,4,26,4,8,4,2.7,96,8.875,1024,32.875,8,6,0,116,116,113,,,,météo très défavorable
2011-02-27,9,5,28,3,8,5,0.4,92,9,1031,28.25,9,3,1,116,113,113,,,,météo très défavorable
2011-02-28,8,2,6,-3,8,2,0,87,8,1036,8.75,8,1,0,113,113,113,,,,météo très défavorable
2011-03-01,8,3,10,-3,8,3,0,88,8,1040,5.875,8,1,0,143,113,113,,,,météo très défavorable
2011-03-02,9,1,8,-3,8,1,0,90,10,1040,21.625,9,3,-1,116,116,113,,,,météo très défavorable
2011-03-03,10,1,7,-4,8,1,0,85,10,1038,9.125,10,1,-1,113,113,116,,,,météo très défavorable
2011-03-04,10,2,7,-3,9,3,0,93,9,1035,11,10,4,0,113,113,113,,,,météo très défavorable
2011-03-05,7,3,8,-3,6,5,0.4,95,4,1033,63.25,7,4,3,260,119,143,,,,météo très défavorable
2011-03-06,6,3,10,2,6,4,0.6,95,3.375,1031,73.25,6,3,2,248,119,143,,,,météo très défavorable
2011-03-07,9,3,7,-4,8,5,0,88,6.25,1030,32.625,9,3,2,260,116,119,,,,météo très défavorable
2011-03-08,9,2,20,-2,9,7,0.7,96,4.875,1025,51.625,9,7,-2,143,122,266,,,,météo très défavorable
2011-03-09,10,5,27,3,10,7,0.6,92,10,1019,80.5,10,6,1,116,353,119,,,,météo très défavorable
2011-03-10,8,5,31,7,8,5,0.7,88,10,1015,84.875,8,7,2,119,353,119,,,,météo très défavorable
2011-03-11,10,6,37,1,10,8,1.5,94,6.75,1014,85.625,10,8,2,248,266,353,,,,météo défavorable
2011-03-12,7,2,17,5,6,2,6.1,100,8.375,1002,89.5,7,6,-2,122,296,317,,,,météo très défavorable
2011-03-13,8,2,18,-5,6,4,0,85,8,1008,20.875,8,1,-1,113,113,116,,,,météo très défavorable
2011-03-14,7,2,13,-2,5,5,0.3,86,6.5,1015,70.25,7,2,2,260,119,116,,,,météo très défavorable
2011-03-15,10,3,12,-1,9,5,0.7,83,8.375,1018,22.5,10,2,1,113,113,113,,,,météo très défavorable
2011-03-16,11,4,10,-5,10,6,0,81,9,1018,2.75,11,4,4,113,113,113,,,,météo très défavorable
2011-03-17,8,3,17,3,6,4,5.9,100,6.5,1021,67.875,8,5,1,296,266,143,,,,météo très défavorable
2011-03-18,9,3,18,-3,9,6,0.7,91,8.875,1029,27.125,9,5,0,113,116,176,,,,météo très défavorable
2011-03-19,10,5,30,-2,10,6,7.2,99,5,1032,53.375,10,7,1,260,113,302,,,,météo très défavorable
2011-03-20,14,10,10,8,14,11,1.1,98,5,1030,69.375,14,11,8,266,119,113,,,,météo défavorable
2011-03-21,13,9,15,7,13,11,1.3,92,5.375,1034,75.125,13,10,8,248,116,176,,,,météo défavorable
2011-03-22,14,7,5,-1,13,10,0,89,6.25,1040,38.25,14,8,7,260,113,116,,,,météo correcte
2011-03-23,14,8,12,0,14,10,0,88,6,1040,1.625,14,9,7,143,113,113,,,,météo correcte
2011-03-24,15,8,13,0,14,11,0,87,8,1037,7,15,9,7,113,113,113,,,,météo correcte
2011-03-25,14,7,12,1,13,11,0.1,87,8,1027,32.75,14,9,5,113,116,116,,,,météo correcte
2011-03-26,13,5,8,-1,11,10,0.2,84,6.5,1018,46.25,13,8,3,260,113,119,,,,météo correcte
2011-03-27,11,4,9,0,9,10,0.3,94,5.5,1016,56.125,11,8,2,260,122,119,,,,météo très défavorable
2011-03-28,12,6,16,-2,12,10,0.2,89,7.75,1016,46.125,12,8,5,143,116,119,,,,météo défavorable
2011-03-29,12,9,17,7,12,11,2.5,96,4.75,1012,98.75,12,10,8,266,353,353,,,,météo défavorable
2011-03-30,14,10,21,7,13,11,1.6,96,8,1007,71.125,14,10,8,266,353,113,,,,météo défavorable
2011-03-31,16,10,27,11,14,12,4.5,89,7.625,1008,72.375,16,11,7,119,116,116,,,,météo défavorable
2011-04-01,16,12,45,11,16,12,3.3,97,7.75,1007,73.25,16,11,9,266,116,116,,,,météo défavorable
2011-04-02,13,7,24,3,13,10,5,91,7.625,1008,66,13,10,5,248,116,353,,,,météo défavorable
2011-04-03,11,7,18,2,11,8,0.3,89,6.375,1016,45.25,11,5,5,248,176,113,,,,météo défavorable
2011-04-04,14,9,35,6,14,11,2.2,95,7.875,1015,73.125,14,11,5,296,353,122,,,,météo défavorable
2011-04-05,18,11,30,11,15,16,3.4,99,5.875,1015,93.75,18,14,10,266,266,119,,,,météo défavorable
2011-04-06,16,10,26,10,16,14,1.6,96,9.875,1023,46.25,16,12,7,353,116,113,,,,météo correcte
2011-04-07,15,6,8,6,14,15,0.8,90,7.75,1031,73.125,15,14,4,119,266,119,,,,météo défavorable
2011-04-08,19,6,15,6,18,15,0.1,100,5,1031,71.5,19,15,5,248,119,113,,,,météo défavorable
2011-04-09,16,8,27,8,16,14,0,99,7.5,1023,59.125,16,13,6,119,116,116,,,,météo correcte
2011-04-10,18,10,12,10,15,15,0.2,98,5.25,1029,69,18,12,9,248,119,113,,,,météo défavorable
2011-04-11,12,8,29,9,12,8,1.7,99,7.75,1032,36.625,12,9,5,296,113,113,,,,météo défavorable
2011-04-12,12,1,20,1,12,9,1.2,97,6.875,1033,47.125,12,6,-3,143,176,353,,,,météo très défavorable
2011-04-13,12,5,24,5,11,12,9.9,100,6,1024,94.375,12,12,1,266,296,353,,,,météo très défavorable
2011-04-14,14,8,7,8,12,13,1.1,100,4.25,1018,96.125,14,11,7,248,353,122,,,,météo défavorable
2011-04-15,15,2,12,2,14,13,0.6,99,5.5,1020,87,15,11,2,248,122,353,,,,météo très défavorable
2011-04-16,14,7,8,7,12,13,0.5,99,6.25,1024,80.25,14,10,6,248,119,116,,,,météo défavorable
2011-04-17,14,2,13,2,14,13,0.2,94,8,1025,38.125,14,9,0,143,119,113,,,,météo correcte
2011-04-18,15,3,20,3,15,12,0,95,6,1022,9.625,15,8,1,143,113,113,,,,météo correcte
2011-04-19,18,4,9,4,17,16,0.1,91,10,1017,16.125,18,12,2,113,113,113,,,,météo favorable
2011-04-20,19,3,5,3,18,17,0,80,10,1016,58.375,19,14,2,116,122,116,,,,météo correcte
2011-04-21,19,8,15,8,19,16,0,96,6,1014,28.625,19,13,7,143,113,113,,,,météo favorable
2011-04-22,17,7,25,7,17,14,0.1,98,5.5,1007,62.25,17,12,5,248,116,122,,,,météo correcte
2011-04-23,14,6,15,6,13,12,0.5,97,9.375,1019,37.875,14,8,3,263,113,113,,,,météo correcte
2011-04-24,15,3,10,3,14,14,0.4,85,9,1025,47.375,15,11,2,116,122,116,,,,météo correcte
2011-04-25,14,4,14,4,14,12,0.4,97,5.75,1030,71.875,14,9,2,143,119,122,,,,météo très défavorable
2011-04-26,15,4,9,4,14,14,1.8,98,6.375,1030,78.5,15,11,2,263,122,353,,,,météo très défavorable
2011-04-27,16,8,8,8,15,14,1.5,96,6.375,1027,78.375,16,12,8,263,353,353,,,,météo défavorable
2011-04-28,16,5,10,5,16,14,0.2,97,6.5,1025,41.5,16,11,4,143,113,116,,,,météo correcte
2011-04-29,17,2,17,2,17,15,0.4,87,9,1019,5.875,17,11,0,113,113,113,,,,météo correcte
2011-04-30,18,6,22,6,17,16,0,99,6.25,1013,47.875,18,12,3,248,113,113,,,,météo favorable
2011-05-01,16,5,26,5,15,15,0.3,94,9.375,1010,28,16,10,2,113,116,116,,,,météo correcte
2011-05-02,12,6,26,6,12,11,6.1,87,8.375,1011,55.125,12,9,3,116,263,293,,,,météo défavorable
2011-05-03,11,6,23,6,11,10,2.3,96,9.75,1015,83.125,11,6,3,119,122,122,,,,météo défavorable
2011-05-04,12,8,24,8,11,12,4.9,98,8.625,1015,79.375,12,11,5,122,296,353,,,,météo défavorable
2011-05-05,14,10,27,10,13,13,3.9,99,8.875,1014,93.5,14,12,8,122,353,353,,,,météo défavorable
2011-05-06,15,10,28,10,15,12,3.5,99,5.875,1010,96.875,15,12,8,266,353,266,,,,météo défavorable
2011-05-07,16,11,29,11,16,13,7,99,6.625,1006,99.375,16,12,10,266,353,266,,,,météo défavorable
2011-05-08,14,8,40,8,14,12,5,98,9.375,1004,48.875,14,11,5,116,353,176,,,,météo correcte
2011-05-09,14,9,32,9,13,13,5.6,99,8.75,1011,63,14,12,6,119,353,176,,,,météo correcte
2011-05-10,14,10,24,10,14,13,2.6,99,8.875,1021,79.75,14,11,8,122,353,353,,,,météo défavorable
2011-05-11,13,6,21,6,13,10,1,99,6.25,1022,77.125,13,9,3,248,353,353,,,,météo défavorable
2011-05-12,12,7,27,7,12,11,1,97,8.625,1022,76,12,9,5,122,353,176,,,,météo défavorable
2011-05-13,12,7,12,7,12,9,6.4,100,4.75,1022,92.5,12,11,5,266,353,293,,,,météo défavorable
2011-05-14,12,4,24,4,12,10,2.3,100,7.375,1025,77.75,12,9,1,119,353,176,,,,météo très défavorable
2011-05-15,12,6,17,6,12,11,1.8,98,6.375,1028,90.375,12,11,3,248,116,266,,,,météo défavorable
2011-05-16,16,9,22,9,15,13,0.5,98,9.375,1027,81.875,16,11,7,122,116,122,,,,météo défavorable
2011-05-17,17,10,16,10,16,17,2,99,5.5,1022,93.75,17,15,9,248,266,353,,,,météo défavorable
2011-05-18,12,9,25,9,11,10,0.9,98,7.75,1018,62.125,12,11,7,119,353,113,,,,météo défavorable
2011-05-19,12,3,15,3,12,12,0.7,95,5.5,1020,70.375,12,10,1,143,353,119,,,,météo très défavorable
2011-05-20,12,8,21,8,12,12,0.7,97,8.75,1019,69,12,8,6,119,353,113,,,,météo défavorable
2011-05-21,13,9,25,9,13,11,11,99,7.875,1017,76.75,13,13,5,119,302,299,,,,météo défavorable
2011-05-22,13,8,33,8,13,11,1.8,91,9.75,1017,54.5,13,10,4,116,176,353,,,,météo correcte
2011-05-23,12,9,37,12,11,9,4.6,99,8,1020,67.625,12,12,6,296,353,176,,,,météo défavorable
2011-05-24,14,6,21,6,13,13,0.6,93,8.625,1028,44,14,10,3,116,113,116,,,,météo correcte
2011-05-25,12,9,31,9,11,12,2.4,97,8.875,1024,71.375,12,11,5,116,293,353,,,,météo défavorable
2011-05-26,12,9,32,9,11,10,3.5,99,7.375,1022,80.375,12,9,5,266,353,353,,,,météo défavorable
2011-05-27,11,4,15,4,11,11,1.5,98,4.75,1023,78.375,11,10,2,143,353,266,,,,météo très défavorable
2011-05-28,12,10,19,10,12,12,1.5,99,6.375,1015,90.625,12,11,8,122,263,119,,,,météo défavorable
2011-05-29,13,12,23,12,12,12,1.1,99,6.375,1012,75.625,13,12,10,266,263,116,,,,météo défavorable
2011-05-30,12,6,19,6,12,10,3.3,95,7.5,1015,67.5,12,8,4,143,353,176,,,,météo défavorable
2011-05-31,14,5,18,5,13,13,0.7,98,5,1026,77.875,14,10,2,248,176,122,,,,météo très défavorable
2011-06-01,17,9,16,9,17,17,1,97,6.25,1031,88.25,17,15,7,248,353,353,,,,météo défavorable
2011-06-02,20,11,6,11,20,19,1,96,5.25,1036,77.875,20,17,11,143,119,353,,,,météo défavorable
2011-06-03,22,11,6,11,21,21,0.4,98,5.25,1035,62.625,24,18,11,248,116,353,,,,météo correcte
2011-06-04,19,12,17,12,18,17,1.4,98,6.25,1031,81.5,19,16,11,248,116,353,,,,météo défavorable
2011-06-05,16,8,16,8,16,15,2.1,97,6.875,1020,77.375,17,13,7,119,116,353,,,,météo défavorable
2011-06-06,12,4,15,4,12,11,2,95,6.375,1012,81,12,11,2,143,353,353,,,,météo très défavorable
2011-06-07,11,6,27,6,11,9,5.4,98,8.875,1002,84.5,11,10,3,119,353,389,,,,météo défavorable
2011-06-08,12,8,27,8,12,10,2,97,9,1010,91.625,12,8,6,266,353,353,,,,météo défavorable
2011-06-09,11,4,13,4,11,9,2.5,98,5.875,1014,69.625,11,8,2,248,176,353,,,,météo très défavorable
2011-06-10,12,4,13,4,12,11,2,97,5.375,1016,44.375,12,8,3,248,176,176,,,,météo très défavorable
2011-06-11,13,3,11,3,13,12,2.6,96,5.375,1018,47.375,13,11,2,143,176,353,,,,météo correcte
2011-06-12,16,7,23,7,13,15,16,100,4.25,1014,82.125,16,16,3,302,302,266,,,,météo très défavorable
2011-06-13,14,9,18,9,14,13,0.9,99,7.25,1017,60.25,14,10,7,116,176,113,,,,météo correcte
2011-06-14,16,7,23,7,16,13,2.5,91,7.375,1018,53.75,16,12,6,113,116,119,,,,météo correcte
2011-06-15,15,13,15,13,15,14,1.3,99,4.375,1011,71.375,15,13,12,248,119,176,,,,météo défavorable
2011-06-16,14,7,19,7,14,12,5.7,97,6.375,1010,76.875,14,11,5,143,353,353,,,,météo défavorable
2011-06-17,15,10,15,10,15,13,10.9,99,9.375,1004,72.5,15,12,9,296,116,353,,,,météo défavorable
2011-06-18,15,8,29,8,15,13,1.6,99,7.375,1009,74.625,15,12,6,122,353,353,,,,météo défavorable
2011-06-19,16,8,13,8,15,14,2.7,97,5.25,1013,83,16,12,6,248,353,353,,,,météo défavorable
2011-06-20,13,9,15,9,13,13,1.2,98,2.5,1013,90.5,13,13,8,248,266,266,,,,météo défavorable
2011-06-21,16,12,21,12,16,13,4.2,100,4.625,1005,86.5,16,13,11,248,353,389,,,,météo défavorable
2011-06-22,15,9,23,9,15,13,3.1,99,6.25,1014,81.5,15,12,8,248,353,353,,,,météo défavorable
2011-06-23,14,7,16,7,14,13,1.6,98,6.25,1021,47.625,14,10,5,248,176,113,,,,météo correcte
2011-06-24,14,6,24,6,11,12,11.8,99,5.5,1022,91.125,14,14,5,143,296,302,,,,météo défavorable
2011-06-25,20,14,18,14,19,20,1,99,5.75,1018,92.5,20,18,13,266,122,119,,,,météo défavorable
2011-06-26,20,13,24,13,19,19,0.1,97,7.5,1019,53.5,20,16,12,119,116,113,,,,météo favorable
2011-06-27,14,9,12,9,11,14,2.9,95,4.875,1018,72.875,14,11,8,116,293,116,,,,météo défavorable
2011-06-28,15,6,13,6,15,13,3.1,94,6.125,1022,50.25,15,12,5,143,176,176,,,,météo correcte
2011-06-29,15,7,18,7,14,14,2.4,99,4.875,1026,73.375,15,12,5,248,353,176,,,,météo défavorable
2011-06-30,16,7,16,7,16,14,1.6,99,4.625,1028,72.125,16,12,5,248,176,176,,,,météo défavorable
2011-07-01,16,8,9,8,16,15,0.4,94,6.25,1029,78.75,16,13,8,116,119,353,,,,météo défavorable
2011-07-02,16,9,13,9,16,16,0.3,95,5.25,1023,74.875,16,13,9,143,116,116,,,,météo défavorable
2011-07-03,17,9,13,9,17,16,0,94,6.25,1018,44.25,17,13,8,113,113,113,,,,météo correcte
2011-07-04,17,9,22,9,17,15,0.6,93,6.75,1017,38.625,17,13,8,113,116,113,,,,météo correcte
2011-07-05,17,13,20,13,17,14,8.7,98,8.375,1006,69.5,17,14,11,122,176,353,,,,météo défavorable
2011-07-06,14,7,22,7,14,14,9.5,98,5.875,1003,84,14,13,6,248,266,353,,,,météo défavorable
2011-07-07,15,10,25,10,15,12,6.3,99,7.5,996,90.875,15,12,8,266,353,296,,,,météo défavorable
2011-07-08,15,11,17,11,13,15,7.6,100,6.875,1003,99.125,15,14,10,389,296,353,,,,météo défavorable
2011-07-09,18,11,15,11,17,16,1.9,98,5.125,1015,75.625,18,14,10,266,113,353,,,,météo défavorable
2011-07-10,17,9,11,9,15,15,2.2,99,5,1020,78.625,17,14,8,248,353,176,,,,météo défavorable
2011-07-11,18,8,7,8,17,16,3.4,99,6.25,1022,86.375,18,15,7,248,116,353,,,,météo défavorable
2011-07-12,19,11,7,11,18,17,6.8,98,6.625,1022,74.375,19,16,11,266,119,356,,,,météo défavorable
2011-07-13,19,11,9,11,19,17,5,96,7.625,1022,65.75,19,16,11,143,353,353,,,,météo défavorable
2011-07-14,18,11,9,11,18,16,1.3,96,6.375,1022,57.875,18,15,11,143,116,176,,,,météo correcte
2011-07-15,16,11,15,11,13,16,4.1,99,2.75,1019,99.125,16,16,10,248,296,266,,,,météo défavorable
2011-07-16,15,11,23,11,14,14,4.1,99,8,1004,90.875,15,14,9,353,353,353,,,,météo défavorable
2011-07-17,14,12,33,12,14,12,2.5,99,7.875,1002,85.75,14,13,10,122,266,353,,,,météo défavorable
2011-07-18,15,11,26,11,14,14,3.4,98,6.875,1002,95.5,15,13,8,266,353,353,,,,météo défavorable
2011-07-19,15,11,18,11,14,15,1.3,99,6.75,1011,92.75,15,13,9,122,266,353,,,,météo défavorable
2011-07-20,17,9,16,9,16,15,1.1,97,5,1015,73.625,17,13,9,248,113,353,,,,météo défavorable
2011-07-21,17,6,15,6,16,15,0.8,99,4.75,1019,63.625,17,13,4,248,116,176,,,,météo correcte
2011-07-22,16,6,15,6,15,15,0.2,99,5,1020,70,16,11,4,248,116,116,,,,météo défavorable
2011-07-23,16,9,4,9,14,15,1.3,96,4.125,1020,91.75,16,15,9,266,122,266,,,,météo défavorable
2011-07-24,21,13,5,13,20,21,1.8,99,5.5,1015,92.625,24,19,14,266,353,353,,,,météo défavorable
2011-07-25,19,15,16,15,19,18,3,100,4.75,1015,97.75,19,17,15,266,266,353,,,,météo défavorable
2011-07-26,19,13,13,13,17,19,0.6,99,5.75,1021,62.5,19,16,12,266,119,113,,,,météo correcte
2011-07-27,18,12,7,12,18,17,1.8,100,2.875,1023,85,18,16,13,248,266,143,,,,météo défavorable
2011-07-28,15,12,14,12,14,14,1.9,99,5,1028,91.125,15,14,11,266,266,119,,,,météo défavorable
2011-07-29,17,8,8,8,15,17,0.8,98,5.25,1027,88.125,17,16,6,248,119,353,,,,météo défavorable
2011-07-30,19,11,18,11,18,16,0.3,99,6.25,1023,71.875,19,14,11,248,119,116,,,,météo défavorable
2011-07-31,17,14,10,14,17,16,2.2,100,1.75,1013,97.5,17,16,14,266,266,266,,,,météo défavorable
2011-08-01,16,11,7,11,16,16,1.4,99,4.25,1013,84.625,16,14,12,248,353,353,,,,météo défavorable
2011-08-02,18,9,5,9,17,17,0.4,95,6,1015,64,18,14,10,143,119,122,,,,météo correcte
2011-08-03,16,9,17,9,14,15,2,99,5,1015,72.375,16,15,8,248,263,296,,,,météo défavorable
2011-08-04,18,14,21,14,17,15,0.8,100,7.375,1012,84.625,18,15,13,353,263,353,,,,météo défavorable
2011-08-05,17,8,11,8,17,15,4.4,98,6,1014,71.5,17,14,6,248,176,353,,,,météo défavorable
2011-08-06,15,9,14,9,13,13,6.4,99,3.875,1009,98.5,15,13,9,248,296,296,,,,météo défavorable
2011-08-07,16,8,12,8,16,14,9.6,99,6.75,1001,83.25,16,14,7,296,353,353,,,,météo défavorable
2011-08-08,17,9,24,9,16,15,1.1,99,9.875,1020,66.875,17,13,7,119,353,176,,,,météo défavorable
2011-08-09,16,7,8,7,16,16,0.2,99,5.25,1027,79.375,16,13,5,248,119,119,,,,météo défavorable
2011-08-10,18,11,22,11,17,16,5.7,98,8,1025,82.625,18,18,10,116,296,296,,,,météo défavorable
2011-08-11,19,15,18,15,19,18,1.9,99,8,1009,85.875,19,16,14,266,353,122,,,,météo défavorable
2011-08-12,18,14,14,14,17,18,7.6,99,3.875,1010,88.375,18,17,14,248,302,266,,,,météo défavorable
2011-08-13,17,13,17,13,16,16,1.5,99,5,1005,95.625,17,14,12,248,353,353,,,,météo défavorable
2011-08-14,16,11,20,11,16,14,1.2,98,4.75,1012,65.375,16,11,10,248,176,113,,,,météo défavorable
2011-08-15,15,9,18,9,15,15,2.5,98,3.5,1015,92.75,15,14,7,248,296,266,,,,météo défavorable
2011-08-16,17,13,18,13,16,15,2.1,100,5.5,1018,64.875,17,13,12,248,113,113,,,,météo correcte
2011-08-17,17,5,7,5,16,16,0.5,98,6.125,1019,58.875,17,12,5,248,113,353,,,,météo correcte
2011-08-18,16,9,11,9,16,15,2.6,97,5.625,1019,62.625,16,12,9,143,353,176,,,,météo correcte
2011-08-19,16,8,28,8,12,15,1.9,97,4,1018,58.625,16,14,6,116,293,266,,,,météo correcte
2011-08-20,17,8,19,8,17,16,0.9,99,4.875,1016,70.875,17,15,6,248,113,176,,,,météo défavorable
2011-08-21,18,9,18,9,17,15,0.6,100,4.125,1018,70.125,18,14,8,248,353,113,,,,météo défavorable
2011-08-22,19,5,4,5,19,16,0.3,100,5,1020,76.625,19,14,4,248,116,119,,,,météo très défavorable
2011-08-23,17,9,9,9,17,16,1.2,97,6.125,1017,64.25,17,13,10,248,353,113,,,,météo correcte
2011-08-24,15,10,12,10,15,13,5.6,100,7.25,1011,51.125,15,11,10,296,113,176,,,,météo correcte
2011-08-25,16,8,20,8,16,14,3.1,95,6.75,1006,43.375,16,12,6,116,176,176,,,,météo correcte
2011-08-26,16,5,19,5,16,13,1,97,6.875,1012,33.625,16,12,4,143,353,176,,,,météo correcte
2011-08-27,15,7,23,7,15,13,1,99,7.5,1018,67.875,15,11,5,248,353,353,,,,météo défavorable
2011-08-28,15,8,13,8,15,14,1.3,99,4.875,1020,78.375,15,12,6,248,353,116,,,,météo défavorable
2011-08-29,14,3,11,3,14,13,0.2,98,5,1022,68.875,14,10,1,248,116,116,,,,météo très défavorable
2011-08-30,16,3,5,3,16,14,0.4,100,5.25,1021,75,16,12,1,248,116,119,,,,météo très défavorable
2011-08-31,16,5,11,5,16,15,0.4,99,5,1017,85.625,16,13,4,248,119,119,,,,météo très défavorable
2011-09-01,18,7,18,7,17,16,0,99,6.25,1014,83.5,18,14,6,248,116,119,,,,météo défavorable
2011-09-02,17,13,15,13,16,16,0.7,99,7.5,1009,87,17,15,12,248,119,119,,,,météo défavorable
2011-09-03,15,14,13,14,15,14,11,100,8,1006,81.625,15,14,13,296,122,116,,,,météo défavorable
2011-09-04,15,8,23,8,15,10,4.3,98,7.125,1006,77.875,15,11,6,122,113,296,,,,météo défavorable
2011-09-05,16,8,20,8,16,14,3.9,98,9.25,1010,72.375,16,13,6,116,353,263,,,,météo défavorable
2011-09-06,15,10,33,10,14,14,4.9,98,9,1007,76.125,15,12,7,263,353,176,,,,météo défavorable
2011-09-07,14,9,23,9,13,13,4.1,99,8.75,1012,83.375,14,13,7,119,353,296,,,,météo défavorable
2011-09-08,17,13,14,13,16,16,1.9,99,6.625,1007,89.875,17,15,12,266,119,119,,,,météo défavorable
2011-09-09,19,13,19,13,18,17,1.6,100,4.75,1005,91.25,19,18,12,122,119,266,,,,météo défavorable
2011-09-10,17,13,35,15,17,13,3.7,99,7.25,995,71,17,16,11,266,119,176,,,,météo défavorable
2011-09-11,15,11,25,11,14,12,3.7,95,8.5,1000,61.5,15,13,9,116,266,293,,,,météo correcte
2011-09-12,16,12,32,12,15,12,0.9,91,9,1008,57.875,16,16,10,116,116,116,,,,météo correcte
2011-09-13,13,11,30,8,13,12,0.9,88,10,1014,53.75,13,10,8,116,353,119,,,,météo correcte
2011-09-14,15,11,12,6,15,13,0.5,93,5,1020,83.25,15,12,10,248,353,119,,,,météo défavorable
2011-09-15,15,11,17,7,15,13,1,97,5.25,1019,91,15,12,10,248,122,353,,,,météo défavorable
2011-09-16,16,13,22,12,16,13,5.8,95,8.5,1014,80.75,16,13,12,389,353,353,,,,météo défavorable
2011-09-17,13,11,26,7,12,11,1.6,94,9,1009,70.5,13,10,8,119,353,353,,,,météo défavorable
2011-09-18,14,11,27,10,13,13,1.3,96,5.75,1014,88.625,14,12,9,266,353,122,,,,météo défavorable
2011-09-19,16,13,21,12,15,14,5.9,99,3.875,1012,91.625,16,15,12,266,266,296,,,,météo défavorable
2011-09-20,14,11,15,7,14,11,0.4,94,5,1017,73.75,14,11,9,248,353,113,,,,météo défavorable
2011-09-21,13,12,27,8,13,12,2,97,10,1016,57.375,13,12,9,116,353,353,,,,météo correcte
2011-09-22,15,12,15,10,15,14,0.5,94,5,1019,97,15,12,11,248,353,122,,,,météo défavorable
2011-09-23,14,13,27,9,14,13,0.9,91,7.75,1017,76.375,14,12,11,116,353,119,,,,météo défavorable
2011-09-24,16,12,15,9,16,12,1.3,94,5,1010,69.5,16,13,11,248,116,113,,,,météo défavorable
2011-09-25,15,12,23,12,15,12,5,98,9.25,1010,69.625,15,14,10,122,293,176,,,,météo défavorable
2011-09-26,16,10,16,5,15,12,0,93,5.75,1020,47,16,11,9,143,116,119,,,,météo correcte
2011-09-27,19,15,23,13,19,15,0.3,96,10,1022,76.375,19,16,14,119,119,116,,,,météo défavorable
2011-09-28,19,15,25,15,19,15,0.7,97,7,1021,59.625,19,16,14,266,113,116,,,,météo correcte
2011-09-29,18,15,22,14,17,17,1,98,6,1018,85.125,18,17,15,266,119,266,,,,météo défavorable
2011-09-30,17,15,21,14,17,15,8.6,99,7,1020,93.625,17,16,15,122,302,266,,,,météo défavorable
2011-10-01,14,12,9,10,14,14,20.5,100,4,1021,100,14,14,11,266,308,296,,,,météo très défavorable
2011-10-02,19,16,17,15,17,16,5.7,99,5.125,1023,100,19,17,16,266,266,248,,,,météo défavorable
2011-10-03,18,10,23,15,18,10,0.7,97,5.75,1019,60.25,18,15,8,119,113,143,,,,météo correcte
2011-10-04,15,9,15,5,14,13,0.1,95,5.25,1020,69.25,15,13,7,248,113,143,,,,météo défavorable
2011-10-05,17,15,31,13,17,13,2.4,95,9.75,1014,74,17,15,13,119,119,353,,,,météo défavorable
2011-10-06,11,8,36,5,11,8,0.6,85,9.75,1018,35.875,11,7,5,113,176,116,,,,météo défavorable
2011-10-07,13,10,21,8,13,8,0.5,84,9.25,1028,58.5,13,8,7,119,176,116,,,,météo correcte
2011-10-08,17,12,18,8,16,15,0.9,96,3.75,1028,89.875,17,16,11,143,266,122,,,,météo défavorable
2011-10-09,19,17,27,15,19,16,0.3,95,9,1020,80.375,19,16,17,119,116,119,,,,météo défavorable
2011-10-10,17,14,27,13,16,16,0.5,93,9.375,1016,79.625,17,15,13,122,119,119,,,,météo défavorable
2011-10-11,17,15,21,14,17,17,1.6,97,5.75,1018,90.875,17,16,15,119,266,119,,,,météo défavorable
2011-10-12,15,14,16,15,15,11,0.9,96,5.75,1025,78.875,15,15,13,266,353,143,,,,météo défavorable
2011-10-13,16,12,14,10,15,14,0.9,96,1,1026,96.875,16,15,12,248,266,266,,,,météo défavorable
2011-10-14,16,13,23,11,15,15,1.7,95,5.75,1026,85.875,16,15,11,266,353,119,,,,météo défavorable
2011-10-15,14,13,17,13,14,12,5.4,99,5.5,1021,87.125,14,14,12,266,296,296,,,,météo défavorable
2011-10-16,13,10,18,8,13,10,0.2,96,5.75,1022,46.75,13,9,9,248,116,116,,,,météo correcte
2011-10-17,13,10,38,7,13,5,4.2,96,8.125,1018,46.875,13,10,7,116,266,176,,,,météo correcte
2011-10-18,9,6,30,3,9,5,0.5,90,9.875,1018,25.125,9,6,2,116,176,113,,,,météo défavorable
2011-10-19,9,6,22,2,9,4,0.3,85,4.25,1030,51.125,9,4,2,248,113,143,,,,météo défavorable
2011-10-20,11,5,17,2,10,8,0.1,88,7,1029,43.375,11,9,3,143,119,116,,,,météo très défavorable
2011-10-21,13,10,28,9,13,10,0,91,10,1021,62.875,13,10,8,116,122,116,,,,météo correcte
2011-10-22,13,11,25,11,12,8,6,97,7.5,1010,76.875,13,11,9,266,302,116,,,,météo défavorable
2011-10-23,13,9,30,7,11,13,29.7,99,5.625,1000,77,13,12,7,263,302,308,,,,météo très défavorable
2011-10-24,13,9,15,11,10,8,2.9,96,5,988,94,13,13,7,266,266,122,,,,météo défavorable
2011-10-25,11,7,18,6,11,6,9.1,97,8.375,994,55.625,11,8,6,296,116,113,,,,météo défavorable
2011-10-26,11,5,20,3,10,8,0,92,7,999,26,11,8,3,143,116,116,,,,météo très défavorable
2011-10-27,12,8,17,4,12,6,0.2,95,4.625,1016,43,12,9,7,248,116,143,,,,météo défavorable
2011-10-28,12,7,26,3,12,9,0,93,7,1020,28.375,12,10,4,143,116,116,,,,météo défavorable
2011-10-29,14,13,26,12,14,11,6.8,98,6.5,1014,71.375,14,13,10,266,296,116,,,,météo défavorable
2011-10-30,16,11,24,9,16,14,3.4,98,6.25,1012,93.125,16,14,9,248,122,296,,,,météo défavorable
2011-10-31,14,12,30,13,13,9,6.7,98,6.375,1004,60.125,14,13,11,266,299,176,,,,météo correcte
2011-11-01,12,7,26,5,11,11,1.4,93,9,1004,48.75,12,11,5,113,116,119,,,,météo défavorable
2011-11-02,13,11,35,9,12,12,25.5,98,7.75,997,100,13,13,7,296,302,302,,,,météo très défavorable
2011-11-03,14,12,27,12,14,10,2.8,98,10,985,88.25,14,12,10,122,353,353,,,,météo défavorable
2011-11-04,11,6,9,4,11,6,0.3,96,3.125,1001,47.875,11,9,5,248,116,143,,,,météo défavorable
2011-11-05,10,4,13,2,9,4,0,92,7,1022,7.5,10,7,2,143,113,113,,,,météo très défavorable
2011-11-06,9,3,6,-2,8,2,0,84,10,1028,10.375,9,6,3,113,113,116,,,,météo très défavorable
2011-11-07,9,3,12,0,9,4,0,84,10,1028,5.5,9,7,1,113,113,113,,,,météo très défavorable
2011-11-08,11,9,19,8,10,10,1.9,99,4,1015,93.625,11,11,7,266,266,122,,,,météo défavorable
2011-11-09,13,10,24,12,13,10,2.4,98,6,1006,74.25,13,12,8,266,119,116,,,,météo défavorable
2011-11-10,12,8,23,7,12,10,0,96,10,1011,43.75,12,11,6,116,116,122,,,,météo défavorable
2011-11-11,12,10,32,8,12,12,7,97,6.625,1008,72.75,12,11,6,266,302,116,,,,météo défavorable
2011-11-12,12,6,14,5,11,9,0,91,10,1021,39.5,12,10,5,113,113,119,,,,météo défavorable
2011-11-13,14,11,26,9,13,13,1.3,97,5,1020,90.875,14,13,8,266,266,266,,,,météo défavorable
2011-11-14,12,11,18,11,12,12,1.7,97,5,1018,95.625,12,12,10,122,266,266,,,,météo défavorable
2011-11-15,11,9,20,8,10,10,0.7,98,9,1016,88.375,11,9,7,122,119,122,,,,météo défavorable
2011-11-16,12,11,21,10,12,10,5.4,99,7.625,1013,89.125,12,11,9,122,353,296,,,,météo défavorable
2011-11-17,12,9,37,6,10,11,7.8,96,7.5,1011,72.125,12,12,6,119,296,296,,,,météo défavorable
2011-11-18,12,12,29,11,12,12,3.5,98,2,1006,100,12,12,9,266,266,266,,,,météo défavorable
2011-11-19,13,11,13,12,13,9,12.6,99,6.125,1012,94.5,13,12,10,389,119,248,,,,météo défavorable
2011-11-20,12,9,15,7,12,11,1,99,3,1015,96.125,12,11,7,248,266,266,,,,météo défavorable
2011-11-21,11,9,12,9,11,7,2.7,99,3,1011,99.375,11,10,8,248,266,266,,,,météo défavorable
2011-11-22,7,2,8,2,6,4,0.1,94,7,1022,20.5,7,6,-1,143,113,116,,,,météo très défavorable
2011-11-23,11,7,22,6,11,9,5.3,98,7.5,1021,69.125,11,10,4,119,116,296,,,,météo défavorable
2011-11-24,12,10,35,9,11,11,1.7,96,7.875,1021,83.25,12,11,7,122,116,266,,,,météo défavorable
2011-11-25,8,4,23,3,8,5,0.8,90,9.25,1026,35.25,8,6,-1,113,263,116,,,,météo très défavorable
2011-11-26,12,8,28,7,12,11,0,95,10,1024,58.125,12,12,5,116,116,119,,,,météo défavorable
2011-11-27,11,4,17,6,7,4,1.8,90,9.75,1027,28.5,11,11,0,116,113,113,,,,météo très défavorable
2011-11-28,12,8,32,6,11,12,5.7,98,7.625,1025,75.125,12,12,5,119,266,296,,,,météo défavorable
2011-11-29,11,5,26,11,6,3,15.1,97,8,1008,67.75,11,11,1,302,296,113,,,,météo très défavorable
2011-11-30,9,6,33,5,9,8,4.9,92,9.375,1012,50.5,9,7,2,116,119,176,,,,météo défavorable
2011-12-01,7,2,12,1,6,4,3.5,94,7.125,1008,51.5,7,6,-1,116,119,263,,,,météo très défavorable
2011-12-02,9,3,28,1,5,9,7.4,98,8.125,1014,64.75,9,9,-1,113,266,302,,,,météo très défavorable
2011-12-03,9,5,20,5,8,5,0.4,97,9,1008,68.375,9,9,2,119,119,116,,,,météo très défavorable
2011-12-04,5,4,18,5,5,2,5.7,100,8,1007,79,5,5,1,119,296,263,,,,météo très défavorable
2011-12-05,4,2,19,0,3,3,2,93,7.25,1010,58.875,4,3,-3,116,266,353,,,,météo très défavorable
2011-12-06,6,3,19,2,5,5,3.5,99,7,1009,75.625,6,6,-1,266,296,263,,,,météo très défavorable
2011-12-07,6,4,26,2,5,5,0.1,89,10,1016,51,6,4,-1,122,116,116,,,,météo très défavorable
2011-12-08,9,5,39,9,7,3,3.4,95,8.125,1014,71.625,9,9,-1,122,293,119,,,,météo très défavorable
2011-12-09,4,1,17,0,4,0,0.4,91,9.875,1014,49.25,4,2,-3,116,182,113,,,,météo très défavorable
2011-12-10,5,0,17,0,5,4,0.7,94,8.75,1016,62.375,5,4,-4,116,116,263,,,,météo très défavorable
2011-12-11,7,4,16,4,6,2,1.7,96,7.75,1007,83.875,7,7,1,122,266,113,,,,météo très défavorable
2011-12-12,8,1,37,1,4,8,5.4,98,8.375,1004,54.5,8,8,-4,113,266,296,,,,météo très défavorable
2011-12-13,4,1,35,1,2,1,1.6,88,9.125,988,36.125,4,2,-5,116,323,113,,,,météo très défavorable
2011-12-14,5,-1,25,0,3,1,0.3,80,9,989,33.25,5,1,-6,113,266,116,,,,météo très défavorable
2011-12-15,4,2,19,0,4,4,2.4,92,9.375,999,52.875,4,2,-3,116,116,326,,,,météo très défavorable
2011-12-16,4,-2,19,0,3,3,0.1,90,10,1007,31.5,4,1,-6,116,113,116,,,,météo très défavorable
2011-12-17,5,1,17,1,4,4,2,94,8.25,1008,55.125,5,3,-3,116,113,116,,,,météo très défavorable
2011-12-18,4,0,12,-1,3,2,0.1,94,7,1021,53.625,4,3,-4,116,122,143,,,,météo très défavorable
2011-12-19,8,4,21,4,8,5,5.5,100,6.5,1019,83.25,8,8,1,302,266,116,,,,météo très défavorable
2011-12-20,10,3,17,5,5,9,4.6,97,6.875,1020,90.75,10,10,0,119,263,302,,,,météo très défavorable
2011-12-21,12,9,24,8,11,11,1.3,97,7,1023,79.25,12,11,6,122,119,116,,,,météo défavorable
2011-12-22,12,8,23,8,12,11,0.4,98,10,1024,73.875,12,12,6,116,119,122,,,,météo défavorable
2011-12-23,10,4,23,6,5,2,8.5,94,9.125,1029,47.375,10,10,-1,302,113,113,,,,météo très défavorable
2011-12-24,8,6,28,3,8,8,0.9,92,8.375,1029,68.5,8,7,1,116,266,119,,,,météo très défavorable
2011-12-25,13,10,26,8,12,12,3.2,96,8.5,1024,73.375,13,12,7,263,263,116,,,,météo défavorable
2011-12-26,11,9,33,8,11,11,0.2,97,10,1026,69.375,11,11,5,119,119,119,,,,météo défavorable
2011-12-27,9,7,32,5,9,9,1.6,96,9.875,1027,66.75,9,9,3,116,119,119,,,,météo défavorable
2011-12-28,9,2,33,3,5,3,7.1,89,9,1029,51.5,9,8,-3,116,116,116,,,,météo très défavorable
2011-12-29,8,5,29,5,8,7,1.2,95,7,1028,76.625,8,8,1,266,119,122,,,,météo très défavorable
2011-12-30,12,9,25,8,12,11,6.4,98,6.5,1023,96.5,12,11,7,296,266,296,,,,météo défavorable
2011-12-31,13,10,22,9,12,12,4.3,96,4.625,1011,91,13,12,7,263,266,296,,,,météo défavorable
2012-01-01,7,5,24,6,7,2,0.3,91,9.875,1003,32,7,7,0,116,116,113,,,,météo très défavorable
2012-01-02,5,1,26,1,4,4,2.6,87,9.625,1006,59.5,5,5,-5,116,116,122,,,,météo très défavorable
2012-01-03,10,5,40,9,5,4,11.9,89,8.875,1012,53.875,10,10,-1,296,176,176,,,,météo très défavorable
2012-01-04,8,4,36,4,7,7,0.7,94,9,1021,78.625,8,7,-1,119,122,122,,,,météo très défavorable
2012-01-05,10,6,32,7,8,5,2.1,89,8.875,1024,37.375,10,9,1,116,113,116,,,,météo défavorable
2012-01-06,11,6,22,5,10,10,1,95,5.375,1027,74,11,10,3,143,116,266,,,,météo défavorable
2012-01-07,10,5,21,6,7,5,0.9,94,8,1028,72.75,10,10,1,119,119,119,,,,météo très défavorable
2012-01-08,11,9,16,7,11,7,0.2,98,6.25,1029,56.5,11,10,7,248,116,113,,,,météo défavorable
2012-01-09,9,8,13,8,9,4,0.5,99,8,1032,47.5,9,8,6,119,113,116,,,,météo défavorable
2012-01-10,10,8,21,7,10,8,0.3,98,7.5,1031,75.625,10,9,6,119,116,116,,,,météo défavorable
2012-01-11,12,10,17,8,11,11,1.3,98,8,1031,79.375,12,11,8,119,116,119,,,,météo défavorable
2012-01-12,11,9,20,8,10,10,1.7,98,4,1034,87.875,11,10,6,122,266,266,,,,météo défavorable
2012-01-13,7,3,8,1,6,5,0,90,7,1035,61.625,7,6,1,116,122,143,,,,météo très défavorable
2012-01-14,6,4,27,2,6,6,0.3,93,10,1030,64.25,6,4,-1,116,119,119,,,,météo très défavorable
2012-01-15,6,3,28,4,6,3,0,86,10,1020,53.375,6,3,-2,116,116,116,,,,météo très défavorable
2012-01-16,7,5,24,4,7,6,0.3,90,10,1020,74.875,7,6,1,119,119,119,,,,météo très défavorable
2012-01-17,9,7,26,5,8,8,1.7,97,8.25,1021,82.875,9,9,3,263,266,122,,,,météo défavorable
2012-01-18,11,8,12,11,9,8,2.8,99,7.25,1023,87.5,11,11,8,122,296,263,,,,météo défavorable
2012-01-19,8,6,30,6,8,4,2.2,97,7.875,1025,61.875,8,6,3,266,116,116,,,,météo très défavorable
2012-01-20,11,6,27,6,8,11,1.1,97,7,1025,66.25,11,10,1,116,116,266,,,,météo défavorable
2012-01-21,11,8,33,9,8,5,1.1,94,7,1021,69,11,10,4,266,116,116,,,,météo défavorable
2012-01-22,8,6,30,7,8,4,0,92,10,1020,58.625,8,7,1,122,116,116,,,,météo très défavorable
2012-01-23,10,6,12,5,8,6,2.4,99,2.375,1021,94.375,10,9,4,248,266,248,,,,météo défavorable
2012-01-24,12,10,21,9,12,8,8.1,98,6.5,1020,85.125,12,11,8,296,266,116,,,,météo défavorable
2012-01-25,9,8,44,8,9,3,7,98,7.5,1014,72,9,9,4,122,266,176,,,,météo défavorable
2012-01-26,5,2,23,0,4,4,1.4,91,8.25,1010,54.625,5,3,-3,116,113,266,,,,météo très défavorable
2012-01-27,6,1,19,0,5,2,0.3,96,9.875,1027,29,6,4,-4,116,116,113,,,,météo très défavorable
2012-01-28,7,4,19,3,6,5,8,97,6.875,1020,67.875,7,6,0,116,113,113,,,,météo très défavorable
2012-01-29,9,6,15,6,8,6,23.9,100,5.375,1030,87.625,9,9,4,302,302,143,,,,météo très défavorable
2012-01-30,7,5,17,4,7,7,6.6,100,4.125,1022,100,7,7,2,266,296,296,,,,météo très défavorable
2012-01-31,5,3,25,4,4,0,0.8,98,7.375,1029,74.625,5,5,-1,122,263,116,,,,météo très défavorable
2012-02-01,3,-3,16,-3,2,-2,0,95,9,1038,13.5,3,0,-7,113,113,113,,,,météo très défavorable
2012-02-02,4,-3,19,-3,3,-1,0,84,10,1038,49.375,4,0,-7,116,119,116,,,,météo très défavorable
2012-02-03,6,1,26,-1,6,4,1.4,85,8.875,1037,60.375,6,3,-4,119,119,296,,,,météo très défavorable
2012-02-04,8,4,22,5,7,5,6.3,100,7.375,1034,85.125,8,8,1,296,122,293,,,,météo très défavorable
2012-02-05,5,3,9,2,5,4,2.7,99,4.875,1031,94.5,5,5,0,143,266,266,,,,météo très défavorable
2012-02-06,10,9,13,8,9,9,2.1,99,1.75,1034,100,10,10,6,266,266,266,,,,météo défavorable
2012-02-07,8,5,19,4,7,7,1.3,97,7,1037,81,8,7,2,266,119,119,,,,météo très défavorable
2012-02-08,6,4,27,4,5,5,8.2,95,7.375,1038,90.375,6,5,0,122,302,266,,,,météo très défavorable
2012-02-09,11,5,15,4,9,9,0.3,99,7.75,1037,92,11,9,2,122,119,143,,,,météo très défavorable
2012-02-10,12,6,2,5,10,8,3.2,99,5.75,1033,85.875,12,9,6,266,119,353,,,,météo défavorable
2012-02-11,8,6,13,5,7,7,5.5,100,6.625,1033,100,8,8,4,296,296,353,,,,météo très défavorable
2012-02-12,9,5,12,4,8,6,0.3,99,2.5,1037,91.25,9,7,4,248,116,248,,,,météo très défavorable
2012-02-13,8,3,24,1,7,5,0.3,98,6.5,1037,71.25,8,7,-1,248,122,116,,,,météo très défavorable
2012-02-14,8,2,29,2,7,6,0,96,10,1036,62.25,8,5,-3,116,119,116,,,,météo très défavorable
2012-02-15,10,8,24,7,9,7,1.1,98,8.375,1036,79.625,10,8,4,263,353,266,,,,météo défavorable
2012-02-16,10,5,25,6,9,8,0.7,95,7,1035,80.25,10,8,2,119,122,119,,,,météo très défavorable
2012-02-17,11,9,21,7,10,10,1.5,98,4,1027,98.125,11,10,6,266,266,122,,,,météo défavorable
2012-02-18,7,5,34,6,6,3,2.9,91,9.75,1022,57.375,7,6,1,296,116,113,,,,météo très défavorable
2012-02-19,8,1,13,-1,7,3,0.3,86,10,1031,31.25,8,3,-2,116,116,113,,,,météo très défavorable
2012-02-20,10,4,30,2,9,7,0.5,89,9,1030,57.75,10,7,0,116,122,116,,,,météo très défavorable
2012-02-21,12,8,31,7,11,9,0.8,97,9,1023,79.375,12,9,5,119,116,119,,,,météo défavorable
2012-02-22,14,11,35,9,13,13,5.8,98,6.5,1020,95.5,14,13,8,296,266,266,,,,météo défavorable
2012-02-23,15,12,29,12,15,12,0,98,10,1024,66.125,15,13,10,119,116,116,,,,météo défavorable
2012-02-24,11,9,13,11,9,5,1.3,98,8.375,1030,65,11,10,7,122,263,116,,,,météo défavorable
2012-02-25,12,6,12,1,11,7,0,95,4.5,1030,48,12,8,5,248,116,113,,,,météo défavorable
2012-02-26,12,7,21,3,12,9,0.5,98,4.25,1029,83.75,12,11,5,248,122,266,,,,météo défavorable
2012-02-27,14,8,19,6,13,10,0,97,7.75,1025,60.75,14,11,6,119,116,116,,,,météo correcte
2012-02-28,12,7,17,5,11,9,0.1,97,5.25,1023,84.25,12,9,6,248,116,119,,,,météo défavorable
2012-02-29,12,9,29,7,11,11,0.7,96,7.125,1022,82.5,12,10,6,266,116,263,,,,météo défavorable
2012-03-01,13,9,16,8,12,10,0.7,97,7.75,1025,77.25,13,10,7,119,119,353,,,,météo défavorable
2012-03-02,11,8,30,8,11,8,0.4,96,7.75,1026,65,11,8,4,119,113,116,,,,météo défavorable
2012-03-03,9,5,25,5,9,5,6.1,93,8.5,1016,43.375,9,8,2,113,353,113,,,,météo très défavorable
2012-03-04,6,1,26,-2,5,3,0.3,90,6.75,1028,25.75,6,2,-4,143,113,116,,,,météo très défavorable
2012-03-05,9,2,18,0,9,2,0.2,90,9,1031,23.75,9,5,1,143,113,113,,,,météo très défavorable
2012-03-06,11,6,24,3,9,11,5.9,98,8.5,1028,80.75,11,10,2,116,266,122,,,,météo défavorable
2012-03-07,10,4,39,8,7,4,1.6,89,6.875,1026,77.875,10,10,0,266,353,116,,,,météo très défavorable
2012-03-08,11,6,25,2,10,8,0,92,10,1032,43.25,11,8,2,119,119,113,,,,météo défavorable
2012-03-09,14,10,23,8,14,12,0.4,95,9,1033,75.625,14,11,8,266,122,119,,,,météo défavorable
2012-03-10,14,10,10,6,13,12,0.2,94,4,1040,85.25,14,11,8,248,119,116,,,,météo défavorable
2012-03-11,15,9,8,2,13,12,0.1,95,4.25,1040,76.125,15,12,9,248,116,119,,,,météo défavorable
2012-03-12,12,8,12,0,12,9,0,95,4,1037,73.5,12,10,7,248,116,143,,,,météo défavorable
2012-03-13,13,7,9,1,11,10,0,94,3,1034,72.875,13,10,6,248,113,143,,,,météo défavorable
2012-03-14,13,8,19,4,13,9,0,95,5,1031,60.375,13,9,5,248,113,113,,,,météo correcte
2012-03-15,13,8,14,7,11,9,0.1,96,5.25,1026,71.625,13,10,6,143,116,119,,,,météo défavorable
2012-03-16,12,8,25,8,12,8,1.3,95,7.875,1018,67,12,9,5,266,176,116,,,,météo défavorable
2012-03-17,8,5,10,0,8,6,2.1,93,4.875,1016,56.125,8,4,4,143,119,266,,,,météo très défavorable
2012-03-18,8,2,18,0,7,5,2.3,98,7,1022,42.625,8,5,-1,116,113,113,,,,météo très défavorable
2012-03-19,11,5,18,0,11,9,0.2,90,7,1033,54.375,11,8,3,143,119,119,,,,météo très défavorable
2012-03-20,12,9,19,4,12,10,0.2,92,8.75,1033,60.125,12,9,6,248,119,116,,,,météo défavorable
2012-03-21,11,8,19,6,11,8,0.1,93,6.25,1033,66.5,11,8,6,248,116,116,,,,météo défavorable
2012-03-22,11,7,26,3,11,10,0.6,94,6.5,1030,86.625,11,9,4,122,119,122,,,,météo défavorable
2012-03-23,11,7,26,3,10,9,0.8,94,4.625,1023,86.875,11,9,4,248,266,119,,,,météo défavorable
2012-03-24,14,11,28,6,14,11,0,91,10,1026,55.125,14,10,8,116,113,122,,,,météo correcte
2012-03-25,15,10,19,6,15,12,0,91,7.75,1033,34.625,15,12,9,248,113,113,,,,météo correcte
2012-03-26,15,10,17,5,14,12,0,91,7,1035,8.25,15,11,8,143,113,113,,,,météo correcte
2012-03-27,15,10,14,5,15,11,0,87,7,1036,0.375,15,10,9,143,113,113,,,,météo correcte
2012-03-28,17,11,5,0,16,13,0,81,10,1036,0.375,17,10,11,113,113,113,,,,météo correcte
2012-03-29,16,10,10,2,15,13,0,86,10,1034,29.125,16,11,10,113,122,116,,,,météo correcte
2012-03-30,12,8,15,3,11,10,0.3,95,5.5,1032,74.75,12,9,6,248,119,119,,,,météo défavorable
2012-03-31,11,9,15,6,11,9,0.5,94,6.25,1026,73.875,11,9,7,248,119,116,,,,météo défavorable
2012-04-01,11,7,5,-1,11,10,0.5,92,6,1024,53,11,8,6,143,353,119,,,,météo défavorable
2012-04-02,11,8,8,5,10,9,3,95,6.75,1017,69.875,11,9,8,248,353,353,,,,météo défavorable
2012-04-03,7,4,28,3,6,4,1.7,96,6.375,1015,70.75,7,7,-1,122,176,368,,,,météo très défavorable
2012-04-04,7,-2,36,-2,6,5,0.4,79,10,1024,38.75,7,2,-8,113,119,116,,,,météo très défavorable
2012-04-05,9,-3,18,-3,8,8,0,99,9,1025,36.25,9,5,-8,116,113,119,,,,météo très défavorable
2012-04-06,12,1,19,1,12,9,0.7,98,5.5,1024,81.125,12,9,-2,248,353,119,,,,météo très défavorable
2012-04-07,12,7,18,7,11,11,1,100,8,1020,88.875,12,10,5,122,353,143,,,,météo défavorable
2012-04-08,12,8,21,8,12,9,1.6,98,7,1019,91.5,12,9,5,122,116,266,,,,météo défavorable
2012-04-09,9,6,25,8,9,6,8.9,99,7.125,1005,79.5,9,8,3,266,302,176,,,,météo défavorable
2012-04-10,10,1,20,1,9,8,0.9,97,8.75,994,33.5,10,6,-4,116,176,113,,,,météo très défavorable
2012-04-11,11,0,20,0,10,8,1.6,96,5.75,1005,44,11,7,-2,143,176,176,,,,météo très défavorable
2012-04-12,11,1,17,1,10,8,1.7,99,4.625,1008,65,11,7,-2,248,176,176,,,,météo très défavorable
2012-04-13,9,0,10,0,8,8,2.3,98,5.125,1007,81.75,9,7,-3,260,353,353,,,,météo très défavorable
2012-04-14,8,-3,19,-3,7,7,0.8,99,5.25,1018,42.375,8,5,-7,260,353,113,,,,météo très défavorable
2012-04-15,9,-4,14,-4,8,8,0.1,97,7,1027,19.875,9,3,-8,143,116,116,,,,météo très défavorable
2012-04-16,10,4,33,4,8,8,4.8,99,7.625,1028,85,10,10,1,119,266,296,,,,météo très défavorable
2012-04-17,9,2,32,2,9,6,11,97,9.25,1002,63.125,9,9,-2,116,353,176,,,,météo très défavorable
2012-04-18,10,2,25,2,10,8,1.9,99,7.875,988,50.375,10,6,-3,116,116,176,,,,météo très défavorable
2012-04-19,10,0,22,0,10,8,1.6,99,5.875,994,53.375,10,7,-3,248,176,176,,,,météo très défavorable
2012-04-20,10,0,19,0,9,8,1.6,96,7.375,996,25.75,10,7,-3,143,176,176,,,,météo très défavorable
2012-04-21,10,1,24,1,10,8,2.1,98,8.5,1004,50.125,10,7,-2,116,353,176,,,,météo très défavorable
2012-04-22,9,5,22,5,9,9,1.4,99,8.875,1004,75.375,9,8,2,122,353,176,,,,météo très défavorable
2012-04-23,10,1,17,1,9,9,2.6,94,8.875,999,60,10,8,-2,119,353,353,,,,météo très défavorable
2012-04-24,12,1,9,1,12,9,4.2,98,6.125,1001,59.5,12,8,-1,248,176,353,,,,météo très défavorable
2012-04-25,7,3,29,3,6,6,10.6,100,6,990,98.75,7,7,-2,296,302,266,,,,météo très défavorable
2012-04-26,8,4,30,4,8,7,2.9,99,4.375,1004,84.375,8,7,0,266,266,263,,,,météo très défavorable
2012-04-27,9,1,19,1,8,7,2.2,99,6.875,1019,73.125,9,5,-3,122,353,176,,,,météo très défavorable
2012-04-28,10,-3,24,-3,10,8,0.4,98,6.125,1022,28.875,10,5,-8,260,176,113,,,,météo très défavorable
2012-04-29,8,0,36,0,8,4,6.5,100,8.875,1021,58,8,4,-5,116,116,302,,,,météo très défavorable
2012-04-30,9,5,33,5,9,9,7.2,100,6.375,1014,83.125,9,8,0,266,266,293,,,,météo très défavorable
2012-05-01,12,7,26,7,9,12,9.3,99,4.875,1022,90.875,12,10,4,302,266,176,,,,météo défavorable
2012-05-02,15,6,10,6,14,13,1.4,99,5,1023,87.75,15,12,5,248,353,353,,,,météo défavorable
2012-05-03,13,7,9,7,12,12,2.9,99,3,1020,88.375,13,11,5,296,266,176,,,,météo défavorable
2012-05-04,12,4,17,4,12,8,2.9,99,5.375,1011,91.125,12,10,2,248,122,296,,,,météo très défavorable
2012-05-05,9,4,16,4,9,8,1.1,98,4.25,1015,85.625,9,4,1,248,353,353,,,,météo très défavorable
2012-05-06,10,1,18,1,10,8,1.1,85,9.125,1014,40.5,10,7,-1,116,116,176,,,,météo très défavorable
2012-05-07,12,6,21,6,12,10,5.3,100,7.625,1010,65.625,12,9,4,266,176,176,,,,météo défavorable
2012-05-08,11,6,14,6,10,10,1.3,99,5.125,1010,65,11,7,3,266,176,176,,,,météo défavorable
2012-05-09,9,2,13,2,6,9,6.3,100,5,1007,91.375,9,9,-1,296,296,266,,,,météo très défavorable
2012-05-10,11,6,14,6,9,10,12.9,99,3.875,1011,98.5,11,10,5,266,296,266,,,,météo défavorable
2012-05-11,11,3,22,3,11,9,1.7,99,6.375,1036,57.875,11,7,0,248,353,113,,,,météo très défavorable
2012-05-12,13,2,15,2,12,11,1.1,89,6.625,1041,22.625,13,8,0,113,113,113,,,,météo correcte
2012-05-13,12,3,26,3,12,9,1.2,96,6.875,1037,47.5,12,7,0,143,116,122,,,,météo très défavorable
2012-05-14,11,4,28,4,11,8,1.8,99,7.625,1019,47,11,7,1,113,176,113,,,,météo très défavorable
2012-05-15,11,2,22,2,11,9,1.3,91,9.75,1026,28.375,11,7,-2,119,113,176,,,,météo très défavorable
2012-05-16,10,2,7,2,10,9,2.1,93,5.625,1028,66.875,10,8,1,116,122,266,,,,météo très défavorable
2012-05-17,11,4,13,4,9,10,3.1,99,4.5,1021,85.125,11,9,3,248,263,353,,,,météo très défavorable
2012-05-18,10,4,17,4,9,10,11,100,7.75,1009,92.625,10,9,1,296,296,296,,,,météo très défavorable
2012-05-19,10,7,18,7,9,10,5.2,99,5.375,1012,100,10,9,4,266,296,353,,,,météo défavorable
2012-05-20,14,6,6,6,14,13,0.6,97,4.25,1013,69,14,12,6,143,353,266,,,,météo défavorable
2012-05-21,15,7,19,7,15,13,0.2,97,5.25,1012,65.75,15,12,5,143,116,116,,,,météo défavorable
2012-05-22,17,11,18,11,15,16,1.2,98,4.5,1020,99,17,15,10,266,266,122,,,,météo défavorable
2012-05-23,17,11,22,11,17,15,0.7,98,5,1026,81.875,17,14,9,248,353,113,,,,météo défavorable
2012-05-24,20,9,8,9,19,19,0,97,5.5,1028,30.5,20,17,9,143,113,113,,,,météo favorable
2012-05-25,21,11,17,11,19,20,0.5,96,5.75,1025,56.875,21,19,11,143,266,113,,,,météo correcte
2012-05-26,20,11,26,11,19,19,0,98,10,1020,14.125,20,17,10,116,113,113,,,,météo favorable
2012-05-27,17,12,15,12,17,15,1.1,99,3,1019,94.875,17,16,12,248,353,119,,,,météo défavorable
2012-05-28,16,9,22,9,15,14,0.9,91,6.75,1019,62,16,13,8,116,266,353,,,,météo correcte
2012-05-29,17,12,17,12,15,16,0.9,98,2.875,1018,82.125,17,14,12,248,266,113,,,,météo défavorable
2012-05-30,18,12,11,12,16,17,3.1,99,6.375,1020,78,18,15,12,248,353,353,,,,météo défavorable
2012-05-31,19,11,18,11,16,17,4.6,99,5.25,1019,99,20,17,10,296,266,122,,,,météo défavorable
2012-06-01,20,13,12,13,19,19,1.7,99,5.25,1020,92.5,21,19,14,248,353,353,,,,météo défavorable
2012-06-02,14,9,13,9,14,13,18.3,99,5.25,1017,87.125,15,14,8,143,296,296,,,,météo très défavorable
2012-06-03,12,10,18,12,10,10,23.3,100,6.25,1012,92.5,12,12,8,302,296,266,,,,météo très défavorable
2012-06-04,14,5,12,5,14,12,0.9,96,5.5,1017,72.5,15,11,4,143,353,353,,,,météo très défavorable
2012-06-05,15,9,13,9,14,15,7.1,100,7.5,1015,89.125,16,16,7,296,266,353,,,,météo défavorable
2012-06-06,16,9,10,9,14,14,4.4,98,5.25,1001,92,16,14,10,248,266,353,,,,météo défavorable
2012-06-07,14,10,19,10,14,14,29.9,100,7.25,996,96.125,15,14,7,308,296,353,,,,météo très défavorable
2012-06-08,13,8,31,8,12,12,14.7,99,8.125,1005,79.375,13,12,4,302,293,119,,,,météo défavorable
2012-06-09,15,6,12,6,14,14,2.9,95,8.75,1011,36.875,18,14,4,143,176,353,,,,météo correcte
2012-06-10,15,9,13,9,15,14,3.5,96,6.75,1010,70.375,18,15,9,143,353,353,,,,météo défavorable
2012-06-11,16,10,10,10,15,15,7.2,97,6.75,1008,82.25,17,15,10,263,353,353,,,,météo défavorable
2012-06-12,16,8,13,8,16,13,9.3,99,4.375,1013,89.625,18,15,7,248,176,356,,,,météo défavorable
2012-06-13,15,9,10,9,13,14,7,99,7,1014,92.875,16,14,8,266,353,353,,,,météo défavorable
2012-06-14,12,7,27,7,11,11,14.1,99,4.75,1013,94,12,12,5,248,263,302,,,,météo défavorable
2012-06-15,15,10,23,10,14,14,19.2,100,6.25,994,99.125,16,14,8,302,266,389,,,,météo très défavorable
2012-06-16,14,12,21,12,14,12,7.6,100,7.875,1009,91.875,14,13,9,389,353,122,,,,météo défavorable
2012-06-17,16,6,9,6,16,13,3,97,6.25,1016,91.5,16,13,6,248,122,353,,,,météo défavorable
2012-06-18,13,7,15,7,11,13,5.4,98,4,1015,86.875,13,12,6,248,296,176,,,,météo défavorable
2012-06-19,15,7,13,7,15,14,1.2,96,4.875,1017,55.375,17,13,6,143,176,176,,,,météo correcte
2012-06-20,16,10,17,10,16,14,0.9,98,5,1017,85.375,17,14,9,248,353,119,,,,météo défavorable
2012-06-21,15,9,17,9,13,13,14.5,100,7.125,1009,96.125,15,13,7,296,266,353,,,,météo défavorable
2012-06-22,14,11,28,11,14,13,3.7,100,6.75,1015,81.75,15,12,8,266,353,176,,,,météo défavorable
2012-06-23,14,10,22,10,13,13,2,98,8.75,1016,85.625,15,13,8,119,353,353,,,,météo défavorable
2012-06-24,17,10,16,10,16,16,2.6,99,7.375,1017,77.25,19,16,8,119,353,176,,,,météo défavorable
2012-06-25,15,9,9,9,15,14,0,95,5.25,1019,62.625,16,14,9,143,116,116,,,,météo correcte
2012-06-26,21,14,15,14,20,19,4.6,100,5.75,1016,90,25,20,14,266,266,353,,,,météo défavorable
2012-06-27,20,14,15,14,20,19,4.5,99,6.875,1016,70.125,24,19,13,263,116,116,,,,météo défavorable
2012-06-28,18,14,23,15,17,14,10.1,99,6.25,1007,88.375,19,16,13,266,353,353,,,,météo défavorable
2012-06-29,17,12,19,12,16,16,4.5,98,6.5,997,84.125,17,16,10,122,266,353,,,,météo défavorable
2012-06-30,13,11,23,11,12,12,2.5,99,8.5,1010,72.25,15,12,10,248,353,176,,,,météo défavorable
2012-07-01,16,9,17,9,16,12,8.1,99,6.25,1011,81.125,17,13,7,116,353,302,,,,météo défavorable
2012-07-02,18,14,12,14,17,18,6.3,100,5.5,1008,96.125,20,19,13,389,353,353,,,,météo défavorable
2012-07-03,17,14,14,14,16,17,2.7,100,2,1008,100,18,17,13,266,389,266,,,,météo défavorable
2012-07-04,17,12,19,12,16,16,4.1,98,5.25,1004,91.125,18,16,11,248,353,353,,,,météo défavorable
2012-07-05,18,11,9,11,18,18,4.3,98,6.25,1009,80.625,20,18,10,248,353,353,,,,météo défavorable
2012-07-06,19,12,16,12,17,16,8.5,99,7,1011,81.25,19,17,12,116,122,302,,,,météo défavorable
2012-07-07,18,14,12,14,17,18,3.7,99,5.875,1009,80.875,19,17,13,266,353,353,,,,météo défavorable
2012-07-08,14,12,18,12,14,14,1.5,99,3.25,1012,100,15,14,11,248,266,266,,,,météo défavorable
2012-07-09,15,9,13,9,13,15,4.5,98,6.5,1013,97,15,14,7,266,296,353,,,,météo défavorable
2012-07-10,15,8,19,8,15,14,1.7,99,7.5,1014,89,16,15,6,248,353,353,,,,météo défavorable
2012-07-11,15,9,18,9,14,13,1.2,100,7.25,1015,60.5,15,11,7,248,113,176,,,,météo correcte
2012-07-12,12,9,15,9,12,12,3.3,99,5.75,1015,81.375,13,13,7,113,266,389,,,,météo défavorable
2012-07-13,14,10,13,10,13,13,4.4,100,5.75,1003,100,15,13,10,353,266,353,,,,météo défavorable
2012-07-14,14,9,17,9,14,13,2.7,99,7.5,1014,77.375,16,13,7,248,353,353,,,,météo défavorable
2012-07-15,16,6,15,6,16,16,4.2,99,6.25,1017,85.75,18,14,5,248,353,353,,,,météo défavorable
2012-07-16,19,13,23,13,19,17,5.8,100,7,1021,80.625,21,17,12,302,353,116,,,,météo défavorable
2012-07-17,20,12,17,12,19,19,1.4,97,5,1022,95.625,21,19,12,248,353,353,,,,météo défavorable
2012-07-18,16,14,20,14,16,15,3.6,99,8,1015,89.25,17,15,13,353,353,353,,,,météo défavorable
2012-07-19,16,10,15,10,14,14,1.2,99,6.375,1016,83.875,17,14,8,248,353,176,,,,météo défavorable
2012-07-20,17,9,10,9,16,16,1.2,98,4.875,1022,62.125,19,14,8,248,176,176,,,,météo correcte
2012-07-21,18,9,17,9,17,16,0.2,97,5.25,1024,59.625,19,15,9,143,119,113,,,,météo correcte
2012-07-22,17,11,21,11,16,17,0.6,96,8,1024,71,18,17,9,116,122,122,,,,météo défavorable
2012-07-23,20,16,21,16,19,19,2.9,99,2,1019,98.125,21,20,16,266,266,266,,,,météo défavorable
2012-07-24,18,13,7,13,17,17,7.8,100,7.375,1019,98,19,19,13,296,122,296,,,,météo défavorable
2012-07-25,19,14,9,14,17,19,6,100,5.25,1020,96.625,20,19,14,266,143,353,,,,météo défavorable
2012-07-26,20,13,13,13,19,17,1.6,98,4.75,1021,79.25,21,18,14,248,353,176,,,,météo défavorable
2012-07-27,16,12,22,12,16,14,0.9,99,6.25,1018,57.125,18,14,11,266,116,176,,,,météo correcte
2012-07-28,15,7,18,7,15,14,1.4,99,6.25,1016,87.125,17,13,5,248,353,353,,,,météo défavorable
2012-07-29,15,6,20,6,15,13,2.7,99,5.875,1015,55.125,16,13,4,248,176,176,,,,météo correcte
2012-07-30,16,6,9,6,15,14,2.8,98,6,1015,68.5,18,14,5,248,176,353,,,,météo défavorable
2012-07-31,16,12,19,12,14,16,13.5,99,5.625,1011,98.75,17,16,11,266,302,302,,,,météo défavorable
2012-08-01,16,14,21,15,16,15,6,98,6.25,1003,82.375,17,16,14,266,296,176,,,,météo défavorable
2012-08-02,16,10,20,10,16,15,1.9,98,6,1005,69,18,14,8,248,176,176,,,,météo défavorable
2012-08-03,17,12,23,12,17,15,3.4,100,7.625,1004,84.625,18,15,11,248,353,353,,,,météo défavorable
2012-08-04,17,11,17,11,17,16,14.6,100,6.625,1005,73.25,19,17,10,266,356,356,,,,météo défavorable
2012-08-05,16,10,15,10,15,15,0.9,99,4,1008,96,17,15,8,248,122,353,,,,météo défavorable
2012-08-06,16,8,12,8,16,15,3.9,100,5.125,1013,94.875,17,14,7,248,353,296,,,,météo défavorable
2012-08-07,19,10,12,10,14,19,10.4,99,7.5,1019,80.75,19,17,9,299,296,353,,,,météo défavorable
2012-08-08,20,14,5,14,19,20,8,99,9.125,1024,94.5,20,19,14,296,296,353,,,,météo défavorable
2012-08-09,22,14,7,14,20,21,1,100,6.375,1027,81.625,26,21,14,119,266,176,,,,météo défavorable
2012-08-10,21,12,16,12,21,20,0.1,93,6.75,1027,34.625,25,20,12,113,116,116,,,,météo favorable
2012-08-11,17,13,20,13,17,17,2.1,98,6,1020,70.625,18,17,12,116,266,266,,,,météo défavorable
2012-08-12,18,14,18,14,17,16,4.1,98,5.375,1010,97.25,18,17,14,248,353,353,,,,météo défavorable
2012-08-13,17,16,19,16,17,17,9.5,99,6.375,1004,90.75,18,17,16,389,353,353,,,,météo défavorable
2012-08-14,19,13,18,13,19,17,2.2,100,6.375,1007,72.625,20,17,13,353,353,176,,,,météo défavorable
2012-08-15,16,14,29,16,15,14,16.6,99,7.125,1003,73.75,17,16,12,296,308,113,,,,météo très défavorable
2012-08-16,18,12,25,12,18,15,8,99,9.125,1006,64.25,19,15,10,116,113,302,,,,météo correcte
2012-08-17,19,14,14,14,18,18,3.7,100,3.75,1006,95.125,20,19,14,296,266,266,,,,météo défavorable
2012-08-18,19,12,20,12,19,18,0.5,99,5.25,1014,74,21,17,11,248,119,116,,,,météo défavorable
2012-08-19,19,14,23,14,19,17,1.4,99,6.25,1014,91.25,20,17,14,248,353,353,,,,météo défavorable
2012-08-20,20,13,14,13,19,18,2.2,100,7.375,1018,81.75,24,18,12,248,353,176,,,,météo défavorable
2012-08-21,18,13,18,13,18,16,3,99,4.75,1017,66.875,19,16,12,248,353,176,,,,météo défavorable
2012-08-22,17,11,18,11,17,16,2.3,99,8.625,1016,82.25,18,15,10,248,353,176,,,,météo défavorable
2012-08-23,16,10,16,10,16,13,6,99,6.125,1015,85,17,15,9,248,176,296,,,,météo défavorable
2012-08-24,19,11,20,11,16,17,18.3,99,6,1005,83.875,20,19,9,302,266,356,,,,météo très défavorable
2012-08-25,15,11,19,11,14,14,1.4,100,5.5,1012,94.25,16,13,9,122,353,353,,,,météo défavorable
2012-08-26,16,6,18,6,16,15,0.8,99,6.25,1016,74.875,17,14,5,248,116,353,,,,météo défavorable
2012-08-27,19,15,19,15,18,16,12.9,99,7.375,1007,74.25,20,17,15,296,353,353,,,,météo défavorable
2012-08-28,16,8,22,8,16,14,1.1,98,5.125,1010,67,17,13,6,248,116,116,,,,météo défavorable
2012-08-29,16,10,25,10,16,14,3.3,98,9,1006,67.25,18,15,8,122,353,353,,,,météo défavorable
2012-08-30,14,10,21,10,13,13,0.1,97,8.75,1030,52.125,15,11,7,116,116,116,,,,météo correcte
2012-08-31,17,8,14,8,16,16,0.2,91,6.75,1032,61.625,19,17,7,116,122,116,,,,météo correcte
2012-09-01,18,9,19,9,18,16,0.8,99,5.25,1028,67.625,19,15,8,248,116,119,,,,météo défavorable
2012-09-02,19,13,10,13,18,17,0.3,99,4,1027,67.375,21,17,13,248,113,113,,,,météo défavorable
2012-09-03,20,10,15,10,20,18,0,97,5.5,1027,42.875,25,19,9,143,113,116,,,,météo favorable
2012-09-04,17,14,16,14,16,14,0.4,99,6.5,1030,60.5,18,15,13,122,116,113,,,,météo correcte
2012-09-05,17,5,7,5,16,16,0.1,98,6.25,1031,69,18,14,4,248,119,116,,,,météo très défavorable
2012-09-06,19,8,14,8,18,16,0,99,5.25,1030,43.25,20,14,6,248,113,113,,,,météo favorable
2012-09-07,20,10,9,10,18,18,0.5,97,4.25,1025,76.5,24,18,9,248,119,143,,,,météo défavorable
2012-09-08,18,10,16,10,18,15,0,100,4,1023,59.875,19,14,10,248,113,113,,,,météo correcte
2012-09-09,17,12,20,12,17,16,2,100,5.25,1010,89.875,18,17,11,248,266,353,,,,météo défavorable
2012-09-10,15,10,14,13,14,10,8.5,100,5.625,1010,93.5,15,15,9,353,302,293,,,,météo défavorable
2012-09-11,13,10,19,6,13,10,0.9,86,8.75,1019,46,14,8,8,113,176,122,,,,météo correcte
2012-09-12,16,13,21,10,16,13,1.6,96,4.5,1022,85.125,17,15,12,266,353,113,,,,météo défavorable
2012-09-13,19,13,19,6,18,16,0,90,6.25,1023,53.125,20,14,13,248,113,113,,,,météo favorable
2012-09-14,16,13,24,10,15,13,0.8,89,6.75,1020,65.875,17,13,12,116,119,116,,,,météo défavorable
2012-09-15,15,12,12,8,15,14,0.4,93,5,1019,84.25,17,14,13,248,353,116,,,,météo défavorable
2012-09-16,16,12,18,10,16,12,5.4,99,4,1013,77.625,16,14,11,296,266,116,,,,météo défavorable
2012-09-17,13,11,21,6,13,11,1.6,90,6.125,1012,71.875,14,11,9,116,353,113,,,,météo défavorable
2012-09-18,13,10,22,5,13,10,0.2,83,6.25,1023,50.25,14,7,7,248,113,113,,,,météo correcte
2012-09-19,14,10,13,4,13,11,0.9,87,5.25,1024,71.375,15,11,9,248,353,119,,,,météo défavorable
2012-09-20,15,11,17,9,15,13,1.5,92,7,1020,70,16,11,11,263,116,119,,,,météo défavorable
2012-09-21,12,8,13,9,11,8,2.3,96,5.375,1019,66.875,13,9,7,296,119,113,,,,météo défavorable
2012-09-22,13,8,13,0,12,10,0.1,90,5.75,1020,63.375,14,9,7,143,122,116,,,,météo correcte
2012-09-23,13,10,14,5,13,10,0.5,90,5.75,1015,72.25,14,10,8,143,353,119,,,,météo défavorable
2012-09-24,11,8,22,5,11,9,3.3,94,4.875,998,97.375,11,8,6,248,122,266,,,,météo défavorable
2012-09-25,10,8,26,6,9,9,18,99,6.125,989,94.5,11,11,5,302,302,266,,,,météo très défavorable
2012-09-26,13,9,29,8,12,12,0.9,94,7,1006,75.875,14,10,7,266,266,119,,,,météo défavorable
2012-09-27,13,9,14,5,13,10,0.6,93,5.5,1012,73,14,11,8,248,116,266,,,,météo défavorable
2012-09-28,13,9,18,6,13,10,1.6,95,5.125,1014,81,14,11,8,248,353,176,,,,météo défavorable
2012-09-29,15,10,15,5,15,12,0,91,6.5,1021,48.5,16,11,9,143,116,116,,,,météo correcte
2012-09-30,15,12,24,13,15,12,9.4,98,6.875,1015,72.25,16,15,10,266,293,116,,,,météo défavorable
2012-10-01,14,9,23,7,14,9,1.8,92,6.125,1009,65.75,14,10,7,248,353,176,,,,météo défavorable
2012-10-02,15,9,33,7,15,9,2.3,86,9.875,1006,38.125,15,11,6,116,386,176,,,,météo correcte
2012-10-03,13,9,24,5,13,9,0.4,89,8.75,1004,41.5,14,7,6,113,113,353,,,,météo correcte
2012-10-04,13,8,21,4,13,9,0.8,90,6.375,1006,48.875,14,9,7,248,116,116,,,,météo correcte
2012-10-05,13,8,15,6,12,9,0.3,93,5.5,1012,54.375,14,9,8,248,116,116,,,,météo correcte
2012-10-06,14,7,9,1,13,8,0.1,93,5.25,1019,65.5,15,10,7,248,119,116,,,,météo défavorable
2012-10-07,13,7,14,2,13,9,0.1,95,4.5,1022,74.75,13,10,6,248,119,119,,,,météo défavorable
2012-10-08,12,9,16,9,9,10,36.1,98,5.25,1015,95.125,13,11,7,302,302,263,,,,météo très défavorable
2012-10-09,12,8,11,5,12,11,1.3,96,1,1015,100,13,12,8,248,266,266,,,,météo défavorable
2012-10-10,14,9,12,6,12,13,0.8,95,3.25,1015,96.875,15,14,9,248,119,266,,,,météo défavorable
2012-10-11,13,9,29,11,11,7,2.7,96,6.875,1008,51.25,13,13,6,266,113,113,,,,météo correcte
2012-10-12,12,7,17,3,12,6,1.5,85,5.125,1008,57.875,12,9,5,248,116,176,,,,météo défavorable
2012-10-13,11,6,13,2,11,6,0.4,90,4.5,1007,33.25,12,7,5,143,113,143,,,,météo défavorable
2012-10-14,11,5,19,1,11,7,0,88,6.5,1007,56.5,12,8,5,143,122,119,,,,météo très défavorable
2012-10-15,10,8,12,5,10,9,8,97,4.75,1005,85.5,11,9,8,248,119,302,,,,météo défavorable
2012-10-16,12,7,21,6,11,6,0.7,91,9,1000,41.375,12,7,5,266,116,116,,,,météo défavorable
2012-10-17,11,9,27,7,10,10,16.6,93,8.75,989,84.875,12,11,7,353,353,353,,,,météo très défavorable
2012-10-18,12,9,9,8,11,7,2,98,4,999,90.625,13,11,9,248,266,353,,,,météo défavorable
2012-10-19,11,9,7,8,11,7,0.6,97,4.25,1009,90.125,12,10,9,248,122,119,,,,météo défavorable
2012-10-20,13,8,18,5,13,9,0,95,5.25,1013,62.875,14,10,7,248,116,113,,,,météo correcte
2012-10-21,13,10,20,8,13,10,0.1,96,10,1018,64.75,14,11,9,119,116,119,,,,météo correcte
2012-10-22,13,8,9,5,13,11,0,95,3,1023,85.5,15,12,8,248,119,143,,,,météo défavorable
2012-10-23,14,10,9,7,14,13,0.7,97,3,1026,94.125,15,14,9,248,119,248,,,,météo défavorable
2012-10-24,13,11,14,10,13,13,0.8,98,4,1025,98.875,14,13,10,248,266,122,,,,météo défavorable
2012-10-25,11,9,18,7,11,11,1.2,98,6,1019,86.125,12,11,7,266,266,119,,,,météo défavorable
2012-10-26,9,6,24,6,8,2,1.3,94,8,1024,57.125,9,8,3,119,353,113,,,,météo défavorable
2012-10-27,8,0,15,-3,7,3,0,72,10,1029,19.25,9,2,-3,113,113,113,,,,météo très défavorable
2012-10-28,8,7,21,6,8,7,6.2,98,5.125,1023,97.875,8,8,4,296,266,266,,,,météo très défavorable
2012-10-29,9,3,13,1,8,5,0.4,98,2.75,1012,89.875,10,8,2,248,116,248,,,,météo très défavorable
2012-10-30,9,4,17,2,9,7,0.7,93,4.75,1012,76.625,10,8,2,143,119,266,,,,météo très défavorable
2012-10-31,8,7,17,8,8,3,7.8,98,6.125,990,66.5,8,7,5,302,353,143,,,,météo très défavorable
2012-11-01,7,1,21,0,7,4,0.1,93,9,982,45.5,8,3,-2,116,116,116,,,,météo très défavorable
2012-11-02,8,3,32,2,8,3,0.2,86,8,989,47,9,4,0,116,113,143,,,,météo très défavorable
2012-11-03,7,1,27,-1,7,3,0.1,83,10,992,28.5,8,2,-2,116,113,113,,,,météo très défavorable
2012-11-04,7,3,22,2,6,5,5.1,98,6,994,78.25,7,6,1,143,266,122,,,,météo très défavorable
2012-11-05,8,0,14,0,5,4,0,94,10,1019,37.125,8,6,-3,113,116,116,,,,météo très défavorable
2012-11-06,10,5,23,4,10,6,0,97,7,1026,51.125,11,7,4,143,119,116,,,,météo très défavorable
2012-11-07,11,5,22,3,11,9,0.3,99,5.25,1026,85.125,12,9,3,248,119,266,,,,météo très défavorable
2012-11-08,11,6,12,6,10,7,0.1,100,7.5,1022,77.875,12,10,5,248,122,116,,,,météo défavorable
2012-11-09,10,9,15,9,10,6,8.9,99,6,1011,68.75,10,10,7,302,266,176,,,,météo défavorable
2012-11-10,7,4,23,2,7,3,2,96,8,1001,53,8,5,2,119,113,116,,,,météo très défavorable
2012-11-11,10,4,14,3,9,6,0.5,96,7,1017,49.875,10,8,3,116,116,143,,,,météo très défavorable
2012-11-12,14,11,19,10,14,11,7,98,5.5,1015,82.375,15,13,10,266,116,266,,,,météo défavorable
2012-11-13,12,11,30,11,12,12,2.2,97,7,1017,95.375,13,12,10,119,122,122,,,,météo défavorable
2012-11-14,12,10,22,11,12,9,2.5,98,6.375,1023,89.625,13,11,8,266,119,248,,,,météo défavorable
2012-11-15,10,8,8,4,10,7,0.1,98,3,1024,86.25,11,9,8,248,116,143,,,,météo défavorable
2012-11-16,8,5,11,4,7,7,0.6,98,3.75,1017,94.5,8,7,4,248,122,122,,,,météo très défavorable
2012-11-17,7,2,18,2,7,2,0.3,96,4.5,1011,55.625,7,4,-1,248,113,116,,,,météo très défavorable
2012-11-18,9,3,27,0,7,7,10.3,95,8.125,1012,55.5,9,9,1,113,119,302,,,,météo très défavorable
2012-11-19,12,11,26,11,12,8,10.4,98,8.5,998,80.125,13,11,9,302,116,122,,,,météo défavorable
2012-11-20,11,9,32,11,11,6,3.1,98,8.5,1003,65.5,11,11,6,389,113,116,,,,météo défavorable
2012-11-21,9,4,26,4,9,8,0,93,10,1006,37.125,10,7,2,113,113,116,,,,météo très défavorable
2012-11-22,9,6,23,8,6,4,2.5,94,7.875,999,63.625,9,9,3,296,266,113,,,,météo défavorable
2012-11-23,7,2,17,2,7,2,0.2,95,9.875,1013,9.875,7,6,-1,113,113,113,,,,météo très défavorable
2012-11-24,5,1,9,0,5,3,0.9,93,9.25,1014,37,6,5,0,116,116,263,,,,météo très défavorable
2012-11-25,5,2,18,1,4,4,23.7,100,4.25,1003,53.125,6,5,0,143,299,389,,,,météo très défavorable
2012-11-26,5,2,30,0,4,4,2.1,100,8.875,1012,58.375,6,5,-2,116,116,116,,,,météo très défavorable
2012-11-27,5,1,24,1,4,1,0,92,10,1021,12.375,5,3,-3,113,113,113,,,,météo très défavorable
2012-11-28,5,-1,12,-2,4,1,0,97,3.75,1023,20.75,5,3,-5,143,113,143,,,,météo très défavorable
2012-11-29,3,-2,6,-2,3,2,3.7,93,6.625,1021,53,4,2,-1,143,116,296,,,,météo très défavorable
2012-11-30,4,0,7,0,4,-1,0,97,2,1016,53.875,5,4,-3,260,116,260,,,,météo très défavorable
2012-12-01,5,1,11,0,5,1,0.1,97,1,1020,69.125,6,5,-1,143,143,248,,,,météo très défavorable
2012-12-02,8,2,12,2,5,8,12.3,99,7.625,1019,93.125,8,8,0,296,302,302,,,,météo très défavorable
2012-12-03,8,2,17,4,6,3,2.7,95,8.75,1010,45,8,8,-1,176,113,116,,,,météo très défavorable
2012-12-04,5,1,24,1,5,3,0.5,94,10,1009,37.5,6,5,-4,113,116,113,,,,météo très défavorable
2012-12-05,3,-2,12,-1,3,0,0,93,10,1019,24.25,4,2,-6,113,113,116,,,,météo très défavorable
2012-12-06,5,3,27,1,5,4,7.1,98,7.75,1018,87.625,6,4,-1,122,263,296,,,,météo très défavorable
2012-12-07,5,2,24,3,5,2,0,92,10,1024,17.625,6,4,-3,113,113,113,,,,météo très défavorable
2012-12-08,7,1,15,0,6,5,0,97,9,1028,44.125,7,7,-1,116,116,119,,,,météo très défavorable
2012-12-09,8,5,15,5,7,6,1.9,99,6.875,1027,83.75,8,8,2,122,266,266,,,,météo très défavorable
2012-12-10,4,-1,9,-1,3,1,0,94,9,1029,14,5,4,-3,113,113,113,,,,météo très défavorable
2012-12-11,5,1,22,1,4,3,0,91,10,1029,48.5,5,3,-3,113,113,119,,,,météo très défavorable
2012-12-12,7,3,22,2,6,6,0.4,94,9,1022,75.875,7,6,0,116,122,122,,,,météo très défavorable
2012-12-13,6,1,28,1,4,5,0.5,95,8,1006,59,6,6,-4,116,119,266,,,,météo très défavorable
2012-12-14,8,7,22,7,8,4,7.7,99,8.75,986,70.25,9,8,5,302,263,116,,,,météo très défavorable
2012-12-15,8,4,19,5,7,5,0,95,10,989,35,8,7,2,116,113,116,,,,météo très défavorable
2012-12-16,8,4,22,4,8,6,0,94,10,992,52.5,9,8,1,122,122,116,,,,météo très défavorable
2012-12-17,8,4,27,4,7,6,0.2,94,9.875,1007,56,9,8,0,116,200,116,,,,météo très défavorable
2012-12-18,7,4,17,2,6,6,0.2,98,5,1015,88.25,7,7,3,248,116,119,,,,météo très défavorable
2012-12-19,10,7,9,5,9,9,15.7,99,3.875,1006,76,11,10,6,302,143,143,,,,météo défavorable
2012-12-20,7,4,7,4,7,4,0.6,95,3.875,1003,68.5,8,7,4,143,263,248,,,,météo très défavorable
2012-12-21,8,2,14,1,7,7,1.2,98,3.625,1009,58.75,9,8,0,143,143,296,,,,météo très défavorable
2012-12-22,13,12,21,12,13,12,13.4,97,6.125,1000,95.25,14,13,11,296,119,266,,,,météo défavorable
2012-12-23,11,8,22,6,10,10,0.1,92,10,1001,49.875,11,10,5,116,113,116,,,,météo défavorable
2012-12-24,9,6,15,4,8,8,0.6,96,9.875,1000,47.75,10,8,4,119,176,116,,,,météo défavorable
2012-12-25,7,3,19,2,6,4,0.2,98,7.625,999,62.375,7,6,0,248,116,116,,,,météo très défavorable
2012-12-26,9,6,38,4,9,4,2.7,98,9.75,1003,43.75,10,9,3,119,293,113,,,,météo défavorable
2012-12-27,7,4,32,4,7,5,3.6,97,9.25,1013,68,8,6,0,176,113,122,,,,météo très défavorable
2012-12-28,11,9,42,8,10,10,3.5,98,4.875,1009,99.875,11,10,6,122,266,266,,,,météo défavorable
2012-12-29,10,6,22,7,7,3,1.5,89,7.875,997,66.75,10,9,2,119,176,116,,,,météo défavorable
2012-12-30,9,4,38,3,7,9,2.8,94,7.875,1006,74.25,9,8,-1,353,116,296,,,,météo très défavorable
2012-12-31,10,7,22,9,9,5,3,97,6.875,1001,84.625,10,9,5,266,353,116,,,,météo défavorable
2013-01-01,7,4,20,2,6,6,0.9,93,6.875,1018,80.375,7,6,1,119,119,143,,,,météo très défavorable
2013-01-02,12,10,19,8,12,10,0.5,97,8,1025,88,13,12,8,122,122,116,,,,météo défavorable
2013-01-03,12,8,18,10,11,9,0.2,98,8.75,1033,75.5,13,12,7,248,116,119,,,,météo défavorable
2013-01-04,11,8,23,7,10,10,0.2,99,10,1034,75.125,12,11,6,119,119,119,,,,météo défavorable
2013-01-05,11,9,30,9,11,9,0.7,98,6.875,1031,83.75,11,11,7,119,119,248,,,,météo défavorable
2013-01-06,10,8,23,6,9,9,1.4,96,4.75,1030,93.5,11,10,5,122,266,266,,,,météo défavorable
2013-01-07,11,10,26,9,10,10,9.4,98,7.125,1022,100,11,11,7,122,296,296,,,,météo défavorable
2013-01-08,11,8,19,11,9,5,10.3,98,5.875,1025,53.375,11,10,5,302,113,143,,,,météo défavorable
2013-01-09,6,1,10,0,6,2,0,95,6,1025,13,7,5,-2,143,113,113,,,,météo très défavorable
2013-01-10,7,4,25,2,6,3,1.8,98,8.25,1017,48.125,7,6,1,116,296,113,,,,météo très défavorable
2013-01-11,8,4,19,3,8,5,0,98,9,1018,50.5,9,8,2,143,119,116,,,,météo très défavorable
2013-01-12,6,5,28,5,6,3,0,96,10,1016,66.625,7,5,1,119,119,116,,,,météo très défavorable
2013-01-13,6,-1,14,-3,3,3,1.3,96,8.25,1022,47.25,7,6,-3,113,296,116,,,,météo très défavorable
2013-01-14,6,3,20,1,5,5,2.8,98,7.875,1021,73.5,6,6,-1,296,113,116,,,,météo très défavorable
2013-01-15,5,-2,9,-1,4,3,2.8,93,8.875,1015,39.5,5,3,-4,116,113,266,,,,météo très défavorable
2013-01-16,6,4,17,2,5,5,10.1,100,7,1013,100,6,6,1,266,296,296,,,,météo très défavorable
2013-01-17,8,3,25,2,7,8,4.6,98,3.875,1011,95,9,8,0,248,122,266,,,,météo très défavorable
2013-01-18,7,5,22,6,7,4,21,98,8.125,993,69,8,7,2,302,116,176,,,,météo très défavorable
2013-01-19,2,1,14,2,2,1,5,100,6.75,1000,92,3,3,-1,389,317,122,,,,météo très défavorable
2013-01-20,0,-3,21,-3,0,-1,0.1,96,8,1000,44.25,1,0,-7,116,116,119,,,,météo très défavorable
2013-01-21,3,-4,8,-2,1,-3,0.6,94,8,995,59.125,4,1,-3,122,119,143,,,,météo très défavorable
2013-01-22,4,-2,6,-2,3,-4,0,84,9,1008,35.25,4,0,-4,116,116,113,,,,météo très défavorable
2013-01-23,3,-1,20,-1,3,-1,0.1,97,8.75,1008,49.75,4,2,-5,116,122,116,,,,météo très défavorable
2013-01-24,5,-1,18,-3,4,3,0.2,97,4,1015,66,5,4,-4,260,122,116,,,,météo très défavorable
2013-01-25,10,6,37,5,8,6,3.7,99,8.25,1011,81.125,11,10,2,296,389,353,,,,météo défavorable
2013-01-26,11,1,34,1,6,10,5.4,98,8.75,1006,64.5,11,10,-2,113,263,296,,,,météo très défavorable
2013-01-27,9,2,30,3,5,2,4.3,89,8.625,999,49.125,9,9,-3,113,113,116,,,,météo très défavorable
2013-01-28,9,6,45,3,9,6,4.2,98,9.625,1003,46.25,9,9,1,119,296,116,,,,météo défavorable
2013-01-29,11,10,35,6,11,7,2.5,98,6.875,998,74.375,12,11,7,119,266,116,,,,météo défavorable
2013-01-30,8,6,44,4,7,7,0.5,88,9.25,1011,36,9,5,1,113,113,116,,,,météo très défavorable
2013-01-31,8,4,32,4,7,5,2.3,88,9.5,1010,42.875,9,7,-1,113,113,116,,,,météo très défavorable
2013-02-01,7,3,32,2,7,4,0.4,91,9.875,1012,37.5,8,5,-2,113,116,116,,,,météo très défavorable
2013-02-02,7,0,10,0,5,4,0.1,95,8,1026,37.875,7,4,-3,143,113,116,,,,météo très défavorable
2013-02-03,10,8,23,8,10,8,3.7,98,4.75,1022,96.75,10,10,6,266,266,122,,,,météo défavorable
2013-02-04,9,3,39,3,7,5,2.3,90,9,1020,54.25,9,9,-1,116,122,353,,,,météo très défavorable
2013-02-05,6,0,33,0,3,3,4.3,95,7,1010,62.5,6,5,-6,371,266,116,,,,météo très défavorable
2013-02-06,7,2,31,1,5,4,2.8,92,8.25,1019,60.5,7,6,-2,116,119,113,,,,météo très défavorable
2013-02-07,6,2,34,0,4,5,4.5,100,7.875,1027,66.375,7,6,-1,122,302,113,,,,météo très défavorable
2013-02-08,8,2,23,1,7,4,0,96,8.75,1027,58.5,9,7,-2,122,119,116,,,,météo très défavorable
2013-02-09,10,3,11,2,8,6,0.5,95,4.5,1024,76.375,11,8,1,143,116,119,,,,météo très défavorable
2013-02-10,8,5,31,3,7,7,15,97,6.625,1004,87.625,9,7,1,302,266,122,,,,météo très défavorable
2013-02-11,5,4,9,3,5,5,5.5,100,5.375,1007,100,6,5,2,266,248,266,,,,météo très défavorable
2013-02-12,7,4,9,3,7,4,3.6,95,4.75,1014,91.25,7,6,5,143,122,296,,,,météo très défavorable
2013-02-13,13,8,27,6,13,10,6.3,99,7.5,1014,92.5,13,11,6,296,119,266,,,,météo défavorable
2013-02-14,9,4,28,3,9,5,0.5,98,10,1018,55.375,10,7,1,116,119,116,,,,météo très défavorable
2013-02-15,8,3,19,0,7,6,1.2,90,7.875,1020,59.25,9,6,1,143,116,119,,,,météo très défavorable
2013-02-16,11,8,27,6,10,10,1,98,6,1018,92.5,11,10,6,266,266,119,,,,météo défavorable
2013-02-17,9,7,38,6,8,5,0.1,94,10,1015,57.125,9,7,3,119,119,116,,,,météo défavorable
2013-02-18,8,4,33,3,8,5,0,90,10,1017,39,9,5,0,116,113,116,,,,météo très défavorable
2013-02-19,9,3,21,2,8,4,0,96,10,1018,42,9,6,1,116,113,116,,,,météo très défavorable
2013-02-20,8,3,33,1,8,6,0.3,96,9,1017,53.75,8,5,0,116,116,266,,,,météo très défavorable
2013-02-21,4,3,40,3,4,2,0.2,86,10,1019,53.125,5,2,-1,119,119,113,,,,météo très défavorable
2013-02-22,3,-1,26,-3,3,-1,0,77,10,1024,10.625,4,0,-6,113,113,113,,,,météo très défavorable
2013-02-23,4,-2,5,-5,3,2,0.1,79,10,1026,38.875,4,0,-3,113,116,119,,,,météo très défavorable
2013-02-24,5,-1,9,-5,5,1,0,87,7,1031,25.25,6,0,-4,143,116,113,,,,météo très défavorable
2013-02-25,6,-1,13,-5,6,3,0,88,8,1034,25.25,8,1,-3,143,113,119,,,,météo très défavorable
2013-02-26,7,0,12,-4,6,3,0,90,6.625,1033,33.875,8,2,-2,143,113,113,,,,météo très défavorable
2013-02-27,9,2,11,-4,7,3,0,93,5.25,1038,31.75,9,5,0,260,116,113,,,,météo très défavorable
2013-02-28,8,0,17,-4,6,5,0,93,5.5,1036,53.375,9,5,-3,260,116,116,,,,météo très défavorable
2013-03-01,8,3,16,0,8,3,0.1,95,4.25,1033,64.75,9,5,0,248,119,116,,,,météo très défavorable
2013-03-02,8,0,6,-5,6,0,0,90,6.25,1031,25,8,2,-2,260,113,113,,,,météo très défavorable
2013-03-03,7,2,15,-3,7,3,0,92,7,1026,39.25,8,4,-1,143,119,113,,,,météo très défavorable
2013-03-04,7,4,21,3,7,5,0.5,94,7.75,1016,90.625,8,5,2,122,122,119,,,,météo très défavorable
2013-03-05,9,3,17,-1,9,6,0.2,93,5.75,1005,49.25,10,6,0,260,116,116,,,,météo très défavorable
2013-03-06,9,6,20,4,8,8,4.7,99,3.75,998,96.75,10,9,4,296,266,266,,,,météo défavorable
2013-03-07,10,8,29,7,9,9,10.4,98,5.25,994,99.875,10,10,6,266,266,296,,,,météo défavorable
2013-03-08,11,8,23,6,10,10,4.7,99,4.875,995,95.875,11,10,6,266,266,119,,,,météo défavorable
2013-03-09,11,8,20,6,10,10,1.9,96,6,1000,92.75,12,10,6,266,266,353,,,,météo défavorable
2013-03-10,6,2,32,3,4,2,3.2,93,6.875,1011,88.125,6,5,-4,266,317,326,,,,météo très défavorable
2013-03-11,0,-3,33,-5,0,-2,0.5,87,9.875,1017,47.5,1,0,-9,116,368,116,,,,météo très défavorable
2013-03-12,6,-1,22,-6,4,4,0,67,10,1020,26.75,7,0,-7,113,113,116,,,,météo très défavorable
2013-03-13,8,2,19,-2,8,4,1.1,89,6,1019,41.125,8,3,0,260,353,176,,,,météo très défavorable
2013-03-14,9,3,21,-4,9,5,1,90,7,1020,73.5,9,5,1,143,122,122,,,,météo très défavorable
2013-03-15,8,4,20,4,7,4,3.5,97,6.375,1007,76.75,8,4,1,266,353,353,,,,météo très défavorable
2013-03-16,5,2,13,-2,4,3,1.9,93,6.75,994,63.25,6,4,-1,116,317,353,,,,météo très défavorable
2013-03-17,7,3,25,-3,7,4,0.8,88,6,994,52.125,8,4,0,143,266,116,,,,météo très défavorable
2013-03-18,7,1,13,-4,5,4,1.1,92,6,995,76,8,4,-3,260,200,353,,,,météo très défavorable
2013-03-19,6,-1,12,-4,5,3,0.5,87,6.25,998,74.125,7,1,-3,260,116,362,,,,météo très défavorable
2013-03-20,8,1,11,-5,7,4,0.3,85,5.25,1010,50.875,8,3,1,260,116,119,,,,météo très défavorable
2013-03-21,5,5,40,2,5,5,3.4,99,7.75,1009,78.125,6,5,0,119,266,296,,,,météo très défavorable
2013-03-22,9,7,32,9,8,8,17.6,99,5,999,79.875,9,9,3,266,266,293,,,,météo très défavorable
2013-03-23,6,4,25,6,6,4,1,96,8,1008,88.875,7,6,-1,119,266,122,,,,météo très défavorable
2013-03-24,4,2,25,1,4,2,0.9,90,9.875,1015,89.625,5,2,-3,122,317,326,,,,météo très défavorable
2013-03-25,3,1,27,-3,3,3,0.3,69,10,1017,75.25,4,0,-4,116,116,122,,,,météo très défavorable
2013-03-26,4,1,23,-5,4,2,0.3,65,10,1018,46,5,0,-3,116,119,116,,,,météo très défavorable
2013-03-27,5,1,19,-6,4,3,0.7,69,5.75,1016,46.25,6,0,-2,260,362,368,,,,météo très défavorable
2013-03-28,5,1,22,-5,5,3,0,63,6.5,1015,18.75,6,0,-3,143,116,113,,,,météo très défavorable
2013-03-29,5,2,31,-1,5,3,0,68,10,1010,51.875,6,0,-3,122,116,113,,,,météo très défavorable
2013-03-30,6,2,20,-4,6,3,0,66,9,1013,19.75,7,0,-2,143,113,116,,,,météo très défavorable
2013-03-31,6,2,27,-3,5,4,0,69,9.75,1012,31,6,0,-2,113,113,113,,,,météo très défavorable
2013-04-01,6,2,32,-2,4,5,0.2,83,9.875,1010,43.5,6,0,-3,113,182,119,,,,météo très défavorable
2013-04-02,7,3,25,-4,6,4,0,66,10,1019,9.375,7,0,-2,113,113,113,,,,météo très défavorable
2013-04-03,8,3,22,-4,7,5,0,62,8,1022,0.25,9,0,0,113,113,113,,,,météo très défavorable
2013-04-04,8,-4,23,-4,7,5,0,98,6.5,1024,6.5,9,0,-9,260,113,113,,,,météo très défavorable
2013-04-05,8,-5,16,-5,7,6,0.2,98,6.5,1025,25.875,8,2,-9,260,116,113,,,,météo très défavorable
2013-04-06,9,-8,16,-8,9,6,0,94,7,1026,25.125,10,3,-9,116,116,116,,,,météo très défavorable
2013-04-07,6,1,29,1,6,5,0.9,87,8,1021,92.875,7,2,-3,122,353,122,,,,météo très défavorable
2013-04-08,7,2,32,2,6,6,6.4,95,7.5,1005,87.375,8,4,-3,119,353,266,,,,météo très défavorable
2013-04-09,9,1,24,1,9,8,0.2,94,10,1002,65.125,10,3,-5,116,119,119,,,,météo très défavorable
2013-04-10,9,3,17,3,9,8,2.7,98,5.125,1002,92.875,10,8,0,248,122,266,,,,météo très défavorable
2013-04-11,11,2,14,2,8,9,12.3,100,4.875,996,90,11,10,-2,302,266,353,,,,météo très défavorable
2013-04-12,10,3,16,3,9,9,0.5,99,5.625,1004,75,11,7,0,248,263,116,,,,météo très défavorable
2013-04-13,12,2,26,2,9,12,6.9,98,7.375,1005,64.5,12,11,-2,116,296,119,,,,météo très défavorable
2013-04-14,13,9,50,9,13,11,4,99,7.75,1001,83.5,13,10,6,296,353,176,,,,météo défavorable
2013-04-15,13,7,32,7,13,9,4.1,99,9.625,1008,73.75,14,10,4,119,116,296,,,,météo défavorable
2013-04-16,13,6,34,6,12,11,0.2,96,10,1014,23.25,13,7,1,113,113,116,,,,météo correcte
2013-04-17,12,9,42,11,11,9,7.9,99,7.375,1009,81.5,13,12,5,302,296,353,,,,météo défavorable
2013-04-18,10,4,37,4,10,6,5.1,98,8.25,1019,77.25,11,6,0,116,176,389,,,,météo très défavorable
2013-04-19,12,2,11,2,12,11,1.3,98,7.125,1031,47.375,13,8,-1,248,176,176,,,,météo très défavorable
2013-04-20,12,2,22,2,12,10,0.4,96,8,1032,30.375,13,7,-1,143,353,119,,,,météo très défavorable
2013-04-21,11,6,22,6,10,9,4.6,100,8.5,1022,81.125,11,9,3,296,353,116,,,,météo défavorable
2013-04-22,13,8,23,8,13,11,3.8,99,6.625,1018,91,14,13,5,296,266,119,,,,météo défavorable
2013-04-23,15,8,15,8,14,15,1.3,99,6.75,1021,93.125,16,14,6,248,353,353,,,,météo défavorable
2013-04-24,14,11,15,11,14,12,4.7,99,6.625,1023,98.625,15,13,9,266,122,296,,,,météo défavorable
2013-04-25,11,7,21,7,10,9,9.6,100,8.125,1022,67.125,13,9,5,296,119,113,,,,météo défavorable
2013-04-26,9,1,33,1,9,6,1.9,87,9.875,1023,38.875,10,4,-3,113,353,176,,,,météo très défavorable
2013-04-27,11,0,19,0,10,9,0.6,97,10,1023,35.625,11,5,-4,116,113,353,,,,météo très défavorable
2013-04-28,10,5,24,5,10,8,1.2,94,8,1021,74.5,11,9,2,266,353,116,,,,météo très défavorable
2013-04-29,11,4,29,4,11,9,1,85,9.875,1025,54.75,12,6,0,122,353,113,,,,météo très défavorable
2013-04-30,13,1,9,1,12,10,0.3,95,5.75,1029,38.75,14,7,-1,143,116,116,,,,météo très défavorable
2013-05-01,13,3,13,3,12,12,2,91,7,1026,62.75,14,11,0,119,353,353,,,,météo correcte
2013-05-02,13,3,16,3,12,12,0.3,91,8,1026,55.875,15,9,1,116,119,119,,,,météo correcte
2013-05-03,12,8,25,8,12,10,2.6,98,6.625,1021,83.375,13,10,5,119,266,296,,,,météo défavorable
2013-05-04,15,7,18,7,12,14,0.9,99,7.75,1017,61.5,16,9,4,248,116,116,,,,météo correcte
2013-05-05,16,8,22,8,16,13,0.4,100,7.75,1019,56.875,17,11,6,248,116,113,,,,météo correcte
2013-05-06,16,7,20,7,16,13,1.4,100,7.375,1018,55.875,17,11,5,248,113,113,,,,météo correcte
2013-05-07,11,6,22,6,11,11,5.4,99,2.75,1016,96,11,11,4,248,296,266,,,,météo défavorable
2013-05-08,13,9,33,11,13,9,10.4,99,8,1002,74.125,14,11,6,296,116,353,,,,météo défavorable
2013-05-09,11,6,32,6,10,11,4.2,99,6.5,1004,81.125,11,9,1,296,263,116,,,,météo défavorable
2013-05-10,11,8,22,8,11,9,5,99,7.625,1008,64.75,12,11,5,119,296,176,,,,météo défavorable
2013-05-11,10,7,35,7,10,9,2.1,98,7.75,1017,66.375,12,8,4,119,353,116,,,,météo défavorable
2013-05-12,12,7,23,7,11,10,3,99,3.75,1017,86.125,13,11,5,266,266,263,,,,météo défavorable
2013-05-13,9,4,32,4,9,8,1.4,93,9.875,1014,63.875,11,4,1,122,353,176,,,,météo très défavorable
2013-05-14,11,4,22,4,10,10,2.9,98,7.75,1008,60.75,12,7,2,263,176,176,,,,météo très défavorable
2013-05-15,11,3,24,3,10,9,1.6,99,8.875,1002,57.625,13,7,-1,119,353,353,,,,météo très défavorable
2013-05-16,9,4,13,4,8,9,3.6,95,4.625,1001,75.5,10,9,1,266,296,176,,,,météo très défavorable
2013-05-17,12,1,17,1,12,11,4.7,98,5.75,1013,46.625,13,11,-2,248,353,176,,,,météo très défavorable
2013-05-18,12,3,19,3,12,9,3.6,99,3.875,1014,97.375,12,9,0,248,353,266,,,,météo très défavorable
2013-05-19,16,8,10,8,15,16,0.1,95,6.5,1018,64.75,18,12,7,143,116,116,,,,météo correcte
2013-05-20,15,6,16,6,13,15,0.8,99,3.25,1021,95.25,15,13,5,248,266,122,,,,météo défavorable
2013-05-21,16,8,21,8,15,14,0.5,97,8,1024,72.5,17,11,6,266,116,119,,,,météo défavorable
2013-05-22,13,9,22,9,13,12,0.3,97,10,1027,54.75,15,9,6,119,113,116,,,,météo correcte
2013-05-23,11,5,28,5,11,9,0.3,77,10,1025,42.375,12,4,2,113,116,116,,,,météo très défavorable
2013-05-24,11,5,26,5,10,11,0.2,81,10,1022,50.375,12,7,1,113,116,116,,,,météo très défavorable
2013-05-25,11,7,12,7,11,9,3.7,94,8.125,1023,53,12,9,6,116,263,293,,,,météo défavorable
2013-05-26,14,7,19,7,14,13,2.8,96,7.125,1021,77.375,15,13,5,143,353,353,,,,météo défavorable
2013-05-27,12,9,21,9,12,11,19.1,100,7.875,1007,73.125,13,10,7,302,353,353,,,,météo très défavorable
2013-05-28,14,6,22,6,13,12,3,98,6.25,1005,84,14,10,4,248,353,353,,,,météo défavorable
2013-05-29,18,8,19,8,17,17,0.3,98,10,1017,35.75,19,12,5,119,113,113,,,,météo favorable
2013-05-30,17,6,22,6,16,16,0,95,7.5,1022,36.125,18,11,4,116,113,113,,,,météo correcte
2013-05-31,15,11,19,11,12,13,1.1,99,5.75,1027,71.25,16,12,10,266,353,116,,,,météo défavorable
2013-06-01,14,7,18,7,13,13,0.6,95,5.25,1030,82.25,15,10,5,143,119,116,,,,météo défavorable
2013-06-02,17,7,9,7,17,15,0.2,95,5.5,1031,82.375,19,13,7,143,116,122,,,,météo défavorable
2013-06-03,17,11,10,11,17,17,1.8,97,5.5,1032,77.875,18,16,11,143,353,353,,,,météo défavorable
2013-06-04,19,9,14,9,18,17,0.4,90,7.875,1030,14.125,20,13,8,116,176,113,,,,météo favorable
2013-06-05,18,9,15,9,18,17,0.2,92,9,1024,8.5,20,13,8,113,113,113,,,,météo favorable
2013-06-06,20,9,11,9,19,18,1.2,92,6.625,1024,17.25,24,15,8,113,176,176,,,,météo favorable
2013-06-07,20,9,13,9,20,18,0,94,8,1025,10.125,25,14,8,113,113,113,,,,météo favorable
2013-06-08,21,9,6,9,21,20,1.1,86,9.75,1024,16.875,25,17,9,113,116,176,,,,météo favorable
2013-06-09,20,12,18,12,20,17,0.5,90,7,1019,11.125,25,15,12,113,113,113,,,,météo favorable
2013-06-10,15,9,25,9,14,12,1.7,96,6.375,1013,94.375,16,11,7,122,119,266,,,,météo défavorable
2013-06-11,15,12,13,12,14,14,10.9,99,6.75,1007,89.625,17,15,11,296,296,353,,,,météo défavorable
2013-06-12,17,9,14,9,17,14,4.8,98,5.25,1007,88.5,19,13,8,248,116,266,,,,météo défavorable
2013-06-13,15,9,23,9,15,14,3,98,9.625,1013,58.125,17,11,6,119,353,353,,,,météo correcte
2013-06-14,14,11,28,11,12,12,9,99,6.125,1012,93.25,14,12,9,266,353,299,,,,météo défavorable
2013-06-15,15,6,26,6,15,12,1.8,97,6.125,1008,81.5,17,10,4,248,176,353,,,,météo défavorable
2013-06-16,12,8,15,8,12,11,7.8,99,7,1010,83.375,14,12,8,119,296,296,,,,météo défavorable
2013-06-17,19,11,15,11,17,18,5.5,100,6.5,1016,81.25,20,16,10,266,353,353,,,,météo défavorable
2013-06-18,20,12,15,12,20,18,0.5,97,6.5,1017,50.5,25,16,11,143,353,113,,,,météo correcte
2013-06-19,18,8,14,8,17,17,0.1,95,5.5,1019,39.875,20,14,6,143,113,113,,,,météo favorable
2013-06-20,15,11,11,11,15,12,9.4,98,8,1016,84.875,15,14,10,122,296,302,,,,météo défavorable
2013-06-21,16,11,17,11,15,12,1.7,98,6.625,1013,85.625,18,13,10,248,119,296,,,,météo défavorable
2013-06-22,15,11,28,11,14,14,2.1,98,8.375,1004,90.875,16,12,8,122,353,353,,,,météo défavorable
2013-06-23,15,10,31,10,13,14,2.4,98,7.875,1023,85.75,16,10,7,296,353,353,,,,météo défavorable
2013-06-24,16,8,9,8,14,16,1.1,95,6.5,1026,76.25,18,13,7,143,353,353,,,,météo défavorable
2013-06-25,18,10,11,10,18,15,1.7,96,5.125,1031,80,20,16,10,143,176,353,,,,météo défavorable
2013-06-26,19,9,11,9,18,18,0,97,5.25,1034,52,25,14,8,248,113,116,,,,météo favorable
2013-06-27,18,8,22,8,18,18,0.3,90,7.75,1034,58.5,20,16,7,113,122,113,,,,météo correcte
2013-06-28,19,13,24,13,19,14,1.1,96,8,1026,83.125,20,16,11,119,122,266,,,,météo défavorable
2013-06-29,21,12,22,12,20,19,0.9,99,4.5,1025,62.625,25,16,11,266,116,113,,,,météo correcte
2013-06-30,16,12,21,12,16,13,1.5,96,5.875,1025,79,17,15,11,143,353,263,,,,météo défavorable
2013-07-01,15,9,16,9,15,15,0.6,96,6.375,1018,69,17,11,8,143,176,119,,,,météo défavorable
2013-07-02,16,10,21,10,14,15,3.9,99,5.75,1012,90.5,16,16,7,296,266,266,,,,météo défavorable
2013-07-03,21,12,16,12,18,21,1,99,8,1013,88,21,18,11,122,119,119,,,,météo défavorable
2013-07-04,16,14,19,14,15,16,0.6,98,7,1024,54.125,18,14,12,266,116,113,,,,météo correcte
2013-07-05,20,9,14,9,19,18,0,90,6.75,1028,17.875,25,15,9,113,113,113,,,,météo favorable
2013-07-06,23,9,8,9,21,21,0.1,96,5.5,1031,52.625,28,20,8,143,113,119,,,,météo favorable
2013-07-07,25,14,6,14,23,23,0.5,97,5.5,1034,76.875,29,22,14,143,119,353,,,,météo défavorable
2013-07-08,26,14,8,14,24,25,0.3,92,6.5,1035,59.5,30,22,14,116,116,353,,,,météo correcte
2013-07-09,26,16,8,16,25,25,0,91,6.75,1032,25.125,30,21,16,113,113,116,,,,météo idéale
2013-07-10,26,16,8,16,25,24,0,96,6,1028,8.375,30,19,16,143,113,113,,,,météo idéale
2013-07-11,24,15,9,15,24,23,0.2,97,5.5,1026,59.375,28,21,15,143,119,116,,,,météo correcte
2013-07-12,25,15,9,15,24,23,0,93,7.5,1026,25.125,28,17,15,113,113,113,,,,météo idéale
2013-07-13,25,15,7,15,25,23,3,98,6.25,1027,53.75,31,22,15,248,116,176,,,,météo favorable
2013-07-14,24,16,11,16,24,22,0.1,98,6.25,1028,54.25,28,20,16,248,116,113,,,,météo favorable
2013-07-15,24,11,9,11,22,22,0,95,7,1025,10.625,26,17,11,143,113,113,,,,météo favorable
2013-07-16,24,12,6,12,23,22,0,97,6.5,1025,51.5,27,18,12,143,113,119,,,,météo favorable
2013-07-17,24,14,4,14,24,23,0.2,94,5.75,1027,51.375,28,19,14,143,116,116,,,,météo favorable
2013-07-18,24,14,7,14,24,24,0.3,96,6.5,1028,40.75,28,19,14,143,116,116,,,,météo favorable
2013-07-19,25,12,12,12,25,24,2,91,6.75,1027,6.5,29,21,12,113,113,176,,,,météo favorable
2013-07-20,24,15,16,15,24,22,0,95,6,1023,9.375,26,18,15,143,113,113,,,,météo idéale
2013-07-21,23,16,15,16,20,21,0.2,96,6.5,1021,80.25,26,17,16,143,353,116,,,,météo défavorable
2013-07-22,21,15,17,15,20,20,1.1,93,5.75,1015,97.5,25,18,14,122,266,353,,,,météo défavorable
2013-07-23,19,14,21,14,16,19,6.5,99,4,1012,86.375,20,17,14,266,302,176,,,,météo défavorable
2013-07-24,20,13,24,13,20,18,2.4,99,6.875,1010,89.5,24,16,13,248,353,353,,,,météo défavorable
2013-07-25,20,12,15,12,20,18,7.3,99,6.875,1010,54.875,25,17,12,248,353,356,,,,météo correcte
2013-07-26,21,12,15,12,21,19,3.1,98,5.875,1010,60.25,25,16,12,248,176,176,,,,météo correcte
2013-07-27,19,12,18,12,19,18,2.8,99,5,1009,61.25,21,16,11,248,353,176,,,,météo correcte
2013-07-28,21,12,20,12,21,18,6.8,98,5.75,1002,74.5,25,17,11,248,386,356,,,,météo défavorable
2013-07-29,19,12,19,12,19,17,4.6,99,6,1011,63.875,20,16,11,248,176,176,,,,météo correcte
2013-07-30,20,10,21,10,19,18,1.9,96,6.25,1013,53.625,24,15,9,143,176,116,,,,météo favorable
2013-07-31,21,11,18,11,18,20,20.1,98,8.875,1012,97.5,25,20,9,302,296,353,,,,météo très défavorable
2013-08-01,20,16,23,16,19,19,17.4,99,6.875,1005,96.875,20,19,16,302,266,389,,,,météo très défavorable
2013-08-02,19,14,24,14,19,17,10.3,99,8.125,1005,59.25,21,17,13,119,353,356,,,,météo correcte
2013-08-03,19,11,19,11,19,16,4.2,99,6.375,1012,66.875,20,16,9,248,176,353,,,,météo défavorable
2013-08-04,19,11,12,11,18,18,4.5,98,3.25,1013,79.25,20,18,11,248,266,353,,,,météo défavorable
2013-08-05,19,9,19,9,19,17,0.6,98,7.75,1016,48.125,20,13,7,248,119,116,,,,météo correcte
2013-08-06,18,9,20,9,18,17,1.6,97,4.75,1016,72.5,19,14,8,248,353,176,,,,météo défavorable
2013-08-07,20,9,9,9,20,18,2.8,97,5.125,1018,42.25,25,15,10,248,176,176,,,,météo favorable
2013-08-08,18,12,21,12,17,18,0.9,96,6,1018,57.5,18,16,11,143,122,353,,,,météo correcte
2013-08-09,18,11,16,11,18,16,0.3,99,5.25,1024,81.5,19,13,9,248,119,116,,,,météo défavorable
2013-08-10,18,8,14,8,18,16,1.6,96,5.875,1024,48.75,19,15,8,143,353,176,,,,météo correcte
2013-08-11,18,9,20,9,18,16,0.8,100,5.125,1020,73.75,19,12,8,248,353,176,,,,météo défavorable
2013-08-12,17,8,21,8,16,15,0.4,97,5.25,1021,72.5,18,11,7,248,116,116,,,,météo défavorable
2013-08-13,21,12,14,12,18,19,2,99,5.75,1023,72.75,25,15,12,266,353,176,,,,météo défavorable
2013-08-14,21,16,14,16,19,20,3.6,99,8.25,1020,86.625,25,18,16,353,353,353,,,,météo défavorable
2013-08-15,21,15,16,15,21,17,14,100,7.625,1016,91.875,25,18,14,248,353,302,,,,météo défavorable
2013-08-16,22,9,14,9,22,19,2,99,6.25,1015,71.5,25,17,8,248,353,353,,,,météo défavorable
2013-08-17,20,14,21,14,20,18,2.8,99,8.25,1012,73.125,20,19,12,119,263,353,,,,météo défavorable
2013-08-18,18,10,18,10,18,15,0.5,99,5.25,1013,72.625,18,12,9,248,353,116,,,,météo défavorable
2013-08-19,20,8,15,8,20,18,0.6,99,5,1025,69.25,20,14,7,248,176,119,,,,météo défavorable
2013-08-20,21,10,23,10,20,17,0,98,6.25,1027,69.625,21,14,9,248,116,119,,,,météo défavorable
2013-08-21,21,16,17,16,19,18,0.3,99,8.75,1022,85.125,24,16,16,248,122,119,,,,météo défavorable
2013-08-22,23,8,14,8,22,19,0,100,5,1021,71,25,17,8,248,116,113,,,,météo défavorable
2013-08-23,20,14,17,14,17,16,3.7,98,5.5,1016,67.375,20,17,13,296,266,176,,,,météo défavorable
2013-08-24,20,7,10,7,20,15,1.3,99,4.25,1018,81.625,20,15,6,248,116,266,,,,météo défavorable
2013-08-25,21,13,13,13,20,19,0.8,99,6.25,1022,75.25,21,15,12,248,116,116,,,,météo défavorable
2013-08-26,24,8,10,8,24,18,0.4,99,5,1023,76.25,26,18,8,248,116,119,,,,météo défavorable
2013-08-27,21,12,13,12,19,18,1.3,100,3.375,1024,77.75,21,17,11,266,266,176,,,,météo défavorable
2013-08-28,19,11,10,11,19,17,0.3,97,7.75,1026,77.125,19,14,10,248,122,116,,,,météo défavorable
2013-08-29,21,13,15,13,21,18,0.8,99,5.5,1022,81.5,21,17,13,248,353,119,,,,météo défavorable
2013-08-30,20,13,22,13,19,16,0.7,99,5.625,1024,78.625,20,17,12,248,263,119,,,,météo défavorable
2013-08-31,18,5,21,5,17,14,0.1,97,5.25,1033,55.125,18,10,3,248,119,113,,,,météo correcte
2013-09-01,21,6,15,6,19,17,0,98,5.25,1033,45.375,21,13,5,248,113,113,,,,météo favorable
2013-09-02,20,9,10,9,19,19,0.3,99,5,1029,86.875,20,17,8,248,122,119,,,,météo défavorable
2013-09-03,22,3,14,3,21,17,0,100,5.25,1028,38.125,24,12,2,248,113,113,,,,météo favorable
2013-09-04,22,10,20,10,22,18,0,100,5,1022,61.75,25,14,9,248,113,113,,,,météo correcte
2013-09-05,17,8,14,8,16,13,0.3,99,6.25,1016,48.75,17,11,7,248,113,116,,,,météo correcte
2013-09-06,16,3,16,3,15,12,0.3,98,5.375,1015,38.125,16,8,0,248,113,176,,,,météo correcte
2013-09-07,14,5,22,5,14,10,0.8,99,7.5,1014,77.375,14,7,2,119,353,353,,,,météo très défavorable
2013-09-08,16,8,12,8,16,12,1.1,99,7,1016,71.75,16,10,6,263,116,119,,,,météo défavorable
2013-09-09,18,6,15,6,18,15,0.2,99,4.875,1025,75,18,13,5,248,119,113,,,,météo défavorable
2013-09-10,18,7,17,7,17,15,0.3,100,5,1029,84.75,18,12,5,248,353,116,,,,météo défavorable
2013-09-11,19,10,19,10,19,15,0.8,99,4.25,1029,96,19,15,10,248,122,266,,,,météo défavorable
2013-09-12,20,16,14,15,20,17,2.5,99,1.5,1022,99.25,20,18,16,266,266,266,,,,météo défavorable
2013-09-13,15,11,9,7,15,13,0.2,92,6.25,1021,66.875,15,10,11,248,119,116,,,,météo défavorable
2013-09-14,17,11,8,4,16,12,0.1,79,10,1021,35.75,17,9,11,116,113,113,,,,météo correcte
2013-09-15,16,10,33,11,16,10,3.5,99,6.5,1018,74.5,16,15,7,266,296,116,,,,météo défavorable
2013-09-16,12,10,33,6,12,10,1.2,76,9.75,1009,44.625,12,6,7,113,176,116,,,,météo défavorable
2013-09-17,16,13,26,8,16,13,8.4,99,7.375,1007,92.5,16,16,12,296,302,266,,,,météo défavorable
2013-09-18,15,11,21,9,15,11,1.1,89,5.5,1013,62,15,12,10,248,113,116,,,,météo correcte
2013-09-19,17,12,24,12,15,12,3,97,5.875,1015,65.625,17,15,11,353,119,113,,,,météo défavorable
2013-09-20,17,12,12,5,17,14,0.2,91,5,1018,84.75,17,13,11,248,119,122,,,,météo défavorable
2013-09-21,22,16,14,13,21,19,0.4,93,5,1023,82,25,19,16,248,119,113,,,,météo défavorable
2013-09-22,20,16,15,13,19,17,0.8,96,4.25,1026,87.25,20,17,16,248,119,266,,,,météo défavorable
2013-09-23,19,16,19,15,18,16,0.7,96,9.375,1024,73.75,19,16,16,119,119,119,,,,météo défavorable
2013-09-24,19,15,13,13,17,17,0.6,95,3,1016,92.5,19,16,15,248,122,143,,,,météo défavorable
2013-09-25,18,15,8,10,18,15,2,97,6.25,1013,92.25,18,16,15,248,353,353,,,,météo défavorable
2013-09-26,18,14,12,13,17,15,0.9,98,2,1014,94.875,18,16,13,248,266,116,,,,météo défavorable
2013-09-27,19,15,14,14,16,15,0.5,93,5.25,1015,78,19,15,14,248,122,116,,,,météo défavorable
2013-09-28,18,14,14,9,16,14,0.5,90,6.25,1009,89.75,18,14,13,248,122,122,,,,météo défavorable
2013-09-29,16,13,18,10,16,13,2.4,92,7.875,1005,70.125,16,13,11,116,122,266,,,,météo défavorable
2013-09-30,16,13,19,13,15,14,4.7,98,3.75,1003,99.75,16,15,12,296,266,266,,,,météo défavorable
2013-10-01,17,16,20,14,16,16,4.1,99,3.75,1002,98.75,17,16,16,266,296,266,,,,météo défavorable
2013-10-02,19,16,23,14,18,18,2.7,98,6.375,1001,86.375,19,17,16,353,353,263,,,,météo défavorable
2013-10-03,17,15,15,14,16,15,13.8,100,6.75,1002,98.5,17,16,15,266,302,302,,,,météo défavorable
2013-10-04,17,13,11,11,17,13,2.7,98,4.25,1014,88.375,17,15,12,248,266,353,,,,météo défavorable
2013-10-05,18,13,17,8,18,13,0,91,5,1021,63.25,18,13,12,248,113,113,,,,météo correcte
2013-10-06,19,17,17,13,19,16,0.3,95,7.5,1021,87,19,17,17,122,119,248,,,,météo défavorable
2013-10-07,18,16,26,14,17,17,0.9,97,8,1021,88.875,18,16,16,122,122,266,,,,météo défavorable
2013-10-08,16,14,10,10,16,12,0.4,95,4,1027,79,16,14,13,248,119,113,,,,météo défavorable
2013-10-09,15,12,25,9,15,8,0.2,90,6.25,1027,67.625,15,10,10,248,119,113,,,,météo défavorable
2013-10-10,13,7,16,2,12,6,0,77,7,1030,4.875,13,6,5,143,113,113,,,,météo correcte
2013-10-11,14,6,17,1,13,9,0.1,86,5.25,1030,62.375,14,9,3,248,119,116,,,,météo correcte
2013-10-12,13,9,15,5,12,10,0.3,94,4,1027,89.625,13,11,7,248,119,143,,,,météo défavorable
2013-10-13,14,10,10,9,14,9,0.5,96,3.25,1021,92.625,14,11,9,266,122,143,,,,météo défavorable
2013-10-14,14,8,9,5,14,6,0,94,4.75,1016,49.25,14,9,7,248,116,116,,,,météo correcte
2013-10-15,15,9,17,4,15,10,0.1,94,5.5,1012,59.375,15,11,7,248,119,116,,,,météo correcte
2013-10-16,16,11,13,11,14,10,27.6,100,7.25,1008,59.375,16,13,11,308,263,176,,,,météo très défavorable
2013-10-17,17,11,15,7,16,13,0.2,95,4,1011,79.75,17,14,11,248,119,116,,,,météo défavorable
2013-10-18,15,13,27,10,13,13,8.5,98,5.875,1010,97.125,15,15,10,122,302,266,,,,météo défavorable
2013-10-19,17,14,23,13,17,12,0.9,96,6.5,997,64.25,17,13,13,122,116,116,,,,météo correcte
2013-10-20,16,13,18,10,16,11,5.7,95,7.875,1000,62.125,16,13,11,356,116,176,,,,météo correcte
2013-10-21,17,15,26,11,17,14,24.7,99,5.75,1001,94,17,16,14,308,353,266,,,,météo très défavorable
2013-10-22,17,14,21,13,17,12,0.2,97,8.75,989,81.375,17,14,13,122,119,116,,,,météo défavorable
2013-10-23,12,10,19,8,12,6,4.3,96,9.875,1006,48.625,12,10,8,116,116,113,,,,météo défavorable
2013-10-24,15,11,24,8,15,13,2.9,96,6.5,1008,79.875,15,13,10,248,353,296,,,,météo défavorable
2013-10-25,16,14,20,13,16,12,10.3,98,8.25,999,81.25,16,14,13,119,119,116,,,,météo défavorable
2013-10-26,13,11,30,7,13,9,5.3,96,7,1000,62.75,13,13,8,116,296,176,,,,météo correcte
2013-10-27,14,11,34,9,14,10,1.4,89,8.125,989,43.125,14,10,8,116,176,116,,,,météo correcte
2013-10-28,12,7,28,7,12,8,1.1,91,8,1003,49.875,12,8,4,116,113,266,,,,météo défavorable
2013-10-29,11,7,23,4,11,6,0.3,90,8,1016,51.5,11,7,4,116,113,143,,,,météo défavorable
2013-10-30,13,10,31,7,13,8,6.2,97,5.75,1016,34.875,13,12,7,116,389,143,,,,météo correcte
2013-10-31,13,9,23,7,13,9,0.5,93,8.875,1015,65.125,13,11,7,119,116,122,,,,météo défavorable
2013-11-01,12,7,9,6,12,4,0.2,93,8,1009,24.75,12,8,6,143,113,116,,,,météo défavorable
2013-11-02,11,8,39,7,11,6,5.7,88,9.375,1002,43.625,11,7,4,302,113,176,,,,météo défavorable
2013-11-03,10,5,17,4,10,6,2.7,90,8.625,1001,40.25,10,6,2,113,119,296,,,,météo très défavorable
2013-11-04,8,2,10,-2,7,5,0.8,93,4.875,999,49,8,6,-1,143,116,266,,,,météo très défavorable
2013-11-05,10,8,23,8,10,7,2.7,93,6.875,997,78,10,8,5,266,116,266,,,,météo défavorable
2013-11-06,9,8,14,7,9,6,5.2,98,7.125,1002,73.75,9,9,6,263,302,119,,,,météo défavorable
2013-11-07,11,5,24,2,10,6,0.1,93,10,1003,25.625,11,7,2,116,116,113,,,,météo très défavorable
2013-11-08,9,4,17,4,9,3,0.2,95,7,1006,66,9,5,2,143,119,116,,,,météo très défavorable
2013-11-09,8,3,14,1,8,5,1.7,98,5.25,1006,71,8,7,-1,248,122,266,,,,météo très défavorable
2013-11-10,12,4,19,1,6,10,9.2,99,3.125,1018,98.625,12,12,2,248,266,302,,,,météo très défavorable
2013-11-11,15,13,12,13,15,10,3.2,99,2.75,1021,87.875,15,14,12,266,143,263,,,,météo défavorable
2013-11-12,11,5,18,4,10,5,0,95,5.75,1035,18.25,11,8,3,143,113,113,,,,météo très défavorable
2013-11-13,10,5,30,2,10,7,1.2,94,8.875,1035,39.125,10,8,1,113,116,116,,,,météo très défavorable
2013-11-14,10,5,28,6,10,5,0,85,10,1036,29.25,10,7,1,113,113,116,,,,météo très défavorable
2013-11-15,11,6,14,4,10,6,0,98,3,1037,71.25,11,9,3,248,116,248,,,,météo défavorable
2013-11-16,12,6,13,4,11,8,0,99,3,1034,76,12,10,4,248,116,143,,,,météo défavorable
2013-11-17,11,9,13,6,10,10,3.3,99,2.75,1029,92.125,11,11,7,248,296,266,,,,météo défavorable
2013-11-18,9,6,23,5,9,2,9.1,98,9.375,1015,54.75,9,8,3,293,113,113,,,,météo défavorable
2013-11-19,5,0,21,-1,5,1,0.1,84,10,1023,37.375,5,2,-5,113,113,119,,,,météo très défavorable
2013-11-20,8,6,26,7,7,2,2.6,96,6.875,1017,52,8,7,3,266,113,113,,,,météo très défavorable
2013-11-21,4,0,24,0,3,0,0,91,9,1020,7.875,4,1,-5,113,113,113,,,,météo très défavorable
2013-11-22,4,-2,9,-3,3,-1,0,89,7,1026,10.625,4,0,-6,143,116,113,,,,météo très défavorable
2013-11-23,6,-1,8,-3,5,1,0,85,7.75,1030,26.875,6,4,-4,113,116,143,,,,météo très défavorable
2013-11-24,6,3,8,0,6,0,0,96,1.75,1036,58.75,6,5,0,260,119,260,,,,météo très défavorable
2013-11-25,5,-1,6,-3,5,-2,0,98,3,1041,29,5,3,-1,260,113,143,,,,météo très défavorable
2013-11-26,6,-1,5,-3,6,0,0,98,3,1042,30.375,6,4,-2,260,113,143,,,,météo très défavorable
2013-11-27,8,2,9,1,8,3,0,98,1.75,1040,67.125,8,7,0,248,116,248,,,,météo très défavorable
2013-11-28,8,5,4,2,8,4,0.2,99,0.5,1038,91.375,8,8,5,248,143,248,,,,météo très défavorable
2013-11-29,9,6,19,3,9,5,0.1,99,8.75,1036,66.75,9,8,3,119,116,116,,,,météo défavorable
2013-11-30,9,4,11,4,8,5,0,98,5,1035,73.375,9,8,1,248,116,248,,,,météo très défavorable
2013-12-01,8,3,6,1,8,2,0,98,1.5,1036,82.125,8,7,1,248,116,248,,,,météo très défavorable
2013-12-02,8,3,12,2,8,4,0.1,95,3,1035,68.5,8,6,1,248,113,143,,,,météo très défavorable
2013-12-03,9,5,11,3,8,6,0.2,98,2.375,1031,82.125,9,8,2,248,122,248,,,,météo très défavorable
2013-12-04,7,2,13,2,7,2,1.8,94,8.875,1035,35,7,6,-2,143,113,113,,,,météo très défavorable
2013-12-05,10,7,34,4,9,5,0.6,96,9,1033,52,10,9,3,116,122,116,,,,météo défavorable
2013-12-06,9,7,19,8,9,5,0.2,98,7.75,1031,70.375,9,8,4,119,116,119,,,,météo défavorable
2013-12-07,9,5,17,4,8,7,0.1,97,5.25,1029,68.375,9,8,3,248,116,116,,,,météo très défavorable
2013-12-08,11,6,19,5,10,8,0,97,10,1022,43.75,11,10,3,116,116,116,,,,météo défavorable
2013-12-09,10,8,24,6,10,9,0,98,10,1023,60.25,10,9,6,116,122,116,,,,météo défavorable
2013-12-10,12,10,32,8,12,11,1.3,98,7,1021,88.75,12,11,7,122,266,266,,,,météo défavorable
2013-12-11,11,9,29,8,11,10,0.1,97,10,1023,82,11,10,6,122,116,122,,,,météo défavorable
2013-12-12,13,11,27,9,12,12,5.5,98,4.75,1015,100,13,13,9,266,266,296,,,,météo défavorable
2013-12-13,12,7,26,11,9,4,3,94,8.75,1019,48.625,12,11,4,353,113,113,,,,météo défavorable
2013-12-14,11,9,49,9,10,8,8.8,97,8.125,1018,82,11,11,5,122,302,143,,,,météo défavorable
2013-12-15,11,8,33,6,11,8,5,98,8.5,1013,50.375,11,10,4,116,266,296,,,,météo défavorable
2013-12-16,8,3,16,4,6,3,3.3,93,8,1019,39.625,8,7,0,263,113,113,,,,météo très défavorable
2013-12-17,7,2,26,1,6,6,0.7,90,9.375,1020,43.75,7,4,-2,116,116,119,,,,météo très défavorable
2013-12-18,10,8,42,10,10,6,13.1,98,9,1004,91.125,10,10,5,353,122,302,,,,météo défavorable
2013-12-19,6,3,19,1,5,4,0.7,89,9.875,1007,34.25,6,3,-2,116,116,113,,,,météo très défavorable
2013-12-20,9,5,45,3,8,9,5.9,96,9.25,1013,71.75,9,9,1,116,296,302,,,,météo très défavorable
2013-12-21,8,6,27,5,8,3,5.2,100,9,1004,53,8,7,1,116,119,263,,,,météo très défavorable
2013-12-22,5,3,24,1,4,4,0.5,86,9.25,1007,38,5,3,-2,113,116,116,,,,météo très défavorable
2013-12-23,10,9,40,5,10,7,10.6,98,9.125,1004,70.375,10,10,5,302,116,119,,,,météo défavorable
2013-12-24,5,3,39,1,5,4,0.6,75,8.875,971,48.375,5,1,-4,116,116,122,,,,météo très défavorable
2013-12-25,6,0,8,-1,6,0,0,83,10,983,4.625,6,1,-2,113,113,113,,,,météo très défavorable
2013-12-26,10,0,23,1,6,6,6.9,92,9.5,994,40.75,10,10,-4,113,113,296,,,,météo très défavorable
2013-12-27,7,4,42,2,7,6,0.3,84,10,983,42.625,7,3,-2,116,113,116,,,,météo très défavorable
2013-12-28,5,0,15,0,5,2,0.1,92,10,1006,45.75,5,3,-4,116,116,116,,,,météo très défavorable
2013-12-29,9,2,35,0,7,9,7.1,95,9.375,1011,48,9,8,-2,113,116,296,,,,météo très défavorable
2013-12-30,10,5,18,5,6,5,18.3,96,8.75,1003,51.625,10,9,1,296,113,113,,,,météo très défavorable
2013-12-31,7,3,35,4,5,3,13.6,91,7.875,993,50.375,7,6,-2,176,266,113,,,,météo très défavorable
2014-01-01,11,8,36,5,11,6,9.9,98,6.875,990,71.875,11,10,3,266,302,302,,,,météo défavorable
2014-01-02,8,3,24,3,6,8,5.1,93,8.5,988,42.25,8,8,-2,113,113,302,,,,météo très défavorable
2014-01-03,8,4,41,2,7,6,1.9,80,9.375,987,42.875,8,4,-1,116,119,389,,,,météo très défavorable
2014-01-04,5,2,15,3,4,1,0.8,90,8.375,992,38.625,5,3,-2,266,113,113,,,,météo très défavorable
2014-01-05,12,8,39,5,9,8,8,98,8.875,995,66.5,12,11,3,122,302,389,,,,météo défavorable
2014-01-06,9,7,41,5,8,8,0.4,91,8.875,981,51.5,9,8,2,266,116,116,,,,météo défavorable
2014-01-07,9,8,34,5,9,8,0,88,10,996,49.25,9,7,3,113,122,119,,,,météo défavorable
2014-01-08,8,4,9,4,8,6,2.1,96,6.75,1010,52,8,8,2,143,116,296,,,,météo très défavorable
2014-01-09,4,2,15,0,3,3,4.3,100,7.375,1009,53.875,4,4,-1,248,113,119,,,,météo très défavorable
2014-01-10,7,7,27,6,7,2,4.1,97,8.75,1014,47.75,7,7,3,266,296,113,,,,météo très défavorable
2014-01-11,5,-1,10,-1,5,2,0,92,10,1020,18.5,5,3,-4,113,113,113,,,,météo très défavorable
2014-01-12,9,8,40,8,9,5,11.8,98,7.25,1014,67.75,9,8,4,266,302,113,,,,météo défavorable
2014-01-13,6,4,19,3,5,1,0.3,94,9.875,1002,26.75,6,4,-1,116,116,113,,,,météo très défavorable
2014-01-14,9,4,22,1,6,8,8.9,100,8.25,1001,70.875,9,9,0,116,302,266,,,,météo très défavorable
2014-01-15,10,9,28,9,10,5,6.2,98,7.375,994,63.75,10,9,6,266,176,113,,,,météo défavorable
2014-01-16,9,4,16,5,8,5,0.1,96,9.875,983,59.125,9,7,1,122,113,116,,,,météo très défavorable
2014-01-17,8,1,15,1,6,3,0,98,3,986,73.25,8,6,-2,248,116,143,,,,météo très défavorable
2014-01-18,3,2,13,1,3,2,8,100,3.875,987,94,3,3,-1,302,266,266,,,,météo très défavorable
2014-01-19,6,0,17,0,4,3,0.5,96,7.875,997,82.5,6,5,-3,116,122,122,,,,météo très défavorable
2014-01-20,6,-1,10,0,5,3,0,92,10,1009,21,6,5,-4,113,113,116,,,,météo très défavorable
2014-01-21,9,8,18,7,9,6,3.7,99,6.75,1005,74.625,9,8,5,296,119,293,,,,météo défavorable
2014-01-22,8,4,22,4,8,4,0.1,96,10,1011,45.125,8,7,0,119,113,113,,,,météo très défavorable
2014-01-23,8,5,24,2,7,6,2.4,91,8.25,1017,82,8,6,1,116,119,266,,,,météo très défavorable
2014-01-24,12,11,24,10,11,9,17.5,98,8.5,1011,86.5,12,12,9,302,296,119,,,,météo très défavorable
2014-01-25,7,6,45,5,6,3,1.6,96,9.875,1018,47.875,7,6,1,119,353,116,,,,météo très défavorable
2014-01-26,8,4,35,7,5,1,10.5,91,9.25,1012,60.75,8,7,-2,302,353,368,,,,météo très défavorable
2014-01-27,7,5,34,2,7,6,2,93,9.25,988,64.25,7,5,0,200,353,353,,,,météo très défavorable
2014-01-28,7,5,30,5,6,3,0.1,96,9.875,986,71.75,7,4,0,119,122,116,,,,météo très défavorable
2014-01-29,7,2,28,2,6,4,0.1,95,8.75,1003,63.25,7,5,-3,113,122,122,,,,météo très défavorable
2014-01-30,5,2,17,-1,5,3,2.5,97,3,1003,82.25,5,5,-2,260,296,266,,,,météo très défavorable
2014-01-31,8,4,37,4,8,4,18.4,100,7.125,1000,77.875,8,8,-2,302,302,116,,,,météo très défavorable
2014-02-01,6,3,51,3,4,5,2.9,95,8.375,987,71.75,6,5,-4,263,389,119,,,,météo très défavorable
2014-02-02,9,2,31,1,7,6,0.2,91,10,998,49.625,9,6,-3,116,119,116,,,,météo très défavorable
2014-02-03,7,4,19,7,4,2,16.3,100,7.625,991,71.625,7,6,1,302,302,113,,,,météo très défavorable
2014-02-04,6,0,34,-1,6,4,7.9,94,8.375,990,56.5,6,5,-4,113,116,302,,,,météo très défavorable
2014-02-05,8,3,36,5,7,6,5.6,98,7.25,978,89,8,7,1,293,266,353,,,,météo très défavorable
2014-02-06,7,3,10,1,6,4,0.9,93,7,988,57.75,7,5,0,113,266,266,,,,météo très défavorable
2014-02-07,7,0,27,-1,6,4,7.6,93,8.625,990,62.875,7,6,-4,113,116,302,,,,météo très défavorable
2014-02-08,8,6,42,4,8,5,1.2,94,9.125,967,41,8,6,1,116,119,113,,,,météo très défavorable
2014-02-09,6,3,36,3,6,2,1,90,9.125,982,43.625,6,4,-2,119,116,116,,,,météo très défavorable
2014-02-10,7,4,30,0,7,1,0.5,93,9,997,40.625,7,3,-1,116,113,113,,,,météo très défavorable
2014-02-11,4,-1,30,-1,2,0,8.4,94,9.25,995,50.875,4,3,-6,113,368,368,,,,météo très défavorable
2014-02-12,6,3,62,3,6,2,15.3,100,8.625,994,69.25,6,6,-5,302,176,182,,,,météo très défavorable
2014-02-13,5,0,35,-1,5,2,0,89,10,994,23,5,3,-5,116,113,113,,,,météo très défavorable
2014-02-14,7,4,33,3,6,6,14.7,100,8.75,993,79,7,7,-2,122,389,389,,,,météo très défavorable
2014-02-15,8,4,28,3,7,3,4.1,96,6.25,1003,59.25,8,5,-1,266,263,113,,,,météo très défavorable
2014-02-16,8,2,28,-1,8,5,1.5,90,8,1005,48.875,8,6,-1,113,122,266,,,,météo très défavorable
2014-02-17,11,8,14,7,10,6,9.4,99,6.5,1002,76.875,11,9,7,389,122,113,,,,météo défavorable
2014-02-18,11,4,15,0,9,6,0.2,93,7,1008,35.875,11,7,2,143,113,116,,,,météo très défavorable
2014-02-19,10,8,25,5,10,10,3,98,5.25,1008,93.75,10,10,5,248,266,296,,,,météo défavorable
2014-02-20,10,6,30,7,6,3,8.1,99,7.375,996,78.875,10,10,2,266,266,116,,,,météo défavorable
2014-02-21,8,5,39,2,8,4,0.9,88,9.625,999,44.625,8,3,0,200,353,176,,,,météo très défavorable
2014-02-22,9,4,35,2,9,8,2.8,95,8.75,1003,60.75,9,9,0,113,122,296,,,,météo très défavorable
2014-02-23,10,7,34,5,9,9,7.9,98,7.25,995,85,10,8,3,296,263,266,,,,météo défavorable
2014-02-24,9,4,34,3,8,5,6.6,99,9.5,997,60.875,9,7,-1,113,116,296,,,,météo très défavorable
2014-02-25,9,4,39,4,8,4,0.6,94,8.875,999,38.25,9,5,0,266,116,113,,,,météo très défavorable
2014-02-26,9,4,32,2,9,6,4.5,91,8.625,1010,50.25,9,7,0,116,119,266,,,,météo très défavorable
2014-02-27,8,4,28,2,8,4,3.9,93,9.75,1005,52.5,8,6,1,113,353,116,,,,météo très défavorable
2014-02-28,4,2,19,0,3,3,14.6,100,6.75,1007,59.5,4,4,-2,320,113,116,,,,météo très défavorable
2014-03-01,8,4,22,2,7,7,3.8,100,5.75,1005,86.5,8,8,1,296,266,353,,,,météo très défavorable
2014-03-02,8,3,23,5,8,3,5.2,99,4.75,996,78.75,8,8,-1,248,302,176,,,,météo très défavorable
2014-03-03,9,2,22,-2,8,5,0.8,89,7.625,994,40.5,9,4,-2,116,113,263,,,,météo très défavorable
2014-03-04,10,5,9,1,8,5,0.9,92,7,1009,55.875,10,6,3,143,266,353,,,,météo très défavorable
2014-03-05,10,5,29,1,9,8,0.4,92,6,1017,56.125,10,7,2,143,122,116,,,,météo très défavorable
2014-03-06,14,11,33,9,13,11,7.5,98,6.125,1015,96.875,14,12,8,248,302,296,,,,météo défavorable
2014-03-07,10,5,25,8,9,5,11.9,90,9.125,1025,45.75,10,10,3,296,113,116,,,,météo très défavorable
2014-03-08,13,9,41,9,13,9,0.9,96,8,1019,58,13,9,6,266,116,116,,,,météo correcte
2014-03-09,11,8,15,9,11,8,3.1,98,2.625,1023,90.5,11,10,5,266,266,266,,,,météo défavorable
2014-03-10,11,5,6,-1,10,6,0,91,7,1032,4.25,11,5,4,143,113,113,,,,météo très défavorable
2014-03-11,12,5,13,-1,11,6,0,86,10,1034,3.625,12,5,3,113,113,113,,,,météo très défavorable
2014-03-12,15,6,4,-1,13,6,0,88,6.75,1033,4,15,7,6,143,113,113,,,,météo correcte
2014-03-13,17,9,8,0,14,11,0,92,9,1031,18.625,17,12,9,113,113,116,,,,météo correcte
2014-03-14,12,9,22,7,12,9,0.4,94,5.25,1031,80.375,12,9,7,248,116,119,,,,météo défavorable
2014-03-15,15,10,26,8,14,10,0.3,93,10,1033,52.625,15,11,7,119,113,116,,,,météo correcte
2014-03-16,12,9,22,9,12,9,0.8,96,9,1031,76.5,12,11,6,119,122,119,,,,météo défavorable
2014-03-17,12,9,15,5,10,9,0.5,91,4.25,1026,86.875,12,10,6,248,266,119,,,,météo défavorable
2014-03-18,12,8,39,8,11,8,0.5,92,10,1023,62.875,12,8,5,122,119,113,,,,météo défavorable
2014-03-19,15,10,33,6,15,10,0,85,10,1022,29,15,9,7,113,113,113,,,,météo correcte
2014-03-20,9,5,30,8,7,5,9.8,99,8.375,1006,62,9,9,1,266,296,113,,,,météo très défavorable
2014-03-21,9,4,35,1,9,4,5.2,100,9,1003,56.125,9,5,0,116,353,302,,,,météo très défavorable
2014-03-22,9,5,31,-1,8,5,0.6,90,10,1003,39.875,9,3,0,116,113,116,,,,météo très défavorable
2014-03-23,10,5,24,0,10,5,0.5,85,9.875,1014,37.5,10,3,2,113,176,116,,,,météo très défavorable
2014-03-24,8,6,37,5,6,8,8.8,98,7.375,1011,87.125,8,8,0,122,296,266,,,,météo très défavorable
2014-03-25,10,7,27,1,10,7,0.3,88,8,1020,49.25,10,5,4,143,122,113,,,,météo défavorable
2014-03-26,12,7,19,1,10,8,2.2,94,10,1024,61.5,12,8,4,116,122,353,,,,météo défavorable
2014-03-27,8,4,15,-3,8,5,2.3,94,5.125,1016,59.5,8,5,1,260,353,176,,,,météo très défavorable
2014-03-28,10,4,23,-1,9,6,1.2,97,3,1016,74.625,10,6,2,260,116,266,,,,météo très défavorable
2014-03-29,9,4,21,2,9,4,13.7,100,6,1012,85,9,7,1,263,353,302,,,,météo très défavorable
2014-03-30,10,7,19,3,10,7,6.3,95,5.375,1012,83.625,10,7,4,248,116,116,,,,météo défavorable
2014-03-31,12,10,20,8,11,10,4.1,94,7.125,1009,91.375,12,10,8,248,296,116,,,,météo défavorable
2014-04-01,14,9,22,2,13,10,0.3,87,6.25,1009,62.25,14,7,7,248,113,116,,,,météo correcte
2014-04-02,12,10,20,7,11,10,9.2,99,6.25,1002,98.875,12,11,7,296,296,302,,,,météo défavorable
2014-04-03,14,11,20,6,13,11,0.5,94,8.75,1002,88.25,14,11,8,122,353,119,,,,météo défavorable
2014-04-04,13,8,25,8,13,9,1.3,99,4.5,1006,80.25,13,10,6,248,353,266,,,,météo défavorable
2014-04-05,16,10,21,10,14,13,3,99,3,1004,98,16,14,8,266,266,122,,,,météo défavorable
2014-04-06,15,11,25,11,14,11,2.8,99,6.75,1007,63.625,15,12,9,296,113,113,,,,météo correcte
2014-04-07,13,5,22,5,13,7,3.5,97,6.625,1010,62.125,13,9,3,248,353,176,,,,météo correcte
2014-04-08,12,4,21,4,10,10,0.7,97,9,1025,68.875,12,7,1,119,353,119,,,,météo très défavorable
2014-04-09,13,3,16,3,13,11,0.4,99,6.5,1025,80.625,13,9,1,248,119,122,,,,météo très défavorable
2014-04-10,15,3,15,3,15,10,1.3,98,4.125,1024,74.875,15,10,1,248,119,266,,,,météo très défavorable
2014-04-11,14,0,11,0,13,10,0.3,96,6,1025,30.75,14,8,-2,143,116,116,,,,météo très défavorable
2014-04-12,12,5,22,5,12,9,0.7,97,6.375,1023,58.5,12,11,2,116,266,113,,,,météo très défavorable
2014-04-13,13,2,22,2,10,9,0.3,98,6.25,1026,76.875,13,8,-1,248,353,116,,,,météo très défavorable
2014-04-14,15,0,8,0,14,12,0,98,5.25,1029,46.875,15,8,-2,248,113,113,,,,météo très défavorable
2014-04-15,15,3,27,3,15,10,0,98,6.75,1027,31.5,15,9,0,248,113,113,,,,météo correcte
2014-04-16,15,4,22,4,14,12,0,99,7.75,1025,38.25,15,10,1,248,113,113,,,,météo correcte
2014-04-17,15,8,22,8,15,10,0.3,97,6.75,1023,80.5,15,9,6,143,116,122,,,,météo défavorable
2014-04-18,14,7,6,7,13,12,0.5,98,5.25,1023,84.875,14,10,7,248,119,119,,,,météo défavorable
2014-04-19,15,1,15,1,15,11,0.2,92,8,1020,19.75,15,9,0,113,116,113,,,,météo très défavorable
2014-04-20,15,1,23,1,14,12,0.5,88,9,1016,30,15,8,-2,113,113,116,,,,météo très défavorable
2014-04-21,13,6,23,6,10,12,3,100,6.875,1006,67.75,13,9,3,122,353,113,,,,météo défavorable
2014-04-22,14,4,16,4,14,10,2.3,97,6.875,1006,69.375,14,11,3,143,353,296,,,,météo très défavorable
2014-04-23,14,8,21,8,14,11,2.2,100,7.625,1013,49.375,14,9,6,248,113,113,,,,météo correcte
2014-04-24,14,4,20,4,14,11,0.2,98,5,1017,57.875,14,8,2,248,113,113,,,,météo correcte
2014-04-25,14,5,25,5,12,10,1.6,97,5.5,1015,74.375,14,9,3,248,353,116,,,,météo très défavorable
2014-04-26,12,5,23,5,11,11,10,99,7.5,998,81.5,12,10,2,116,296,353,,,,météo très défavorable
2014-04-27,14,5,12,5,13,13,2.3,99,6.125,1011,72.75,14,12,3,248,353,176,,,,météo très défavorable
2014-04-28,19,4,12,4,19,13,1.2,97,5.625,1013,42.125,19,14,3,143,116,176,,,,météo favorable
2014-04-29,17,4,17,4,17,13,0,94,6,1013,8.5,17,11,3,143,113,113,,,,météo correcte
2014-04-30,16,7,16,7,15,13,11.7,99,5.5,1011,91.125,16,14,5,266,296,356,,,,météo défavorable
2014-05-01,15,9,14,9,14,13,9.6,100,6.75,1016,91.25,15,13,8,389,353,353,,,,météo défavorable
2014-05-02,12,7,14,7,12,10,2.7,98,3.75,1025,100,12,11,6,248,266,296,,,,météo défavorable
2014-05-03,14,9,14,9,12,14,12.8,100,6.625,1025,100,14,14,6,296,296,353,,,,météo défavorable
2014-05-04,12,8,22,8,11,11,2.1,100,3.75,1022,98.25,12,11,6,248,266,353,,,,météo défavorable
2014-05-05,13,8,30,8,10,12,4.6,98,7.75,1011,79.5,13,12,5,119,296,176,,,,météo défavorable
2014-05-06,15,5,28,5,14,12,2.1,99,6.125,1003,83.625,15,10,2,248,353,353,,,,météo très défavorable
2014-05-07,12,6,24,6,12,12,0.9,99,9,1010,74.125,12,10,3,119,353,119,,,,météo défavorable
2014-05-08,15,11,23,11,15,12,4.7,100,4.75,1007,92.75,15,14,9,389,266,119,,,,météo défavorable
2014-05-09,15,7,26,7,14,10,2.2,97,9.75,1011,72.5,15,10,4,116,122,296,,,,météo défavorable
2014-05-10,11,8,35,9,11,8,3.8,99,6.875,1001,93.25,11,10,4,122,353,296,,,,météo défavorable
2014-05-11,12,6,28,6,12,11,3.1,97,5,1008,78.75,12,9,2,266,353,353,,,,météo défavorable
2014-05-12,13,5,21,5,12,11,5.5,99,6.125,1013,80.625,13,11,2,248,353,353,,,,météo très défavorable
2014-05-13,16,5,21,5,15,13,0.7,100,4.875,1028,68.75,16,10,2,248,176,119,,,,météo très défavorable
2014-05-14,17,5,11,5,12,15,1.3,97,4.75,1035,78.375,17,14,4,122,266,116,,,,météo très défavorable
2014-05-15,21,9,9,9,20,18,0.5,99,5.25,1036,75.5,21,15,9,248,116,353,,,,météo défavorable
2014-05-16,20,8,14,8,19,17,0,91,7,1035,28.25,20,12,6,113,113,119,,,,météo favorable
2014-05-17,19,6,23,6,18,15,0,86,10,1028,14.75,19,11,4,113,113,113,,,,météo favorable
2014-05-18,12,9,17,9,10,11,9.2,97,9.375,1012,85,12,11,7,119,302,353,,,,météo défavorable
2014-05-19,15,7,6,7,13,14,11.1,100,7.375,1005,92.75,15,12,5,302,266,353,,,,météo défavorable
2014-05-20,17,11,19,11,17,14,3.6,99,4.75,1004,87.75,17,15,11,266,353,353,,,,météo défavorable
2014-05-21,17,6,12,6,17,14,0.4,99,5.25,1010,42.75,17,10,4,248,113,113,,,,météo correcte
2014-05-22,15,7,14,7,12,13,3.4,98,5.125,1007,83.375,15,12,5,248,353,353,,,,météo défavorable
2014-05-23,14,8,26,8,14,11,3.5,99,7.625,1009,92,14,9,5,296,353,353,,,,météo défavorable
2014-05-24,13,6,19,6,11,13,9.4,99,7,1011,96.375,13,12,2,389,266,353,,,,météo défavorable
2014-05-25,15,7,14,7,13,13,3.3,99,7,1015,99.75,15,12,4,122,266,353,,,,météo défavorable
2014-05-26,16,8,10,8,16,14,3.9,99,6.625,1017,79.875,16,13,7,248,353,353,,,,météo défavorable
2014-05-27,17,7,14,7,16,14,0.3,99,5.25,1018,59.375,17,11,6,248,116,113,,,,météo correcte
2014-05-28,20,8,7,8,20,16,6.8,91,6.5,1018,32,20,17,8,113,176,356,,,,météo favorable
2014-05-29,18,8,14,8,18,14,1.2,99,5.125,1021,75.375,18,13,7,248,353,176,,,,météo défavorable
2014-05-30,18,7,8,7,16,15,2.2,98,6.125,1025,82.375,18,16,5,248,353,353,,,,météo défavorable
2014-05-31,22,11,9,11,21,18,0.5,98,5.25,1026,59.625,25,16,11,248,113,353,,,,météo correcte
2014-06-01,17,10,21,10,16,15,1.6,96,3.5,1024,97,17,15,9,143,266,353,,,,météo défavorable
2014-06-02,18,12,13,12,17,15,0.9,100,5.5,1017,82.25,18,14,10,266,353,119,,,,météo défavorable
2014-06-03,15,8,11,8,15,13,5.4,95,6.375,1015,76.625,15,13,7,143,353,353,,,,météo défavorable
2014-06-04,15,5,21,5,15,12,2.4,98,6.25,1011,66.5,15,10,2,248,353,176,,,,météo très défavorable
2014-06-05,16,5,14,5,16,13,0.5,87,6.25,1011,46,16,9,5,116,116,176,,,,météo correcte
2014-06-06,14,9,23,9,13,14,8.4,99,5,1010,98.125,14,14,6,266,302,296,,,,météo défavorable
2014-06-07,19,13,25,13,19,14,1.5,99,8.75,1008,73.625,19,14,11,122,176,353,,,,météo défavorable
2014-06-08,17,11,29,11,16,15,4.8,98,9.875,1013,77.25,17,15,10,353,353,176,,,,météo défavorable
2014-06-09,18,11,23,11,18,15,2.8,98,7.25,1013,67.5,18,14,10,119,353,176,,,,météo défavorable
2014-06-10,17,11,20,11,17,15,16,99,7.625,1014,70.375,17,16,10,266,356,353,,,,météo très défavorable
2014-06-11,20,9,14,9,20,17,1,98,5.125,1027,69,20,15,9,248,353,176,,,,météo défavorable
2014-06-12,21,10,17,10,21,18,0,96,5.5,1028,55.875,21,15,9,143,116,113,,,,météo correcte
2014-06-13,21,10,13,10,18,17,1.4,91,7.75,1027,59.5,21,18,9,113,122,353,,,,météo correcte
2014-06-14,21,12,9,12,19,19,1,98,4.125,1029,80.625,24,17,12,266,119,176,,,,météo défavorable
2014-06-15,24,14,10,14,22,20,1.2,99,5.125,1031,62.75,25,18,13,266,176,176,,,,météo correcte
2014-06-16,23,9,13,9,20,20,0.3,96,5.75,1031,44.625,25,17,8,143,119,113,,,,météo correcte
2014-06-17,24,11,8,11,24,21,4.3,95,6.5,1031,63.875,26,20,10,143,119,353,,,,météo correcte
2014-06-18,26,14,7,14,26,21,7.4,94,7.125,1030,56.75,28,21,15,113,116,356,,,,météo correcte
2014-06-19,20,13,14,13,18,18,0.6,98,4.625,1028,66,20,16,12,248,116,116,,,,météo défavorable
2014-06-20,20,9,10,9,19,16,0.3,93,10,1026,59.875,20,15,8,116,119,116,,,,météo correcte
2014-06-21,21,11,9,11,20,19,0.4,94,7,1024,39.625,24,16,11,143,116,116,,,,météo favorable
2014-06-22,22,9,8,9,21,20,0.5,96,6.5,1024,63.25,25,16,9,143,116,353,,,,météo correcte
2014-06-23,22,11,11,11,22,20,0.8,98,5,1026,58.375,25,16,11,248,176,113,,,,météo correcte
2014-06-24,24,12,5,12,24,17,2.6,95,6.25,1025,78.5,26,17,12,143,176,353,,,,météo défavorable
2014-06-25,15,14,9,14,15,15,17.6,100,7.5,1020,95.75,15,15,14,302,296,266,,,,météo très défavorable
2014-06-26,16,11,17,11,15,13,4.8,99,4.125,1013,87.75,16,14,10,266,296,266,,,,météo défavorable
2014-06-27,19,10,13,10,19,16,6.1,98,6.25,1010,74.375,19,17,9,248,353,353,,,,météo défavorable
2014-06-28,19,8,13,8,19,16,2.7,98,5.75,1014,59.625,18,13,6,248,176,176,,,,météo correcte
2014-06-29,21,9,10,9,21,16,1.3,95,6.75,1017,46.125,21,14,8,143,353,176,,,,météo correcte
2014-06-30,19,10,15,10,19,17,0,89,7,1017,19.25,19,11,8,113,113,113,,,,météo favorable
2014-07-01,22,8,9,8,22,19,2.8,83,8.625,1022,15.75,25,17,6,113,176,176,,,,météo favorable
2014-07-02,22,11,21,11,21,17,0.1,93,8,1021,33.125,25,15,11,113,116,116,,,,météo favorable
2014-07-03,20,14,18,14,20,18,1,98,5.25,1019,89,20,16,13,248,119,119,,,,météo défavorable
2014-07-04,19,11,17,11,19,16,2,96,6.625,1017,62.125,19,15,11,113,116,116,,,,météo correcte
2014-07-05,18,11,16,11,18,16,3.1,97,6,1016,67.75,18,14,10,113,116,116,,,,météo défavorable
2014-07-06,17,9,20,9,17,15,5.3,96,6.375,1018,64.375,17,14,8,143,176,353,,,,météo correcte
2014-07-07,19,9,17,9,19,15,4.3,97,6.125,1016,55.25,19,13,8,143,176,353,,,,météo correcte
2014-07-08,19,9,21,9,19,17,2.3,99,7.25,1024,28.75,19,13,8,248,176,176,,,,météo favorable
2014-07-09,21,9,15,9,20,18,0,98,5,1026,74.875,21,15,7,248,116,119,,,,météo défavorable
2014-07-10,22,15,14,15,21,18,6.1,98,8.5,1024,72.625,25,19,15,353,353,176,,,,météo défavorable
2014-07-11,22,13,8,13,22,19,3.5,98,6.25,1021,86.5,24,19,14,248,353,353,,,,météo défavorable
2014-07-12,20,14,17,14,19,16,2.3,100,5.5,1017,93.25,20,18,14,266,266,353,,,,météo défavorable
2014-07-13,21,12,14,12,21,18,0.5,98,5.125,1013,70.625,24,13,11,248,353,113,,,,météo défavorable
2014-07-14,19,14,20,14,17,16,1.6,99,4.625,1014,75,18,17,13,266,296,263,,,,météo défavorable
2014-07-15,21,10,21,10,21,17,0.2,97,6.5,1019,71.375,21,14,9,143,116,116,,,,météo défavorable
2014-07-16,20,15,15,15,19,19,3.7,97,9,1020,86.25,20,17,15,122,266,353,,,,météo défavorable
2014-07-17,24,13,13,13,23,20,0,95,5.5,1020,53.5,26,17,13,143,116,113,,,,météo favorable
2014-07-18,19,15,20,15,19,18,3.7,99,6.875,1013,82.375,19,18,15,266,266,353,,,,météo défavorable
2014-07-19,21,15,8,15,21,18,9.7,99,5.375,1009,95.375,24,19,15,248,353,356,,,,météo défavorable
2014-07-20,23,13,15,13,22,20,1.1,98,5.375,1017,58.625,25,16,12,248,116,113,,,,météo correcte
2014-07-21,20,12,13,12,18,20,0.4,92,4.75,1021,63.75,20,17,12,116,266,119,,,,météo correcte
2014-07-22,25,17,16,17,23,22,1,98,4,1023,86.125,27,21,17,248,266,353,,,,météo défavorable
2014-07-23,26,15,12,15,26,22,2.9,97,5.375,1023,66.5,27,21,15,248,353,176,,,,météo défavorable
2014-07-24,25,14,11,14,25,22,11.9,96,5.5,1019,51.75,27,22,15,143,356,176,,,,météo correcte
2014-07-25,26,13,11,13,26,22,2.3,94,5.875,1019,6,28,20,13,143,113,113,,,,météo favorable
2014-07-26,22,15,21,15,22,18,5.3,100,8.25,1020,55,25,17,15,356,176,116,,,,météo correcte
2014-07-27,19,12,18,12,19,17,0.3,96,6.5,1021,64.5,19,13,11,143,116,116,,,,météo correcte
2014-07-28,19,12,20,12,19,18,0.4,94,9,1021,74.25,19,14,10,119,122,119,,,,météo défavorable
2014-07-29,19,14,17,14,17,17,0.8,98,4.75,1021,78.75,19,16,13,266,353,116,,,,météo défavorable
2014-07-30,22,11,17,11,22,18,0.6,99,5,1020,77.375,25,16,9,248,119,353,,,,météo défavorable
2014-07-31,19,15,17,15,19,17,2.4,100,5.75,1014,79.375,19,18,15,266,353,353,,,,météo défavorable
2014-08-01,20,13,9,13,20,16,10.8,100,7.375,1008,89.25,20,16,13,266,353,296,,,,météo défavorable
2014-08-02,16,10,22,10,15,12,6.1,99,5.5,1003,84.25,16,13,8,266,266,299,,,,météo défavorable
2014-08-03,20,11,22,11,19,17,1.7,99,7.875,1010,56.5,20,14,9,119,176,113,,,,météo correcte
2014-08-04,21,8,18,8,21,18,0.6,97,5.125,1014,58.75,24,14,8,143,353,116,,,,météo correcte
2014-08-05,20,11,16,11,20,18,4.1,99,7.5,1013,85.375,20,17,11,248,353,353,,,,météo défavorable
2014-08-06,21,13,17,13,20,17,1.8,98,5.375,1013,64.75,25,16,12,248,353,113,,,,météo correcte
2014-08-07,20,8,14,8,20,17,1.9,96,6.375,1016,32.25,20,14,7,143,116,176,,,,météo favorable
2014-08-08,20,12,11,12,20,17,7.3,99,8.5,1012,41.75,20,16,11,356,113,176,,,,météo favorable
2014-08-09,19,10,15,10,19,14,7.3,99,5.625,1006,84.125,19,15,8,248,176,296,,,,météo défavorable
2014-08-10,19,9,27,9,17,16,2.8,100,7.25,1004,52.75,19,13,7,248,386,113,,,,météo correcte
2014-08-11,19,9,23,9,19,15,2.3,98,9.625,1005,33.75,19,13,7,113,176,176,,,,météo favorable
2014-08-12,18,8,19,8,16,15,2.5,95,6.5,1006,77.875,18,13,6,143,353,353,,,,météo défavorable
2014-08-13,19,12,22,12,19,15,2,97,6,1010,77.625,19,14,11,119,353,176,,,,météo défavorable
2014-08-14,19,9,15,9,18,16,3,99,5.125,1016,64.5,19,15,8,248,353,176,,,,météo correcte
2014-08-15,18,8,18,8,18,16,0.6,99,5,1023,61,18,12,6,248,176,113,,,,météo correcte
2014-08-16,19,8,21,8,18,15,0.4,99,6.125,1024,78.375,19,13,6,248,176,116,,,,météo défavorable
2014-08-17,17,12,24,12,17,15,1.8,98,6.5,1015,58.625,17,13,10,248,176,176,,,,météo correcte
2014-08-18,18,8,18,8,18,15,0.9,99,8.375,1017,39.75,18,11,5,248,176,176,,,,météo favorable
2014-08-19,17,7,14,7,17,15,1.6,98,7.625,1018,38.375,17,10,5,248,176,113,,,,météo correcte
2014-08-20,18,4,12,4,17,14,1.1,97,5.25,1021,40.625,18,10,3,248,113,176,,,,météo favorable
2014-08-21,17,5,20,5,17,14,2.4,98,4.875,1019,88.625,17,13,3,248,353,176,,,,météo très défavorable
2014-08-22,18,5,14,5,17,14,1.4,99,5.125,1017,46.875,18,11,3,248,113,176,,,,météo favorable
2014-08-23,18,5,13,5,17,15,0.2,98,6.25,1020,45.25,18,10,3,248,113,113,,,,météo favorable
2014-08-24,14,8,18,8,14,13,6.2,99,7.25,1019,71,14,14,7,116,296,296,,,,météo défavorable
2014-08-25,21,13,20,13,19,17,8,100,7.125,1005,90.375,24,18,12,296,353,353,,,,météo défavorable
2014-08-26,19,13,16,13,18,17,0.9,99,8.75,1010,84.5,19,15,12,248,353,119,,,,météo défavorable
2014-08-27,17,11,25,11,16,15,5.7,99,7.5,1011,90.125,17,16,9,122,296,296,,,,météo défavorable
2014-08-28,19,10,27,10,19,16,0.7,99,6.25,1005,69,19,13,9,248,353,116,,,,météo défavorable
2014-08-29,17,12,21,12,16,16,5.3,98,6.125,1012,93,17,16,11,122,266,122,,,,météo défavorable
2014-08-30,18,10,21,10,18,15,0.3,99,8.75,1020,72.25,18,13,9,122,353,116,,,,météo défavorable
2014-08-31,21,7,14,7,21,17,0.6,96,3.25,1020,63.75,24,17,6,143,113,266,,,,météo correcte
2014-09-01,18,11,9,11,18,15,0.5,100,5.25,1024,63.25,18,13,11,248,119,113,,,,météo correcte
2014-09-02,19,3,6,3,19,16,0.3,100,5.25,1024,67.625,19,14,3,248,119,116,,,,météo très défavorable
2014-09-03,20,3,12,3,20,17,0.3,99,5.25,1023,60.75,20,15,2,248,119,116,,,,météo correcte
2014-09-04,22,9,10,9,22,18,1.9,98,6,1020,61.75,25,18,8,248,353,176,,,,météo correcte
2014-09-05,23,6,5,6,23,16,1.2,97,6.25,1018,58.25,25,17,6,143,116,353,,,,météo correcte
2014-09-06,19,11,10,11,16,15,2.1,99,5.75,1018,66.25,19,12,10,296,113,116,,,,météo défavorable
2014-09-07,19,4,9,4,17,15,0,99,5.25,1021,51.5,19,12,2,248,113,116,,,,météo favorable
2014-09-08,19,5,6,5,18,15,0,99,5.5,1023,34.875,19,12,4,248,113,113,,,,météo favorable
2014-09-09,19,1,6,1,19,15,0,99,5.25,1024,43.125,19,13,1,248,113,113,,,,météo favorable
2014-09-10,20,5,13,5,19,16,0,96,5.5,1021,29.875,20,14,3,143,113,113,,,,météo favorable
2014-09-11,20,10,14,10,20,16,0,98,5.5,1022,47.25,20,15,9,248,119,113,,,,météo correcte
2014-09-12,19,16,15,9,18,16,0.4,89,5,1024,88.25,19,15,16,248,353,116,,,,météo défavorable
2014-09-13,21,16,13,9,21,16,0.2,89,5,1026,70.5,21,15,16,248,116,116,,,,météo défavorable
2014-09-14,18,15,15,9,18,15,0.2,91,5,1025,83,18,14,14,248,122,116,,,,météo défavorable
2014-09-15,20,14,12,9,18,15,0.6,91,4.875,1020,78.625,20,14,13,248,353,116,,,,météo défavorable
2014-09-16,18,12,12,7,16,16,0.4,96,3,1016,81.875,18,15,12,248,266,113,,,,météo défavorable
2014-09-17,21,15,18,13,21,17,0.3,96,4,1012,82.375,24,16,15,248,122,116,,,,météo défavorable
2014-09-18,22,16,12,11,22,18,0,90,5,1010,76,25,17,16,248,116,116,,,,météo défavorable
2014-09-19,19,16,9,12,18,17,2.8,99,3,1014,100,19,18,16,248,296,266,,,,météo défavorable
2014-09-20,17,14,15,13,15,14,4.9,96,7.625,1024,74,17,14,13,296,119,116,,,,météo défavorable
2014-09-21,19,10,8,4,18,14,0.2,90,5.25,1027,62.5,19,14,10,248,116,116,,,,météo correcte
2014-09-22,19,14,10,4,19,15,0.1,90,5.5,1027,44.625,19,14,14,143,116,113,,,,météo favorable
2014-09-23,18,13,13,10,15,13,0.9,98,3.875,1023,77.75,18,13,12,263,266,116,,,,météo défavorable
2014-09-24,17,13,17,9,16,13,0.4,92,5.25,1020,71.125,17,12,12,248,116,116,,,,météo défavorable
2014-09-25,20,16,13,12,19,16,0.5,95,6.75,1019,82.375,20,18,16,122,122,143,,,,météo défavorable
2014-09-26,19,14,11,11,19,17,0.2,89,7.5,1025,47.25,20,13,14,248,113,116,,,,météo favorable
2014-09-27,20,13,14,7,18,15,0.3,92,5.75,1025,49.75,20,15,13,143,119,119,,,,météo correcte
2014-09-28,20,15,6,9,18,17,1.3,96,5,1022,92,20,16,15,248,119,353,,,,météo défavorable
2014-09-29,20,15,13,7,20,16,1.3,96,4.875,1020,79.5,20,16,15,248,353,176,,,,météo défavorable
2014-09-30,20,15,18,14,18,15,1.9,97,6.5,1019,94.375,20,18,15,122,353,143,,,,météo défavorable
2014-10-01,16,13,14,12,16,13,1.2,97,6.125,1029,63.5,16,13,12,248,116,113,,,,météo correcte
2014-10-02,16,11,21,4,15,12,0,89,10,1030,14,16,11,10,113,113,116,,,,météo correcte
2014-10-03,16,13,23,15,13,13,19.6,98,7.75,1017,82.875,16,15,12,119,302,116,,,,météo très défavorable
2014-10-04,13,9,22,4,13,11,3,90,5.875,1016,58.125,13,8,6,248,176,176,,,,météo correcte
2014-10-05,14,12,23,7,14,11,6.5,93,6.875,1019,61,14,12,10,119,116,263,,,,météo correcte
2014-10-06,13,9,17,6,13,10,10.7,90,9.25,995,39.625,14,11,7,113,119,176,,,,météo correcte
2014-10-07,14,7,17,0,13,12,0.5,87,7.875,994,24.375,16,8,6,113,113,113,,,,météo correcte
2014-10-08,15,11,22,10,14,10,8.7,98,8,991,60.125,15,11,10,389,176,113,,,,météo correcte
2014-10-09,16,12,15,7,16,13,1.4,86,7.875,999,38.625,16,13,10,116,176,353,,,,météo correcte
2014-10-10,14,9,13,6,14,10,4.8,92,7.5,1009,21.875,14,10,8,176,116,176,,,,météo correcte
2014-10-11,16,10,5,2,14,14,0.4,90,5.25,1011,40.25,18,10,10,248,113,176,,,,météo correcte
2014-10-12,14,9,10,0,14,10,0.1,92,4,1013,59.125,14,10,9,248,113,143,,,,météo correcte
2014-10-13,13,8,13,4,10,9,0.5,97,4.25,1010,96,13,9,5,248,266,176,,,,météo défavorable
2014-10-14,12,7,12,2,11,10,0.7,95,2.25,1010,97.875,12,10,6,248,176,266,,,,météo défavorable
2014-10-15,15,12,22,10,12,11,6,99,6.125,1004,77.625,15,14,9,296,389,143,,,,météo défavorable
2014-10-16,16,14,24,10,16,12,1.7,96,6.5,994,85.625,16,14,12,119,353,176,,,,météo défavorable
2014-10-17,17,14,30,11,17,15,7.8,97,9.375,1000,79,17,15,13,119,176,296,,,,météo défavorable
2014-10-18,17,15,37,12,16,16,0.7,96,9,1001,62.5,17,15,13,116,113,119,,,,météo correcte
2014-10-19,15,13,30,12,15,10,0.8,91,10,1014,75,15,12,11,119,176,176,,,,météo défavorable
2014-10-20,16,12,21,10,14,13,1.7,95,7,1014,83.625,16,13,10,266,266,119,,,,météo défavorable
2014-10-21,13,8,42,7,10,7,3.2,84,9.625,1027,43.625,13,12,5,116,176,116,,,,météo correcte
2014-10-22,15,9,19,7,13,11,0.2,91,9.875,1027,45.375,15,10,7,119,116,119,,,,météo correcte
2014-10-23,16,15,19,13,15,13,2.4,97,4.75,1017,89.875,16,14,14,266,176,296,,,,météo défavorable
2014-10-24,13,10,21,7,13,11,0.2,95,5.25,1013,64,13,9,8,248,113,116,,,,météo correcte
2014-10-25,15,10,26,8,15,10,0.1,92,10,1014,37.125,15,10,8,116,176,116,,,,météo correcte
2014-10-26,15,12,27,11,15,14,0.8,96,8,1014,64,15,14,10,116,176,266,,,,météo correcte
2014-10-27,16,15,24,14,16,16,1.1,97,7.375,1012,84.375,16,15,15,263,119,119,,,,météo défavorable
2014-10-28,15,10,15,14,12,8,11.7,99,5.125,1014,77.25,15,15,8,296,302,143,,,,météo défavorable
2014-10-29,11,6,15,2,10,9,1.3,92,4,1016,51,11,11,4,143,116,266,,,,météo défavorable
2014-10-30,16,13,21,11,15,15,1.8,97,5,1011,94.375,16,16,11,176,176,266,,,,météo défavorable
2014-10-31,16,15,26,15,16,12,9.3,98,4.375,1008,95.25,16,16,15,296,296,266,,,,météo défavorable
2014-11-01,13,10,32,7,13,8,3.6,96,8.75,1009,71.125,13,12,7,116,176,296,,,,météo défavorable
2014-11-02,11,7,25,5,11,7,1.5,95,8.375,1002,46.5,11,8,4,113,113,266,,,,météo défavorable
2014-11-03,11,6,21,4,11,8,0.7,95,8.75,991,29.5,11,7,3,200,113,176,,,,météo défavorable
2014-11-04,11,6,24,3,11,6,0.1,95,8.75,1004,48.875,11,8,2,116,116,113,,,,météo défavorable
2014-11-05,9,3,10,2,9,4,0,94,7.75,1010,37,9,5,0,248,113,119,,,,météo très défavorable
2014-11-06,14,14,28,11,14,11,18.1,98,6.25,1003,98.25,14,14,12,296,296,302,,,,météo très défavorable
2014-11-07,11,6,24,6,11,6,0.9,95,7.5,995,51.125,11,8,3,266,200,116,,,,météo défavorable
2014-11-08,10,4,14,1,9,6,0.9,95,6.625,997,43,10,7,2,176,113,116,,,,météo très défavorable
2014-11-09,11,6,22,4,11,7,0.5,98,7.375,1002,62.625,11,10,4,116,119,116,,,,météo défavorable
2014-11-10,9,7,27,5,9,5,6.4,97,5.5,1001,78.5,9,10,5,143,296,296,,,,météo défavorable
2014-11-11,11,8,13,6,11,8,8.1,97,3.5,988,100,11,10,6,143,176,302,,,,météo défavorable
2014-11-12,9,5,12,5,7,7,5.4,98,6.375,992,72.75,9,8,2,389,266,116,,,,météo très défavorable
2014-11-13,10,8,19,10,10,7,22.2,99,9,992,66.625,10,10,7,302,113,116,,,,météo très défavorable
2014-11-14,11,7,23,4,11,8,14.8,97,8.125,992,41.875,11,9,5,143,113,116,,,,météo défavorable
2014-11-15,12,8,21,7,12,8,0.1,98,10,996,40.5,12,10,6,116,113,116,,,,météo défavorable
2014-11-16,10,5,13,4,9,7,0.1,98,3.75,1008,90.75,10,8,3,248,119,119,,,,météo très défavorable
2014-11-17,10,6,23,4,9,8,0.3,98,6.25,1008,93,10,9,3,119,122,248,,,,météo défavorable
2014-11-18,10,8,21,6,9,9,0.3,96,6.75,1008,69,10,8,5,143,122,119,,,,météo défavorable
2014-11-19,10,9,23,9,10,7,7.3,98,8.125,1017,91.75,10,9,6,176,302,353,,,,météo défavorable
2014-11-20,10,5,9,1,9,8,0.6,98,2.75,1022,92.25,10,9,4,248,176,248,,,,météo très défavorable
2014-11-21,13,9,25,8,11,12,17.5,99,7.875,1018,100,13,13,6,296,302,296,,,,météo très défavorable
2014-11-22,10,7,17,9,9,4,0.3,97,10,1018,40,10,9,4,176,113,113,,,,météo défavorable
2014-11-23,8,2,8,1,7,5,0,90,9,1022,6.125,8,6,0,113,113,113,,,,météo très défavorable
2014-11-24,9,4,16,1,8,6,1.6,93,9.875,1025,55.5,9,7,0,113,119,122,,,,météo très défavorable
2014-11-25,9,7,12,7,9,4,1.3,96,4,1025,73.125,9,7,5,266,116,143,,,,météo défavorable
2014-11-26,7,2,5,-1,7,2,0,93,7,1017,36,7,5,1,143,113,116,,,,météo très défavorable
2014-11-27,8,6,19,6,8,5,0.4,95,8.75,1006,75,8,7,3,176,119,116,,,,météo très défavorable
2014-11-28,11,8,22,6,10,9,0.6,97,9,1005,78.75,11,10,5,119,176,119,,,,météo défavorable
2014-11-29,11,8,5,6,10,8,0.2,98,1.75,1013,88.125,11,10,7,248,119,143,,,,météo défavorable
2014-11-30,9,4,5,4,8,6,0,100,1.75,1018,90.75,9,8,3,248,143,248,,,,météo très défavorable
2014-12-01,9,3,9,1,8,6,2.6,95,5.25,1020,62,9,8,1,143,113,296,,,,météo très défavorable
2014-12-02,6,0,14,0,5,2,0,93,9,1031,4.5,6,4,-4,113,113,143,,,,météo très défavorable
2014-12-03,7,0,5,-1,7,3,0,94,8,1031,3.625,7,4,-2,113,113,143,,,,météo très défavorable
2014-12-04,6,0,7,-2,6,2,0.3,89,9,1023,31.375,6,4,-2,113,116,113,,,,météo très défavorable
2014-12-05,6,1,16,0,6,2,1.2,91,8.25,1031,45.5,6,4,-4,113,113,116,,,,météo très défavorable
2014-12-06,9,4,18,3,7,7,0.4,96,6,1030,77.25,9,8,1,143,119,176,,,,météo très défavorable
2014-12-07,8,3,22,4,6,2,1.7,89,7.875,1022,55,8,8,-1,116,113,119,,,,météo très défavorable
2014-12-08,5,3,17,0,4,4,1.3,92,9.875,1030,33.25,5,4,-1,116,113,113,,,,météo très défavorable
2014-12-09,11,9,36,6,11,8,2.9,98,9.25,1028,76.5,11,11,6,119,176,263,,,,météo défavorable
2014-12-10,7,3,29,2,7,4,0.8,86,9,1016,60.125,7,3,-2,116,113,176,,,,météo très défavorable
2014-12-11,5,4,29,3,5,5,8.2,97,6.75,1012,82,5,5,-1,266,296,266,,,,météo très défavorable
2014-12-12,4,1,17,-1,4,3,1.5,95,8.625,1006,43.375,4,3,-3,260,113,116,,,,météo très défavorable
2014-12-13,5,0,15,-1,5,2,0,90,10,1014,33.5,6,4,-4,113,119,116,,,,météo très défavorable
2014-12-14,9,7,26,6,9,3,2.5,98,6.875,1010,88.25,9,8,3,266,296,119,,,,météo défavorable
2014-12-15,8,5,13,5,7,5,1.2,98,3.875,1015,94.5,8,7,3,176,266,248,,,,météo très défavorable
2014-12-16,7,3,20,4,6,3,9.7,99,7.375,1017,73.5,7,9,0,116,296,296,,,,météo très défavorable
2014-12-17,13,11,21,9,12,11,4.4,98,3.75,1007,97.375,13,12,9,266,266,266,,,,météo défavorable
2014-12-18,13,12,29,12,13,11,10.5,96,7,1006,100,13,13,10,266,266,302,,,,météo défavorable
2014-12-19,7,4,24,4,7,4,0.4,91,9.375,1024,47,7,6,-1,119,113,116,,,,météo très défavorable
2014-12-20,8,6,17,3,7,7,0,88,10,1031,67.25,8,6,2,122,116,116,,,,météo très défavorable
2014-12-21,12,10,25,8,12,11,0.4,98,10,1028,68,12,11,6,119,116,176,,,,météo défavorable
2014-12-22,13,11,31,10,12,11,1.1,95,9.375,1016,90.5,13,11,7,176,176,176,,,,météo défavorable
2014-12-23,11,11,35,10,11,10,6.1,97,7.75,1013,87.375,11,11,7,176,266,302,,,,météo défavorable
2014-12-24,7,3,21,3,6,5,0,92,10,1025,36.125,7,5,-2,116,113,119,,,,météo très défavorable
2014-12-25,7,4,12,2,6,5,0,93,10,1033,35.5,7,5,1,113,116,116,,,,météo très défavorable
2014-12-26,7,3,22,3,6,3,14.8,100,6.75,1033,93.5,7,7,-2,296,308,266,,,,météo très défavorable
2014-12-27,5,3,24,2,5,0,1,97,9.875,1020,37.125,5,3,-2,113,176,113,,,,météo très défavorable
2014-12-28,2,-3,7,-3,1,0,0,92,10,1039,21.75,3,1,-6,116,116,113,,,,météo très défavorable
2014-12-29,6,0,15,-1,5,3,0,91,10,1040,26.5,6,4,-4,116,113,113,,,,météo très défavorable
2014-12-30,8,4,24,3,7,5,0,94,10,1038,37.75,8,6,0,116,113,116,,,,météo très défavorable
2014-12-31,11,8,30,6,10,10,2.7,98,7.25,1026,88,11,11,4,266,176,263,,,,météo défavorable
2015-01-01,13,11,37,10,13,13,5.2,98,5.625,1022,93.875,13,13,8,266,266,266,,,,météo défavorable
2015-01-02,7,3,18,3,6,4,0.3,87,9,1033,39,7,5,-1,116,113,116,,,,météo très défavorable
2015-01-03,6,4,18,2,6,5,8,100,4.5,1030,88.625,6,5,0,296,263,248,,,,météo très défavorable
2015-01-04,9,3,16,3,7,7,0.1,97,7,1031,65.125,9,9,-1,143,119,122,,,,météo très défavorable
2015-01-05,11,8,22,6,10,10,0.8,97,8,1027,83.875,11,11,5,266,176,119,,,,météo défavorable
2015-01-06,8,3,14,3,5,3,2.1,94,9.75,1022,33.375,8,7,-1,176,113,113,,,,météo très défavorable
2015-01-07,12,9,43,7,10,10,3.6,97,6.75,1020,79.875,12,11,5,266,296,266,,,,météo défavorable
2015-01-08,8,4,21,5,7,6,4,94,9,1022,60.5,8,7,0,263,113,119,,,,météo très défavorable
2015-01-09,14,7,38,5,12,12,0.8,97,7.375,1019,69,14,13,2,116,176,266,,,,météo défavorable
2015-01-10,12,3,31,9,5,3,2.6,84,7.75,1021,62.25,12,11,-3,296,116,176,,,,météo très défavorable
2015-01-11,8,4,31,2,6,5,0.1,90,10,1025,60.125,8,5,-1,119,119,116,,,,météo très défavorable
2015-01-12,8,6,23,8,7,4,3.5,93,8.5,1009,60.375,8,8,3,296,113,263,,,,météo très défavorable
2015-01-13,3,2,27,1,3,0,1.2,85,9.875,999,52.5,3,2,-3,323,116,116,,,,météo très défavorable
2015-01-14,7,1,44,-1,4,3,5.8,95,9.5,1001,59.5,7,7,-4,113,296,296,,,,météo très défavorable
2015-01-15,5,2,48,0,4,3,3.2,91,7.875,991,43.5,5,4,-5,113,266,293,,,,météo très défavorable
2015-01-16,3,1,20,-1,3,2,0.3,91,9.875,1012,35.375,3,2,-4,116,116,317,,,,météo très défavorable
2015-01-17,3,1,19,-1,3,-1,1,95,9.875,1011,41.625,3,2,-4,116,326,113,,,,météo très défavorable
2015-01-18,5,1,25,-1,5,1,0,84,10,1023,11.75,5,1,-4,113,113,113,,,,météo très défavorable
2015-01-19,4,0,19,-4,3,3,3,83,9.75,1023,52.875,4,2,-3,113,122,317,,,,météo très défavorable
2015-01-20,6,4,19,3,5,2,3.7,97,7.625,1005,72,6,4,1,296,116,176,,,,météo très défavorable
2015-01-21,6,2,24,2,6,2,1.1,90,9.875,1014,38.625,6,3,-3,116,113,116,,,,météo très défavorable
2015-01-22,6,-1,9,-2,5,4,0,91,9,1023,22.625,7,3,-3,116,113,113,,,,météo très défavorable
2015-01-23,9,9,26,6,9,7,2.9,97,8.25,1022,87.875,9,9,5,122,296,263,,,,météo défavorable
2015-01-24,7,1,16,0,6,3,0,85,10,1032,32.375,7,3,-3,113,116,116,,,,météo très défavorable
2015-01-25,12,8,25,5,11,8,1.1,97,9.875,1031,81.625,12,10,5,119,122,122,,,,météo défavorable
2015-01-26,9,5,23,4,7,3,3.5,87,9,1032,56.25,9,9,1,119,116,116,,,,météo très défavorable
2015-01-27,8,5,21,3,8,7,0.2,93,8,1032,88.625,8,7,3,143,122,176,,,,météo très défavorable
2015-01-28,10,4,45,7,4,2,3.4,73,6.875,1014,79.125,10,9,-3,266,182,368,,,,météo très défavorable
2015-01-29,3,2,39,1,3,2,6,84,7.625,1000,75.25,3,1,-5,371,329,395,,,,météo très défavorable
2015-01-30,5,3,23,3,5,1,1.4,89,9.75,987,46.875,5,2,-3,116,176,113,,,,météo très défavorable
2015-01-31,5,2,47,0,5,4,0.4,73,9.875,1008,37.25,5,0,-4,323,116,116,,,,météo très défavorable
2015-02-01,5,-1,23,-1,5,3,0,81,10,1012,41.125,6,0,-6,116,116,116,,,,météo très défavorable
2015-02-02,5,1,7,-1,5,3,0.1,82,10,1011,78.625,6,0,1,122,113,122,,,,météo très défavorable
2015-02-03,3,0,7,-1,2,-1,1.7,92,10,1020,48,3,0,-2,326,113,113,,,,météo très défavorable
2015-02-04,4,-3,18,-4,2,1,0,88,8,1031,13.5,4,0,-6,113,113,113,,,,météo très défavorable
2015-02-05,7,0,18,-2,6,4,0.1,90,10,1033,62.5,7,5,-3,116,119,122,,,,météo très défavorable
2015-02-06,7,1,11,1,6,3,0,98,5,1038,74,7,4,-1,248,119,116,,,,météo très défavorable
2015-02-07,8,1,17,-1,6,5,0,95,8,1043,34.125,8,6,-3,143,116,116,,,,météo très défavorable
2015-02-08,9,0,8,-4,7,7,0,91,8,1044,20.125,9,3,-1,116,113,113,,,,météo très défavorable
2015-02-09,7,2,7,-1,6,5,0,97,4.25,1041,25.25,8,4,1,260,113,143,,,,météo très défavorable
2015-02-10,10,2,12,-1,8,7,0,98,3,1035,39.5,11,6,0,260,113,143,,,,météo très défavorable
2015-02-11,7,5,8,3,7,6,0.6,94,7,1025,89.125,7,5,3,143,122,122,,,,météo très défavorable
2015-02-12,8,5,24,3,7,7,0.3,86,10,1019,77.25,8,6,3,122,122,176,,,,météo très défavorable
2015-02-13,9,5,26,6,8,5,6.4,93,9.375,1001,49.25,9,5,2,299,113,176,,,,météo très défavorable
2015-02-14,9,3,10,3,7,6,0,97,7,1006,56,9,5,2,143,116,116,,,,météo très défavorable
2015-02-15,7,6,23,4,7,6,6.4,95,5.5,1011,72.125,7,7,3,143,119,296,,,,météo très défavorable
2015-02-16,6,3,30,2,6,1,2.6,88,9.875,1029,43.375,6,4,-1,119,362,113,,,,météo très défavorable
2015-02-17,10,3,27,0,9,5,0,79,10,1038,48.375,10,4,-1,113,119,116,,,,météo très défavorable
2015-02-18,11,9,40,7,10,9,1.1,94,9.875,1035,80.75,11,8,6,122,122,176,,,,météo défavorable
2015-02-19,10,7,28,7,8,4,1.3,92,7.875,1019,65.625,10,9,3,176,353,113,,,,météo défavorable
2015-02-20,7,3,33,1,7,3,1.1,87,10,1011,58,7,3,0,119,353,362,,,,météo très défavorable
2015-02-21,6,2,33,1,6,2,1.1,83,10,1011,52.75,6,0,-3,368,362,116,,,,météo très défavorable
2015-02-22,11,7,38,4,11,9,10.7,95,9.25,1009,84.25,11,10,2,296,296,353,,,,météo défavorable
2015-02-23,6,3,54,1,6,4,1.8,72,9.875,990,79.875,6,1,-3,119,362,353,,,,météo très défavorable
2015-02-24,8,4,48,2,8,6,4.6,87,9.875,1010,87,8,5,-1,326,113,353,,,,météo très défavorable
2015-02-25,12,10,26,9,12,11,2.8,96,4.875,1015,100,12,11,7,266,176,176,,,,météo défavorable
2015-02-26,12,3,43,6,6,3,4,81,8.625,1018,67.875,12,11,-2,296,176,326,,,,météo très défavorable
2015-02-27,9,4,34,3,9,5,1,92,7,1020,72.375,9,7,0,122,116,266,,,,météo très défavorable
2015-02-28,10,7,42,4,9,8,2.6,92,7.875,1008,83.875,11,10,3,119,176,266,,,,météo défavorable
2015-03-01,6,3,24,3,6,3,8.1,90,9.125,1000,69.25,6,4,-1,116,302,182,,,,météo très défavorable
2015-03-02,5,1,32,-1,3,3,3,81,10,1009,69.625,5,0,-4,119,368,368,,,,météo très défavorable
2015-03-03,5,2,45,-1,4,2,1.1,82,10,1021,45.25,5,1,-3,116,113,116,,,,météo très défavorable
2015-03-04,9,4,24,0,8,4,0.3,87,9.875,1038,43.125,9,3,0,116,176,113,,,,météo très défavorable
2015-03-05,9,7,30,5,9,7,0,84,10,1037,83.375,9,6,4,122,122,122,,,,météo défavorable
2015-03-06,12,9,48,7,11,9,0.1,83,10,1032,64.125,12,7,4,176,113,116,,,,météo défavorable
2015-03-07,14,11,41,8,12,12,0.5,89,9,1017,99.125,14,10,7,266,122,176,,,,météo défavorable
2015-03-08,11,5,31,6,8,5,7.1,85,9.25,1027,62.75,11,10,2,302,119,113,,,,météo très défavorable
2015-03-09,11,7,44,6,11,7,3.7,94,9.625,1024,67.5,11,10,3,296,293,113,,,,météo défavorable
2015-03-10,9,5,25,0,9,5,0,80,10,1031,23.25,9,3,2,119,113,113,,,,météo très défavorable
2015-03-11,11,5,42,8,10,5,7.9,94,7.5,1027,50,11,11,5,302,113,113,,,,météo très défavorable
2015-03-12,12,6,46,8,12,6,5.7,94,6.625,1025,76.875,12,10,4,266,266,293,,,,météo défavorable
2015-03-13,10,6,17,2,9,7,0,83,10,1028,36.5,10,4,4,116,113,116,,,,météo défavorable
2015-03-14,11,7,16,1,10,7,0,85,9,1032,25.75,11,6,5,113,119,113,,,,météo défavorable
2015-03-15,7,5,21,-1,7,6,0.1,78,10,1034,45.375,7,2,1,113,122,119,,,,météo très défavorable
2015-03-16,8,5,19,1,7,5,0.9,86,7,1025,68.5,8,4,2,143,353,176,,,,météo très défavorable
2015-03-17,12,5,8,-2,9,10,0,84,7.75,1029,45,12,3,4,143,113,119,,,,météo très défavorable
2015-03-18,12,7,6,-1,11,10,0,77,10,1036,13.5,12,4,5,113,113,116,,,,météo défavorable
2015-03-19,13,8,12,-1,12,9,0,79,10,1036,9.5,13,5,7,113,113,113,,,,météo correcte
2015-03-20,12,7,17,3,12,8,0.5,92,10,1034,74.625,12,10,5,122,176,119,,,,météo défavorable
2015-03-21,13,6,16,1,11,9,0,87,9,1031,24.625,13,5,3,143,113,116,,,,météo correcte
2015-03-22,14,8,17,1,13,10,0,83,9,1030,21,14,7,6,143,116,116,,,,météo correcte
2015-03-23,10,7,27,5,10,7,1.1,85,8.875,1018,55.125,10,5,3,176,353,176,,,,météo défavorable
2015-03-24,10,6,36,0,9,6,1.1,69,9.75,1016,27.5,10,2,1,113,176,176,,,,météo défavorable
2015-03-25,7,4,36,-1,7,4,11.7,94,9.125,1017,61.25,7,6,-2,113,176,302,,,,météo très défavorable
2015-03-26,10,7,34,7,10,7,1.5,81,9.875,1018,56.375,10,8,3,122,119,113,,,,météo défavorable
2015-03-27,11,7,18,3,10,9,0.3,89,10,1019,78.375,11,8,4,119,176,122,,,,météo défavorable
2015-03-28,12,9,42,11,11,9,3.8,92,7.75,1011,100,12,11,5,296,353,176,,,,météo défavorable
2015-03-29,11,7,59,10,11,7,3.6,88,8.75,1006,86.625,11,9,3,296,353,119,,,,météo défavorable
2015-03-30,13,7,50,2,9,11,4.3,93,7.75,1011,88.25,13,12,3,116,296,266,,,,météo défavorable
2015-03-31,8,6,57,5,8,6,0.9,67,9,1024,79,8,4,0,116,353,122,,,,météo très défavorable
2015-04-01,10,8,35,3,9,8,1.4,91,8,1028,90.75,10,9,4,122,176,176,,,,météo défavorable
2015-04-02,14,11,21,9,13,13,1.6,93,7,1021,96.25,14,12,9,176,353,266,,,,météo défavorable
2015-04-03,11,7,40,7,10,8,1.6,82,8.875,1025,91,11,10,2,176,176,119,,,,météo défavorable
2015-04-04,14,9,18,4,12,13,0.2,91,7,1027,74.5,14,11,7,143,176,122,,,,météo défavorable
2015-04-05,15,4,16,4,15,12,0,96,9,1030,40.375,15,9,2,143,119,113,,,,météo correcte
2015-04-06,15,2,6,2,15,13,0.1,94,10,1036,36,15,10,2,113,122,119,,,,météo correcte
2015-04-07,18,2,10,2,17,14,0,96,8,1038,8.125,18,10,2,143,113,113,,,,météo favorable
2015-04-08,16,4,19,4,16,12,0,89,10,1035,21.75,16,9,2,113,113,113,,,,météo correcte
2015-04-09,16,2,20,2,16,12,0,88,10,1028,14.75,16,9,-1,116,113,113,,,,météo correcte
2015-04-10,16,5,31,5,16,12,1,93,9.875,1019,40.75,16,10,2,116,119,116,,,,météo correcte
2015-04-11,10,1,35,1,10,8,1.7,86,9,1020,54.125,10,3,-4,113,353,353,,,,météo très défavorable
2015-04-12,9,6,42,9,6,8,5.1,94,6.5,1026,95.875,9,8,4,266,266,176,,,,météo défavorable
2015-04-13,16,6,30,6,13,13,0.2,91,10,1028,67.375,16,11,3,122,176,113,,,,météo défavorable
2015-04-14,19,6,26,6,16,14,0,96,10,1024,20.75,18,10,4,116,113,113,,,,météo favorable
2015-04-15,13,4,14,4,12,10,0.4,95,6.75,1019,79.75,13,9,2,143,122,122,,,,météo très défavorable
2015-04-16,14,3,20,3,14,11,0,92,10,1018,20.25,14,6,0,113,113,113,,,,météo correcte
2015-04-17,14,4,18,4,14,11,0,80,10,1025,59.375,14,10,1,116,122,122,,,,météo correcte
2015-04-18,14,4,34,4,11,11,0,94,10,1028,15.625,14,6,0,113,113,113,,,,météo correcte
2015-04-19,15,3,19,3,14,12,0,92,10,1028,22.375,15,6,-1,113,119,113,,,,météo correcte
2015-04-20,13,3,11,3,13,11,0.1,92,9,1034,50.5,13,7,2,116,119,119,,,,météo correcte
2015-04-21,17,4,17,4,16,14,0,85,10,1036,2.5,17,9,1,113,113,113,,,,météo correcte
2015-04-22,17,5,27,5,17,14,0,92,10,1034,22.125,17,8,2,119,113,113,,,,météo correcte
2015-04-23,16,6,20,6,16,13,0,94,9,1025,25.75,16,9,3,143,113,116,,,,météo correcte
2015-04-24,13,5,19,5,13,9,2.5,95,8.75,1013,73.875,13,11,4,143,296,353,,,,météo très défavorable
2015-04-25,12,7,24,7,8,8,2.3,96,7.25,1008,83.375,12,10,4,122,266,296,,,,météo défavorable
2015-04-26,12,-1,22,-1,10,8,0.5,89,9.875,1015,20,12,3,-5,113,113,176,,,,météo très défavorable
2015-04-27,9,0,41,0,8,6,1.7,87,10,1015,55.75,9,3,-3,116,353,353,,,,météo très défavorable
2015-04-28,9,1,38,1,9,8,6.3,87,9.75,1016,67.625,9,5,-4,122,353,353,,,,météo très défavorable
2015-04-29,12,1,33,1,12,9,1.5,92,9.625,1011,13.875,12,4,-3,113,176,113,,,,météo très défavorable
2015-04-30,13,2,19,2,12,10,0.3,91,10,1014,38,13,5,-2,113,176,176,,,,météo correcte
2015-05-01,10,6,37,6,9,7,6.1,89,8.75,1012,90,10,6,2,119,263,296,,,,météo défavorable
2015-05-02,13,11,28,11,13,11,12.7,97,7.875,1004,100,13,11,8,296,296,296,,,,météo défavorable
2015-05-03,14,9,23,9,13,11,8.3,98,9.375,1000,75,14,11,7,296,353,176,,,,météo défavorable
2015-05-04,14,5,35,5,14,11,1.2,88,9.25,999,58.875,14,8,1,119,353,176,,,,météo correcte
2015-05-05,13,6,29,6,12,10,22.1,97,8.125,990,67.875,13,10,3,302,353,176,,,,météo très défavorable
2015-05-06,12,6,37,6,11,11,4.2,93,7.875,1011,92.875,12,9,2,266,353,353,,,,météo défavorable
2015-05-07,12,5,12,5,12,11,2.6,94,7.75,1015,75.375,12,8,5,176,353,353,,,,météo très défavorable
2015-05-08,9,7,25,7,8,8,8.7,95,3.75,1014,87.875,9,8,4,143,302,266,,,,météo défavorable
2015-05-09,15,5,18,5,15,14,0.7,92,9,1019,72.125,15,9,4,176,353,116,,,,météo très défavorable
2015-05-10,14,12,37,12,13,12,3.4,95,9.75,1016,99,14,12,9,176,176,296,,,,météo défavorable
2015-05-11,15,10,45,10,15,12,0.5,91,9.875,1014,67.25,15,9,7,119,176,119,,,,météo défavorable
2015-05-12,14,6,39,6,13,11,0.3,84,10,1022,45.625,14,7,2,113,353,116,,,,météo correcte
2015-05-13,15,6,24,6,15,12,0,88,10,1022,43,15,8,4,119,113,116,,,,météo correcte
2015-05-14,12,9,32,9,12,11,12,96,9,1015,75.875,12,9,5,308,176,176,,,,météo défavorable
2015-05-15,17,8,25,8,17,8,1.7,96,6.875,1022,82.5,17,13,7,119,266,266,,,,météo défavorable
2015-05-16,11,7,30,7,11,10,0.5,78,10,1030,77.5,11,7,4,119,176,353,,,,météo défavorable
2015-05-17,11,8,26,8,11,9,2.7,91,7.875,1029,100,11,8,5,176,353,266,,,,météo défavorable
2015-05-18,12,6,38,6,11,9,2.1,91,7.75,1014,66.375,12,7,3,176,353,353,,,,météo défavorable
2015-05-19,12,6,43,6,12,10,1.7,88,9.625,1015,38.25,12,5,2,116,176,176,,,,météo défavorable
2015-05-20,15,4,28,4,14,12,0.5,91,10,1025,52.125,15,9,1,116,353,113,,,,météo correcte
2015-05-21,18,8,22,8,18,16,1.1,91,7.75,1027,76.875,18,13,5,122,119,353,,,,météo défavorable
2015-05-22,17,12,22,12,17,14,0.5,97,10,1029,95.625,17,14,10,122,122,176,,,,météo défavorable
2015-05-23,18,9,15,9,16,17,1.3,96,5.75,1028,91.625,18,15,8,143,176,353,,,,météo défavorable
2015-05-24,13,10,19,11,12,11,0.7,96,8,1026,85.375,13,12,7,176,122,119,,,,météo défavorable
2015-05-25,15,9,25,9,13,14,0.2,91,10,1027,68.75,15,11,6,122,176,119,,,,météo défavorable
2015-05-26,19,11,21,11,18,16,0.1,96,8.75,1031,38.25,19,11,10,122,113,113,,,,météo favorable
2015-05-27,18,6,24,6,17,14,2,93,8.875,1030,67,18,12,4,122,176,176,,,,météo défavorable
2015-05-28,12,7,31,7,12,10,0.9,87,10,1017,89,12,7,4,119,353,353,,,,météo défavorable
2015-05-29,13,7,33,7,13,11,12.2,94,9,1014,59.375,13,7,3,296,176,176,,,,météo correcte
2015-05-30,14,5,31,5,14,8,4.8,95,8.5,1014,80.625,14,12,3,116,122,302,,,,météo très défavorable
2015-05-31,12,6,40,6,12,9,1.6,85,9,1013,74.375,12,9,1,119,353,353,,,,météo défavorable
2015-06-01,11,6,54,6,10,7,10.4,94,6.875,1013,77.75,11,11,2,119,302,302,,,,météo défavorable
2015-06-02,14,10,46,12,10,12,2,91,8,1009,90.25,14,10,6,353,176,176,,,,météo défavorable
2015-06-03,15,6,19,6,15,14,0.8,90,10,1024,62.375,15,9,4,116,353,353,,,,météo correcte
2015-06-04,15,8,28,8,15,13,0.3,90,10,1024,70.75,15,9,7,116,176,116,,,,météo défavorable
2015-06-05,16,9,39,9,16,12,4.4,93,7.875,1016,42,16,10,7,176,176,176,,,,météo correcte
2015-06-06,15,8,40,8,14,12,0.9,77,9.875,1029,38.75,15,8,4,116,353,113,,,,météo correcte
2015-06-07,15,7,18,7,15,14,0.5,90,10,1037,49.375,15,8,6,116,353,176,,,,météo correcte
2015-06-08,15,5,22,5,15,13,0,89,10,1039,14.375,15,7,3,113,113,113,,,,météo correcte
2015-06-09,17,6,14,6,17,14,0.3,85,10,1038,45.375,17,10,4,113,116,176,,,,météo correcte
2015-06-10,18,9,17,9,18,16,0.1,79,10,1035,35,18,10,8,113,116,113,,,,météo favorable
2015-06-11,20,9,20,9,19,18,0,88,10,1027,19.5,20,12,7,113,113,116,,,,météo favorable
2015-06-12,19,12,22,12,18,17,0.5,87,9.375,1014,70.75,19,14,10,116,122,119,,,,météo défavorable
2015-06-13,19,9,21,9,18,17,0,86,10,1013,26.5,19,11,6,116,113,116,,,,météo favorable
2015-06-14,18,7,18,7,17,16,0,88,10,1020,35.125,18,9,5,113,116,119,,,,météo favorable
2015-06-15,19,11,16,11,19,17,0.1,83,10,1024,47.75,19,13,10,113,119,119,,,,météo correcte
2015-06-16,21,11,23,11,19,20,0.2,90,10,1025,75.25,24,16,10,116,122,176,,,,météo défavorable
2015-06-17,19,13,28,15,16,13,1.3,97,6.375,1026,93.75,19,17,11,266,266,263,,,,météo défavorable
2015-06-18,18,8,24,8,15,15,0,92,8,1027,37.625,18,11,6,116,116,113,,,,météo favorable
2015-06-19,20,9,22,9,18,17,0.6,95,8.75,1027,89.25,20,16,7,119,122,353,,,,météo défavorable
2015-06-20,21,15,31,15,21,17,0.8,95,10,1024,66.25,21,15,14,176,176,176,,,,météo défavorable
2015-06-21,14,11,31,11,14,11,3.1,89,8.875,1020,93.5,14,10,8,122,353,266,,,,météo défavorable
2015-06-22,16,9,22,9,15,16,0.3,94,8,1017,61.875,16,10,8,143,116,116,,,,météo correcte
2015-06-23,21,11,21,11,21,17,0,89,7.75,1019,41,21,13,11,113,116,113,,,,météo favorable
2015-06-24,20,12,21,12,20,19,2.3,95,8,1019,77.875,20,15,11,143,176,353,,,,météo défavorable
2015-06-25,20,14,34,14,17,17,0.7,97,5.5,1019,88.5,20,15,13,143,353,119,,,,météo défavorable
2015-06-26,20,15,24,15,20,18,2.6,97,7.75,1016,75.375,20,14,14,266,176,353,,,,météo défavorable
2015-06-27,19,11,30,11,16,16,2.2,94,6.875,1018,76.5,19,14,9,116,296,266,,,,météo défavorable
2015-06-28,17,14,25,14,17,16,8,92,9.5,1019,84.875,17,14,12,176,119,119,,,,météo défavorable
2015-06-29,19,12,27,12,19,15,0.3,93,9,1020,79.25,19,15,11,116,122,176,,,,météo défavorable
2015-06-30,23,16,31,16,23,21,0.3,94,10,1016,49.5,25,18,16,176,116,116,,,,météo favorable
2015-07-01,24,15,25,15,24,21,1.1,94,5.5,1011,76.25,26,18,15,143,119,353,,,,météo défavorable
2015-07-02,21,12,27,12,21,18,0.6,94,7.75,1020,37.875,24,14,11,116,116,176,,,,météo favorable
2015-07-03,21,14,36,14,21,19,0.6,96,7.625,1021,59.25,21,15,12,119,176,116,,,,météo correcte
2015-07-04,20,15,34,15,16,17,1.4,94,7.875,1015,70.25,20,14,15,266,353,176,,,,météo défavorable
2015-07-05,19,12,24,12,19,17,5.2,92,9.375,1015,52.625,19,14,11,122,176,176,,,,météo favorable
2015-07-06,19,13,33,13,18,16,8.7,96,8.875,1016,82.5,19,17,10,302,389,293,,,,météo défavorable
2015-07-07,17,12,41,12,16,15,3,93,7,1006,96.875,17,14,10,353,353,266,,,,météo défavorable
2015-07-08,14,11,33,11,14,14,0.8,89,9,1022,82.625,14,12,8,122,353,353,,,,météo défavorable
2015-07-09,17,10,20,10,14,16,0.4,91,8,1025,62.5,17,15,10,116,266,116,,,,météo correcte
2015-07-10,20,13,32,13,20,17,0.7,95,9,1020,75.25,20,14,12,122,119,353,,,,météo défavorable
2015-07-11,17,12,37,12,15,15,3.7,95,6.75,1016,88.75,17,14,11,122,296,296,,,,météo défavorable
2015-07-12,19,11,17,11,18,18,1.2,96,9,1016,82,19,14,9,116,353,176,,,,météo défavorable
2015-07-13,19,14,22,14,18,18,6.7,97,7.375,1015,100,19,17,13,296,266,353,,,,météo défavorable
2015-07-14,17,11,13,11,16,15,1.1,95,4,1018,94.875,17,16,10,266,176,266,,,,météo défavorable
2015-07-15,19,10,12,10,18,17,0.4,92,10,1022,64.25,19,11,8,119,176,176,,,,météo correcte
2015-07-16,16,9,37,9,16,12,3.8,97,8.75,1020,75.625,16,16,7,119,296,266,,,,météo défavorable
2015-07-17,15,12,44,12,14,14,1.2,90,10,1013,81.25,15,14,9,176,353,176,,,,météo défavorable
2015-07-18,18,11,35,11,17,17,2.3,89,8.75,1013,63.25,18,14,9,116,266,353,,,,météo correcte
2015-07-19,18,8,24,8,16,17,8,95,9.375,1011,59.5,18,12,6,113,353,116,,,,météo correcte
2015-07-20,18,13,32,13,16,16,3.7,96,7.75,1008,92,18,16,11,266,353,353,,,,météo défavorable
2015-07-21,17,14,25,14,16,15,1.8,91,10,1012,75,17,14,12,176,353,176,,,,météo défavorable
2015-07-22,18,9,28,9,18,15,0.9,89,9.75,1017,40.125,18,11,7,116,176,116,,,,météo favorable
2015-07-23,18,9,17,9,18,15,0.5,93,9,1017,61.375,18,9,7,116,353,176,,,,météo correcte
2015-07-24,18,9,26,9,15,15,3,89,8.5,1016,54.25,18,11,7,263,176,353,,,,météo favorable
2015-07-25,18,7,17,7,18,13,1.5,95,6,1018,58,18,10,6,143,176,266,,,,météo correcte
2015-07-26,19,13,38,13,19,15,10,98,9.625,1009,99.25,19,15,11,353,353,353,,,,météo défavorable
2015-07-27,16,12,50,12,15,14,1,92,8,1006,96.5,16,13,8,266,266,176,,,,météo défavorable
2015-07-28,17,10,35,10,17,14,1.1,86,9.75,1011,48.75,17,10,8,122,176,176,,,,météo correcte
2015-07-29,17,8,27,8,17,14,1.8,95,9.75,1019,50.625,17,10,6,116,176,176,,,,météo correcte
2015-07-30,17,7,14,7,17,15,0.5,92,10,1023,50.75,17,10,5,113,176,353,,,,météo correcte
2015-07-31,17,8,31,8,15,13,3.4,94,9,1021,66.25,17,11,6,143,353,353,,,,météo défavorable
2015-08-01,17,12,20,10,16,16,0.1,86,6.75,1014,76.125,17,10,11,248,122,119,0,3,12.7,météo défavorable
2015-08-02,17,14,42,13,17,14,0.4,95,8,1014,81.75,17,14,12,122,116,122,0,3,13.7,météo défavorable
2015-08-03,17,13,45,12,16,15,0.2,76,9.875,1004,78.875,17,14,9,119,122,116,0,3,13.6,météo défavorable
2015-08-04,16,12,34,13,16,15,0.4,85,10,1009,92.75,17,12,10,122,122,122,0,3,12.7,météo défavorable
2015-08-05,16,12,32,13,15,16,0.6,95,9,1010,89.375,16,15,10,122,122,122,0,3,11.7,météo défavorable
2015-08-06,16,12,17,9,16,15,0.4,84,6.5,1016,76.25,16,10,11,248,116,122,0,4,13.6,météo défavorable
2015-08-07,17,9,14,10,16,16,0.5,88,8.875,1023,61.875,17,10,8,122,116,113,0,3,15.1,météo correcte
2015-08-08,18,13,29,9,18,14,0,93,10,1024,42,18,12,11,113,116,122,0,4,11.5,météo favorable
2015-08-09,19,15,22,14,17,18,0.1,95,10,1018,85,19,14,14,122,119,119,0,4,9.4,météo défavorable
2015-08-10,17,10,32,14,17,15,0.2,91,10,1017,51.625,17,14,9,116,116,116,0,3,13.5,météo correcte
2015-08-11,17,12,12,10,15,15,0,85,9,1025,74,17,11,11,143,119,116,0,3,12.4,météo défavorable
2015-08-12,20,14,5,9,18,19,0,81,8,1026,15.75,20,13,14,143,116,113,0,4,14.5,météo favorable
2015-08-13,21,11,22,10,19,18,0,90,10,1022,17.125,21,12,9,113,113,113,0,4,14.5,météo favorable
2015-08-14,16,9,28,13,16,14,0.1,89,9,1014,58.125,16,12,6,122,113,119,0,3,12.4,météo correcte
2015-08-15,14,12,17,7,14,14,0,81,10,1016,64.375,14,9,11,116,119,122,0,4,7.2,météo correcte
2015-08-16,17,12,18,11,17,15,0,97,9,1018,77.625,17,13,12,122,122,116,0,4,7.2,météo défavorable
2015-08-17,19,10,17,12,19,17,0,90,6.75,1019,59.5,19,13,9,143,119,116,0,3,9.4,météo correcte
2015-08-18,19,12,19,9,19,18,0.4,93,10,1018,31.25,19,14,11,113,116,116,0,4,10.5,météo favorable
2015-08-19,18,11,21,15,17,16,0,93,8.75,1013,88.375,18,16,11,248,122,116,0,3,8.3,météo défavorable
2015-08-20,20,15,31,12,16,17,0.2,95,7.5,1013,85.25,20,17,15,248,122,119,0,4,7.1,météo défavorable
2015-08-21,19,13,29,15,19,17,0,90,10,1014,70.375,19,14,12,122,122,116,0,4,9.4,météo défavorable
2015-08-22,17,12,14,11,17,16,0,94,6.75,1014,74.5,17,13,12,248,122,119,0,3,8.2,météo défavorable
2015-08-23,15,12,21,11,15,14,4.9,92,5.875,1006,95.5,15,12,10,248,122,122,0,3,7.1,météo défavorable
2015-08-24,16,8,23,9,16,14,0.2,87,6.875,1006,45.5,16,10,6,143,116,116,0,3,10.5,météo correcte
2015-08-25,16,11,24,9,14,15,0.9,96,10,1006,58.625,16,14,8,122,122,116,0,4,8.2,météo correcte
2015-08-26,17,10,32,9,17,13,1.3,91,8.875,1000,57.625,17,12,7,143,122,119,0,3,8.2,météo correcte
2015-08-27,16,10,31,7,16,14,0.3,92,10,1007,34,16,11,8,113,116,116,0,4,10.4,météo correcte
2015-08-28,17,11,37,8,17,15,0.5,93,9,1014,36,17,12,9,113,122,116,0,3,9.3,météo correcte
2015-08-29,18,10,23,9,18,15,1.5,93,8,1018,28.125,18,13,9,143,116,116,0,3,11.6,météo favorable
2015-08-30,18,12,9,7,17,15,0.7,90,6.5,1020,60.25,18,12,11,143,116,122,0,3,10.4,météo correcte
2015-08-31,17,12,17,7,16,15,0.7,89,7.625,1020,48.25,17,12,11,143,122,353,0,4,8.1,météo correcte
2015-09-01,17,12,15,9,16,15,0.1,96,6.5,1019,63.875,17,13,11,122,176,116,0,3,10.4,météo correcte
2015-09-02,14,8,22,6,14,12,0,92,9.125,1024,66.5,14,10,5,122,119,116,0,3,8.1,météo défavorable
2015-09-03,13,10,23,6,12,13,0.1,87,10,1022,76.125,13,9,8,122,122,122,0,3,6.9,météo défavorable
2015-09-04,12,11,19,11,11,12,0.1,93,9.5,1028,90.125,12,10,9,122,122,122,0,3,6.8,météo défavorable
2015-09-05,16,12,17,10,16,14,1.2,93,7.625,1015,74.5,16,12,11,122,122,119,0,3,6.8,météo défavorable
2015-09-06,16,11,17,11,15,14,1.5,96,7.5,1014,63.75,16,12,10,122,119,116,0,3,8,météo correcte
2015-09-07,16,12,7,3,16,14,0,82,7.25,1033,47,16,10,11,248,116,116,0,4,11.6,météo correcte
2015-09-08,18,11,29,8,18,14,0,93,6.75,1030,45.625,18,12,10,248,113,116,0,3,11.6,météo favorable
2015-09-09,16,13,30,12,16,14,0.1,92,10,1022,75.875,16,12,11,122,122,119,0,3,6.7,météo défavorable
2015-09-10,18,13,32,10,18,15,0,95,10,1019,29.375,18,13,11,116,113,113,0,4,11.6,météo favorable
2015-09-11,15,14,26,13,15,14,5.3,97,9.625,1012,91,15,14,12,122,122,122,0,4,6.5,météo défavorable
2015-09-12,14,8,24,9,14,11,0,91,10,1006,47.875,14,10,6,116,116,116,0,3,11.6,météo correcte
2015-09-13,15,10,31,10,14,13,0.5,95,6,1004,71.25,15,13,8,143,122,116,0,3,7.6,météo défavorable
2015-09-14,11,9,17,10,11,11,5.9,97,5.125,996,94.5,11,10,6,248,143,122,0,2,6.2,météo défavorable
2015-09-15,14,6,14,7,14,12,0,90,7.75,998,62.125,14,10,6,143,116,116,0,3,11.6,météo correcte
2015-09-16,9,6,14,5,7,9,0,96,4.5,1010,45.625,9,9,4,143,143,143,0,3,8.9,météo défavorable
2015-09-17,15,9,16,7,15,12,0,96,6.5,1016,70.5,15,11,8,122,119,119,0,3,7.5,météo défavorable
2015-09-18,15,10,18,7,15,13,0.2,96,6.375,1017,71.875,16,11,8,122,119,116,0,3,8.9,météo défavorable
2015-09-19,15,11,17,10,15,13,0.4,94,6.25,1017,75.875,15,12,10,122,122,119,0,3,6.1,météo défavorable
2015-09-20,14,10,13,8,14,12,0.6,96,6.25,1017,76.125,14,11,8,122,122,119,0,3,7.5,météo défavorable
2015-09-21,14,8,24,7,14,11,0.7,94,7.75,1014,62,14,12,5,143,122,116,0,3,7.5,météo correcte
2015-09-22,14,8,22,6,14,11,0,93,10,1012,22.5,14,9,6,116,113,116,0,3,11.6,météo correcte
2015-09-23,14,10,23,9,14,11,0,93,10,1012,75,14,13,8,122,122,119,0,4,6.1,météo défavorable
2015-09-24,13,7,31,6,13,10,0,93,10,1018,53.375,13,8,5,119,116,116,0,2,10.2,météo correcte
2015-09-25,14,6,13,6,14,8,0,88,10,1026,45.75,14,9,5,116,122,116,0,3,8.8,météo correcte
2015-09-26,15,8,21,6,15,11,0,94,8,1028,35.25,15,10,6,143,122,113,0,3,10.2,météo correcte
2015-09-27,16,8,24,8,16,11,0,92,8,1033,28.625,16,10,5,113,119,113,0,3,10.2,météo correcte
2015-09-28,16,10,31,9,16,11,0,95,10,1034,25.375,16,11,8,116,113,116,0,4,11.6,météo correcte
2015-09-29,17,8,14,8,16,11,0,92,7,1034,15.125,17,11,6,143,113,113,0,3,11.6,météo correcte
2015-09-30,16,8,22,6,16,10,0,91,10,1035,6.5,16,10,5,113,113,113,0,4,11.6,météo correcte
2015-10-01,17,5,13,6,16,7,0,92,9,1034,2.5,17,9,5,143,113,113,0,3,11.6,météo correcte
2015-10-02,16,5,6,4,14,6,0,91,7,1031,3,16,8,4,143,113,113,0,2,11.6,météo correcte
2015-10-03,10,7,7,7,9,8,0,85,6.5,1021,94.75,10,7,7,143,122,122,0,2,5.8,météo défavorable
2015-10-04,14,11,30,5,12,11,0,93,10,1015,72.125,14,11,8,116,119,122,0,2,5.8,météo défavorable
2015-10-05,16,13,21,11,16,15,0.9,98,7.625,999,100,16,14,12,122,122,248,0,3,5.8,météo défavorable
2015-10-06,17,8,33,11,17,10,0.1,94,8.125,1004,76,17,13,5,248,122,116,0,3,7.1,météo défavorable
2015-10-07,14,8,16,7,14,10,0,89,10,1017,42.75,14,8,6,119,116,116,0,3,11.1,météo correcte
2015-10-08,15,9,18,5,15,10,0.1,96,8,1020,41.75,15,10,8,143,119,116,0,3,8.6,météo correcte
2015-10-09,15,9,23,9,15,10,0,95,5.25,1020,90.5,15,11,8,248,122,119,0,3,7,météo défavorable
2015-10-10,14,8,18,10,14,9,0,96,7,1020,86.875,14,10,7,143,119,116,0,3,5.5,météo défavorable
2015-10-11,15,7,8,6,15,9,0.6,91,6.875,1021,43.125,16,10,6,143,116,113,0,3,11,météo correcte
2015-10-12,12,6,20,8,12,7,0,88,7.75,1028,36.125,12,8,3,248,113,116,0,3,10.9,météo défavorable
2015-10-13,13,7,12,2,12,8,0,84,9,1028,30.125,13,7,6,143,113,119,0,3,8.5,météo correcte
2015-10-14,12,9,15,3,12,9,0,81,10,1028,37.5,12,6,8,116,119,116,0,3,10.1,météo défavorable
2015-10-15,12,8,10,4,12,9,0,77,10,1025,48.25,12,6,7,116,119,119,0,3,7,météo défavorable
2015-10-16,13,7,16,5,13,8,0.1,94,8,1027,48.25,13,8,4,143,119,119,0,3,6.9,météo correcte
2015-10-17,12,9,20,6,12,10,0,92,6.75,1026,75.625,12,8,7,248,122,122,0,2,6.8,météo défavorable
2015-10-18,11,7,12,8,11,9,0,96,8,1025,83.625,11,9,6,119,122,143,0,2,5.1,météo défavorable
2015-10-19,13,6,11,8,13,8,0.1,93,6.75,1029,51.375,13,9,4,143,116,113,0,2,10.3,météo correcte
2015-10-20,13,9,25,6,12,11,0.6,96,8,1030,84.5,13,11,8,143,122,122,0,2,5.1,météo défavorable
2015-10-21,15,12,27,13,15,13,0.2,95,9,1021,92,15,14,10,122,122,122,0,3,5.1,météo défavorable
2015-10-22,13,8,20,10,13,8,0,88,10,1021,55.75,13,10,7,122,116,116,0,3,10,météo correcte
2015-10-23,14,11,40,8,14,13,0,85,10,1020,70.75,14,11,8,116,122,122,0,4,5,météo défavorable
2015-10-24,11,8,17,8,11,9,0.3,93,8.25,1018,70.5,11,9,6,122,119,119,0,2,5,météo défavorable
2015-10-25,12,9,35,5,12,10,0.2,84,9.625,1022,73.125,12,7,7,116,119,122,0,2,5,météo défavorable
2015-10-26,14,13,43,12,13,13,1.2,94,8,1009,97.75,14,12,10,122,122,122,0,3,5,météo défavorable
2015-10-27,12,8,18,12,12,9,2.9,96,7.5,1003,70.125,12,11,6,248,122,113,0,3,8.3,météo défavorable
2015-10-28,13,10,31,8,13,12,0.1,92,10,1004,64.5,13,11,8,116,119,122,0,4,6.6,météo correcte
2015-10-29,12,8,19,6,12,8,4.2,85,9.75,1008,44.75,12,11,6,113,113,116,0,2,9.9,météo défavorable
2015-10-30,15,12,38,11,14,14,0.7,95,9,1008,95.625,15,14,9,122,122,122,0,3,4.9,météo défavorable
2015-10-31,15,7,9,13,13,8,0.2,97,7.375,1024,50.75,15,13,7,122,143,113,0,3,9.8,météo correcte
2015-11-01,16,11,10,7,15,11,0,99,3.25,1027,46.125,16,13,9,248,113,143,0,3,9.8,météo correcte
2015-11-02,14,9,16,11,14,10,0,96,5.875,1025,55.5,14,12,7,248,116,116,0,3,9.7,météo correcte
2015-11-03,12,9,11,9,12,9,0,98,5.5,1015,86,12,11,8,143,122,248,0,3,5.2,météo défavorable
2015-11-04,11,7,10,8,9,7,0,97,4.75,1013,70.625,11,9,5,143,122,143,0,2,7,météo défavorable
2015-11-05,13,10,17,12,12,12,0.7,98,4.875,1009,87.875,13,12,9,248,122,119,0,3,3.5,météo défavorable
2015-11-06,15,8,26,13,14,9,0,95,10,1012,70.125,15,14,6,122,122,113,0,3,5.2,météo défavorable
2015-11-07,12,7,26,11,11,8,0,97,7.75,1019,71.875,12,11,5,248,122,113,0,3,5.2,météo défavorable
2015-11-08,14,5,46,12,14,7,6.2,94,9.5,1019,59.625,14,13,2,122,122,113,0,4,5.2,météo correcte
2015-11-09,16,13,47,12,14,15,0,91,10,1014,97.625,16,14,10,122,122,122,0,3,3.4,météo défavorable
2015-11-10,16,14,33,14,16,14,0,92,10,1015,88.5,16,13,12,122,122,122,0,3,3.4,météo défavorable
2015-11-11,14,8,30,13,14,8,5.5,95,9.75,1016,59.5,14,12,4,122,119,113,0,3,5.2,météo correcte
2015-11-12,13,6,47,10,13,8,0.7,87,9,1017,47.375,13,11,2,122,122,113,0,3,5.1,météo correcte
2015-11-13,8,4,36,5,8,5,0,82,10,1024,24.5,8,3,0,113,116,116,0,3,8.7,météo très défavorable
2015-11-14,15,8,46,6,14,14,0,96,10,1024,97.125,15,13,4,122,122,122,0,3,3.3,météo défavorable
2015-11-15,15,13,45,14,15,14,0.2,90,9,1008,97.75,15,13,10,122,122,122,0,3,3.3,météo défavorable
2015-11-16,10,6,25,5,9,7,1.3,98,8.625,1008,74,10,8,2,116,119,248,0,2,5.1,météo défavorable
2015-11-17,13,8,58,7,13,10,0.1,96,6.5,1007,93.875,13,11,4,143,122,119,0,2,3.3,météo défavorable
2015-11-18,12,10,41,12,11,10,1.5,88,9.875,1009,79.25,12,10,6,200,116,122,0,3,6.9,météo défavorable
2015-11-19,10,6,26,7,10,6,0,95,10,1016,57,10,7,3,122,122,116,0,3,6.8,météo défavorable
2015-11-20,8,2,33,5,8,3,0,81,10,1016,57.5,8,4,-3,119,116,116,0,2,3.9,météo très défavorable
2015-11-21,6,3,28,3,6,5,0,96,9,1022,55.75,6,5,-2,113,116,122,0,2,3.9,météo très défavorable
2015-11-22,8,0,19,4,8,2,0,96,8,1024,35.875,8,5,-1,119,113,143,0,2,5.8,météo très défavorable
2015-11-23,9,4,20,3,8,9,0.1,97,8,1026,70.875,9,9,1,122,122,122,0,2,2.1,météo très défavorable
2015-11-24,10,9,35,7,9,9,0.1,93,10,1017,100,10,9,5,122,122,122,0,2,2.1,météo défavorable
2015-11-25,10,8,33,10,10,8,0,96,10,1022,59.75,10,9,4,119,113,113,0,2,5.8,météo défavorable
2015-11-26,13,12,23,12,12,12,0,97,10,1023,97,13,11,10,122,122,122,0,3,2,météo défavorable
2015-11-27,12,3,42,11,8,3,0.1,91,10,1017,73.375,12,10,-2,122,122,113,0,2,2,météo très défavorable
2015-11-28,8,6,42,4,8,6,0,89,10,1015,86.875,8,6,1,119,122,119,0,3,2,météo très défavorable
2015-11-29,11,4,50,9,11,5,0,87,10,1014,84.25,11,8,1,122,122,116,0,2,2,météo très défavorable
2015-11-30,13,6,48,10,13,8,0,95,9,1015,100,13,11,4,122,122,122,0,2,2,météo défavorable
2015-12-01,12,10,38,12,12,10,0,90,10,1017,92.375,13,11,6,122,122,119,0,3,2,météo défavorable
2015-12-02,12,7,22,12,11,7,1.4,93,9.875,1019,86.625,12,11,6,122,116,122,0,2,3.9,météo défavorable
2015-12-03,6,4,18,5,4,4,48.3,94,7.375,1019,94.625,6,5,0,119,308,308,0,1,2,météo très défavorable
2015-12-04,11,8,52,6,11,10,13.2,93,9.375,1020,84.625,11,8,4,116,122,122,0,2,2,météo défavorable
2015-12-05,12,11,58,11,11,11,0,90,10,1011,100,12,10,7,122,122,122,0,3,2,météo défavorable
2015-12-06,13,6,19,10,8,6,0.5,92,9,1016,71.25,13,11,3,122,116,119,0,2,5.8,météo défavorable
2015-12-07,12,11,57,12,12,12,0,90,10,1014,91.375,12,11,8,122,122,122,0,3,2,météo défavorable
2015-12-08,10,3,35,7,8,4,0,84,10,1025,35.875,10,8,-1,116,119,113,0,3,3.9,météo très défavorable
2015-12-09,11,10,50,10,11,11,0,91,9.875,1025,82.625,11,9,6,122,122,200,0,3,2,météo défavorable
2015-12-10,10,4,26,5,7,6,0.1,92,10,1020,48.75,10,8,0,113,116,116,0,2,3.9,météo très défavorable
2015-12-11,7,4,21,4,7,4,0,87,10,1023,44.5,7,4,-1,116,113,116,0,2,5.8,météo très défavorable
2015-12-12,11,4,46,10,10,4,0.7,95,9,1021,100,11,10,0,122,122,122,0,2,2,météo très défavorable
2015-12-13,10,5,26,5,10,10,0.1,98,10,1016,98.375,10,9,2,122,122,122,0,2,2,météo très défavorable
2015-12-14,11,8,33,10,10,8,0.3,96,9.875,1010,84.75,11,10,5,122,122,116,0,2,3.9,météo défavorable
2015-12-15,12,10,33,10,10,12,1.4,95,8.875,1008,94.625,12,11,6,122,122,122,0,4,2,météo défavorable
2015-12-16,14,12,29,12,14,13,0.3,96,9,1013,95.25,14,13,10,122,122,122,0,3,2,météo défavorable
2015-12-17,13,10,30,13,12,10,0,93,9.875,1009,84.75,13,12,7,122,119,116,0,3,2,météo défavorable
2015-12-18,7,4,19,5,7,4,0,93,8.25,1013,62.625,7,5,0,119,119,119,0,1,3.9,météo très défavorable
2015-12-19,7,4,19,4,7,5,0.3,94,8.625,1013,65.625,7,5,1,122,119,119,0,1,3.9,météo très défavorable
2015-12-20,6,4,19,4,6,5,0.5,96,7.375,1014,66.75,6,5,1,119,119,122,0,2,1.9,météo très défavorable
2015-12-21,12,6,48,7,9,6,0.3,91,9,1010,31.875,12,11,2,119,113,113,0,3,5.8,météo défavorable
2015-12-22,13,6,30,12,9,6,3.1,92,9.75,1004,63.875,13,12,2,122,116,113,0,2,5.8,météo correcte
2015-12-23,10,4,59,4,8,10,0,83,10,1012,54,10,7,0,116,113,122,0,3,3.9,météo très défavorable
2015-12-24,10,2,42,5,5,2,3.5,83,9.625,1012,43.5,10,9,-2,113,119,113,0,2,3.9,météo très défavorable
2015-12-25,12,5,33,4,9,11,0.7,98,8.875,1014,80.5,12,11,1,122,200,122,0,3,2,météo très défavorable
2015-12-26,11,3,12,9,8,5,5.4,99,6,1010,87.375,11,10,0,248,248,119,0,2,2,météo très défavorable
2015-12-27,11,4,36,3,9,11,0,96,8,1013,52.75,11,10,1,113,122,122,0,2,2,météo très défavorable
2015-12-28,6,2,18,2,6,3,0.1,94,8.875,1015,49.75,6,4,-1,116,119,119,0,2,5.8,météo très défavorable
2015-12-29,12,6,62,5,8,11,3.5,91,8.75,1014,82.5,12,11,2,176,122,122,0,2,2,météo défavorable
2015-12-30,13,5,54,11,7,5,0.6,92,8.375,998,72.25,13,11,2,122,116,122,0,2,5.8,météo très défavorable
2015-12-31,6,1,38,3,6,2,0,87,10,1014,35.125,6,3,-3,113,116,113,0,2,5.8,météo très défavorable
2016-01-01,9,6,47,4,7,8,5.2,94,9.5,1016,83.25,9,8,2,122,122,122,0,3,2,météo défavorable
2016-01-02,9,2,31,8,8,6,8.9,98,6.75,1002,88.625,9,8,-1,248,122,122,0,2,2,météo très défavorable
2016-01-03,9,6,22,8,9,6,0.3,93,9.875,996,79.625,9,8,2,122,122,116,0,2,2,météo défavorable
2016-01-04,6,2,20,2,6,3,0.2,93,7.625,1017,68.25,6,4,-1,119,116,122,0,1,3.9,météo très défavorable
2016-01-05,6,3,28,4,6,5,0,97,7.5,1006,85.25,6,5,-1,248,122,119,0,1,2,météo très défavorable
2016-01-06,8,2,48,1,6,7,2.2,94,9.875,996,58.875,9,8,-1,116,119,122,0,2,2,météo très défavorable
2016-01-07,8,2,25,4,5,2,3.8,87,9.5,994,51.75,8,7,-3,116,113,122,0,1,5.8,météo très défavorable
2016-01-08,6,2,14,3,6,4,4,94,8.375,993,63.625,6,5,-1,143,113,122,0,1,5.8,météo très défavorable
2016-01-09,6,3,24,4,6,4,1.9,92,8.75,990,65.75,6,4,-1,200,119,119,0,2,2,météo très défavorable
2016-01-10,5,0,16,1,5,2,0.2,90,9.875,980,20.625,6,3,-3,113,113,113,0,1,5.8,météo très défavorable
2016-01-11,6,1,27,1,6,3,0,92,10,995,40.875,6,4,-3,113,116,116,0,2,2,météo très défavorable
2016-01-12,5,0,35,2,5,2,0,86,10,1015,14.625,5,0,-4,113,113,113,0,2,5.8,météo très défavorable
2016-01-13,5,0,26,2,5,1,0,91,9.875,1016,52,5,3,-5,119,119,113,0,2,2,météo très défavorable
2016-01-14,4,0,24,1,3,1,0,91,10,1021,26.25,4,1,-5,116,119,113,0,2,3.9,météo très défavorable
2016-01-15,5,-1,25,0,5,2,0,93,10,1030,31.375,5,1,-3,116,113,116,0,2,5.8,météo très défavorable
2016-01-16,7,0,11,-1,5,3,0,96,8,1031,50.625,7,6,-2,116,122,143,0,2,2,météo très défavorable
2016-01-17,8,5,34,4,7,7,2.9,96,5.875,1026,90.75,8,7,2,143,122,122,0,2,2,météo très défavorable
2016-01-18,8,4,15,7,8,5,1.7,97,7.875,1012,99,8,6,2,122,122,143,0,2,2,météo très défavorable
2016-01-19,7,3,13,4,7,4,0.7,98,5.5,1015,83.375,7,6,-1,248,122,116,0,2,2.1,météo très défavorable
2016-01-20,7,2,31,2,6,5,0.3,95,9,1016,51.625,7,7,-2,113,116,122,0,2,3.9,météo très défavorable
2016-01-21,12,11,30,10,11,11,2.5,97,8.875,1010,99.375,12,12,7,122,122,122,0,3,2.1,météo défavorable
2016-01-22,12,6,31,12,10,7,0,91,9.875,1017,49.125,12,11,3,122,113,113,0,2,5.8,météo défavorable
2016-01-23,12,8,31,7,9,12,3.5,96,9.625,1022,65.625,12,11,4,119,119,119,0,3,3.3,météo défavorable
2016-01-24,13,11,38,12,13,12,0,94,10,1018,99.125,13,12,8,122,122,122,0,3,3.3,météo défavorable
2016-01-25,12,5,41,12,9,5,0,91,10,1016,77.125,12,10,2,122,122,113,0,2,6.9,météo très défavorable
2016-01-26,12,10,55,10,12,10,0,97,8.875,1012,100,12,11,7,122,122,143,0,3,3.3,météo défavorable
2016-01-27,12,2,38,11,8,3,0.9,90,9.875,1016,62.125,12,11,-3,200,116,116,0,2,8.7,météo très défavorable
2016-01-28,11,6,44,3,9,10,0,92,10,1019,72.75,11,9,1,119,122,122,0,3,3.3,météo défavorable
2016-01-29,10,6,38,10,9,8,0.2,84,10,1013,80.75,11,9,2,122,113,122,0,2,5.1,météo défavorable
2016-01-30,6,2,36,2,5,2,0,89,10,1011,84.5,6,3,-2,122,116,122,0,1,6.9,météo très défavorable
2016-01-31,12,11,42,8,12,11,0,93,10,1011,96.75,12,11,7,122,122,122,0,2,3.4,météo défavorable
2016-02-01,11,5,49,11,9,7,0.1,85,10,1012,82.625,11,9,0,122,116,119,0,2,5.2,météo très défavorable
2016-02-02,7,1,36,3,7,2,0,85,10,1020,46.625,7,2,-4,113,119,113,0,1,6.9,météo très défavorable
2016-02-03,7,4,31,3,7,4,0,94,10,1029,46.75,7,5,-1,116,116,122,0,2,6.9,météo très défavorable
2016-02-04,12,9,23,10,11,9,0,97,10,1027,96.75,12,10,6,122,122,122,0,3,3.4,météo défavorable
2016-02-05,9,2,39,9,9,3,5,95,9.625,1020,78.875,9,8,-2,122,122,113,0,2,5.2,météo très défavorable
2016-02-06,8,2,39,6,8,3,0,92,10,1001,82.75,9,7,-3,122,122,116,0,2,5.2,météo très défavorable
2016-02-07,7,3,42,3,6,7,0,93,10,988,58.625,7,6,-2,113,122,119,0,2,3.5,météo très défavorable
2016-02-08,7,2,58,6,7,3,1.2,88,9.5,991,78.25,7,5,-3,122,200,113,0,2,5.2,météo très défavorable
2016-02-09,5,1,46,-1,5,4,0.4,80,9.375,994,69.5,5,0,-4,116,122,119,0,1,6.4,météo très défavorable
2016-02-10,7,1,11,4,6,2,0.8,95,8.25,1003,60.625,7,3,-2,200,113,116,0,1,9.7,météo très défavorable
2016-02-11,7,1,10,1,7,1,0,92,10,1003,47.5,7,3,-1,116,116,116,0,2,9.8,météo très défavorable
2016-02-12,5,4,19,3,5,4,7.3,99,8.25,993,96.25,6,5,1,122,122,248,0,1,4.9,météo très défavorable
2016-02-13,6,3,21,4,5,3,3.3,97,6.375,986,100,6,6,-1,248,122,122,0,1,4.9,météo très défavorable
2016-02-14,6,-1,27,2,6,1,0.7,92,9.875,1018,67,6,3,-5,122,122,116,0,1,8.3,météo très défavorable
2016-02-15,6,0,13,-1,5,0,0,88,10,1034,15.375,6,0,-3,113,113,113,0,2,9.9,météo très défavorable
2016-02-16,9,7,45,6,8,9,0,96,10,1032,84.875,9,8,1,119,122,122,0,3,5,météo défavorable
2016-02-17,6,0,22,3,6,0,2.4,89,8.625,1014,39.5,6,4,-4,119,113,113,0,1,10,météo très défavorable
2016-02-18,7,1,26,-1,7,2,0,91,10,1017,22,7,1,-3,113,113,113,0,2,10.1,météo très défavorable
2016-02-19,9,7,29,5,8,8,0.1,96,10,1016,84.625,9,9,4,122,122,122,0,3,5.1,météo défavorable
2016-02-20,11,8,48,6,11,11,0,95,10,1010,96.375,11,10,5,122,122,122,0,2,5.1,météo défavorable
2016-02-21,12,8,39,12,12,11,0,95,10,1010,100,12,11,5,122,122,122,0,3,5.1,météo défavorable
2016-02-22,7,2,23,3,7,4,0,92,8,1015,47.375,7,4,-2,143,113,113,0,1,10.2,météo très défavorable
2016-02-23,7,0,16,0,7,2,0,87,10,1022,5.25,7,0,-4,113,113,113,0,2,10.3,météo très défavorable
2016-02-24,7,1,16,-2,6,2,0.2,84,10,1023,30.125,7,1,-1,113,116,119,0,2,10,météo très défavorable
2016-02-25,6,2,15,-2,6,4,0,85,10,1020,58.125,6,1,1,116,119,122,0,2,6.9,météo très défavorable
2016-02-26,6,3,26,3,5,3,10.6,96,8,1009,100,6,4,-1,122,122,122,0,1,5.4,météo très défavorable
2016-02-27,7,3,14,2,7,4,0.3,92,10,1019,95.5,7,3,0,122,353,122,0,1,5.4,météo très défavorable
2016-02-28,6,2,13,-2,6,4,0,85,10,1027,37.625,7,0,-1,113,119,116,0,1,10.1,météo très défavorable
2016-02-29,10,4,28,3,5,10,3.2,97,9.75,1027,87.125,10,9,0,119,122,122,0,2,5.5,météo très défavorable
2016-03-01,10,3,36,10,9,6,0,93,10,1013,92,11,10,-2,122,122,122,0,2,5.5,météo très défavorable
2016-03-02,8,3,53,5,8,6,0.4,79,10,1013,76.25,8,4,-3,122,122,122,0,2,7,météo très défavorable
2016-03-03,8,0,31,4,8,4,0.3,92,9,1013,59.875,8,7,-5,116,122,122,0,2,7,météo très défavorable
2016-03-04,5,2,40,-1,5,4,0.6,91,9,1003,64.5,5,3,-3,122,122,116,0.5,2,7.1,météo très défavorable
2016-03-05,8,0,30,0,7,3,0.1,91,10,1013,46.375,8,1,-4,116,116,119,0,1,10.1,météo très défavorable
2016-03-06,5,2,12,-1,5,4,0,92,10,1014,77.375,5,3,-1,122,122,122,0,2,5.6,météo très défavorable
2016-03-07,8,1,24,4,7,4,0.4,90,8,1017,75.625,8,3,-2,122,122,116,0,1,7.1,météo très défavorable
2016-03-08,8,4,21,5,8,5,1.5,97,7.625,1016,92,8,6,2,248,122,122,0,2,7.1,météo très défavorable
2016-03-09,9,3,43,1,8,6,0.3,91,9,1017,45.5,9,4,-1,113,116,116,0.2,1,10.2,météo très défavorable
2016-03-10,9,6,9,1,9,8,0,94,9,1025,57.375,9,7,5,113,122,122,0,3,7.3,météo défavorable
2016-03-11,12,9,19,6,12,10,0,98,4.25,1026,93.5,12,9,6,248,122,143,0,2,5.9,météo défavorable
2016-03-12,12,8,23,7,12,10,0,90,6.5,1030,91,12,8,6,143,122,122,0,2,5.9,météo défavorable
2016-03-13,11,8,14,5,11,9,0.1,96,5.5,1034,78,12,8,6,248,122,119,0,2,7.3,météo défavorable
2016-03-14,10,3,22,3,10,6,0,85,7,1034,18.125,10,5,-1,143,113,113,0,2,11.6,météo très défavorable
2016-03-15,11,4,21,0,10,5,0,91,10,1032,14.375,11,4,1,113,113,113,0,2,11.6,météo très défavorable
2016-03-16,10,4,17,2,10,8,0,94,8,1032,53,11,7,1,143,122,122,0,3,7.4,météo très défavorable
2016-03-17,8,-1,19,1,6,4,0,90,8,1032,32.125,8,2,-2,143,119,113,0,1,8.8,météo très défavorable
2016-03-18,11,4,13,-1,9,8,0,92,10,1031,2.375,11,4,1,113,113,113,0,2,11.6,météo très défavorable
2016-03-19,8,2,19,3,7,6,0,91,7.75,1030,68,8,5,-1,248,122,119,0,2,6,météo très défavorable
2016-03-20,9,0,13,0,7,6,0,90,8.75,1029,30.75,9,3,-1,260,122,113,0,2,8.8,météo très défavorable
2016-03-21,7,0,11,1,7,6,0.1,95,8,1027,65,7,5,-2,143,122,122,0,2,6.1,météo très défavorable
2016-03-22,7,3,3,-1,7,5,0,88,7,1022,98.5,7,3,3,143,122,122,0,1,6.1,météo très défavorable
2016-03-23,11,4,21,2,11,7,0.9,87,10,1018,58.625,11,7,2,116,122,113,0,2,10.2,météo très défavorable
2016-03-24,10,4,30,6,10,7,0.3,94,9,1014,90.5,10,9,0,122,122,122,0,2,6.1,météo très défavorable
2016-03-25,12,8,46,2,12,9,0,87,10,1013,53.125,12,6,4,113,116,122,0,3,8.9,météo défavorable
2016-03-26,9,3,50,8,9,6,0.4,93,8,999,77,9,8,-1,143,122,116,0,2,8.9,météo très défavorable
2016-03-27,9,1,43,4,9,6,0,88,10,990,51.75,9,3,1,122,116,113,0,3,11.6,météo très défavorable
2016-03-28,10,4,18,0,9,7,0.5,92,8.875,994,65.25,10,4,1,116,119,200,0,2,6.4,météo très défavorable
2016-03-29,8,2,26,0,8,6,1,88,9.75,999,54,8,2,-2,113,200,200,0,1,9,météo très défavorable
2016-03-30,10,2,18,0,9,7,0.5,88,9.875,1013,28.25,10,3,-1,113,119,116,0,2,10.3,météo très défavorable
2016-03-31,10,3,17,0,9,8,0,89,10,1019,17.5,10,3,-1,113,113,116,0,2,10.3,météo très défavorable
2016-04-01,9,6,44,7,9,9,0.1,95,8,1015,97.375,9,8,3,122,122,143,0,2,6.5,météo défavorable
2016-04-02,8,7,28,5,8,8,6.2,97,6.5,1007,98.125,8,8,3,122,122,122,0,2,6.5,météo très défavorable
2016-04-03,11,5,21,6,11,9,3.3,96,7.875,1001,93.75,12,9,3,122,122,122,0,2,6.6,météo très défavorable
2016-04-04,12,7,15,1,12,10,1.5,89,6.5,1005,55.5,12,8,5,248,116,113,0,2,10.4,météo défavorable
2016-04-05,10,8,20,2,10,10,0.1,86,9,1010,51.125,10,5,4,143,122,116,0,3,9.2,météo défavorable
2016-04-06,8,4,48,5,8,6,0,83,10,1010,72.75,8,7,-1,122,119,119,0,2,8,météo très défavorable
2016-04-07,9,7,38,3,9,9,0,78,10,1018,66.625,9,6,3,113,122,119,0,2,8,météo défavorable
2016-04-08,7,1,26,2,7,5,0.7,94,8,1018,47.375,7,6,-4,143,122,116,0,2,8,météo très défavorable
2016-04-09,7,1,13,-2,7,6,1.6,85,10,1004,50.5,7,3,-2,116,119,122,0,2,9.2,météo très défavorable
2016-04-10,8,5,49,3,5,8,3.5,91,9.5,1001,76,8,5,-1,122,122,116,0,2,8.1,météo très défavorable
2016-04-11,11,3,21,7,11,9,1.5,95,9.5,1007,81.25,11,9,3,122,122,116,0,2,8.1,météo très défavorable
2016-04-12,12,7,20,0,12,10,0.3,78,7,1015,16.75,12,6,4,143,116,113,0,2,11.6,météo défavorable
2016-04-13,11,6,15,4,10,10,1.3,96,6.5,1015,71.625,11,8,4,122,119,119,0,2,8.1,météo défavorable
2016-04-14,11,6,18,5,11,10,0.1,93,6.25,1016,69,11,7,4,122,119,119,0,2,8.1,météo défavorable
2016-04-15,12,6,19,4,12,10,0.6,93,7.75,1018,60.25,12,7,4,119,176,119,0,2,8.1,météo défavorable
2016-04-16,11,7,22,5,11,10,0.2,88,8.375,1017,54.375,11,7,5,119,119,119,0,3,11.6,météo défavorable
2016-04-17,12,6,20,5,11,10,0.1,93,8.625,1014,61.5,12,8,4,119,119,119,0,2,7,météo défavorable
2016-04-18,12,6,22,4,12,10,0.2,90,7.875,1016,58.625,12,7,4,119,116,119,0,2,11.6,météo défavorable
2016-04-19,13,6,14,4,13,11,0.2,92,7.875,1019,62.625,13,8,4,119,119,116,0,2,9.3,météo correcte
2016-04-20,13,7,12,3,12,11,0,91,8,1020,56.75,13,8,5,116,119,119,0,3,7.1,météo correcte
2016-04-21,14,8,22,4,14,12,0,68,10,1026,39.25,14,6,6,113,116,119,0,3,10.5,météo correcte
2016-04-22,13,5,18,7,12,12,0,84,10,1023,62,13,7,2,119,119,116,0,2,10.5,météo correcte
2016-04-23,12,4,19,1,11,10,0.1,86,10,1026,20.75,12,4,1,113,116,113,0,3,11.6,météo très défavorable
2016-04-24,10,7,21,2,10,10,0,92,10,1027,67,10,7,4,116,119,122,0,3,7.2,météo défavorable
2016-04-25,10,3,28,7,10,8,0,84,10,1021,78.125,10,6,-2,122,122,119,0,2,7.2,météo très défavorable
2016-04-26,9,2,33,2,8,7,0.3,81,9.875,1018,31.25,9,2,-2,116,119,113,0,2,10.5,météo très défavorable
2016-04-27,8,2,27,0,8,7,0.5,88,10,1019,34.75,8,2,-2,113,116,113,0,2,9.4,météo très défavorable
2016-04-28,9,2,44,4,9,6,0.5,86,8.875,1017,64,9,6,-3,122,122,116,0,2,9.4,météo très défavorable
2016-04-29,10,2,29,0,9,8,0.3,87,10,1019,26.75,10,2,-1,113,116,113,0,1,10.5,météo très défavorable
2016-04-30,11,5,23,2,10,10,0.9,87,10,1024,47.75,11,6,2,113,122,116,0,2,10.5,météo très défavorable
2016-05-01,14,10,26,10,14,13,0.2,96,9,1023,98.375,14,12,7,122,122,122,0,3,9.1,météo défavorable
2016-05-02,11,4,39,10,11,9,0.3,84,10,1022,48.625,11,9,1,122,116,113,0,2,15.4,météo très défavorable
2016-05-03,11,6,23,4,11,11,0.1,88,10,1026,75.75,11,6,3,119,122,122,0,3,11.6,météo défavorable
2016-05-04,12,8,36,8,11,11,0.1,93,10,1024,79.625,12,8,5,122,122,119,0,3,11.6,météo défavorable
2016-05-05,12,8,15,7,12,12,0,80,6.75,1018,77.625,12,7,6,143,122,122,0,2,13.6,météo défavorable
2016-05-06,15,9,22,6,14,13,0.1,87,10,1017,75.5,15,9,7,122,119,116,0,2,14.5,météo défavorable
2016-05-07,12,8,18,5,10,11,5.2,96,8.75,1009,92,12,11,5,122,122,122,0,3,11.7,météo défavorable
2016-05-08,20,12,32,10,17,18,0,86,8.75,1004,75.5,20,13,10,122,116,116,0,3,15.5,météo défavorable
2016-05-09,21,13,35,12,21,14,1.1,97,9.875,1007,76.875,21,13,13,116,116,122,0,3,12.7,météo défavorable
2016-05-10,16,13,15,13,16,14,1.1,97,4.125,1008,98.875,17,14,13,143,122,143,0,3,11.8,météo défavorable
2016-05-11,16,12,17,12,16,15,0.4,95,7.5,1006,91.875,16,15,11,248,122,122,0,3,12.7,météo défavorable
2016-05-12,19,13,19,11,18,17,0.3,95,10,1009,69.125,19,16,11,122,119,116,0,4,12.8,météo défavorable
2016-05-13,19,11,13,9,19,17,0,93,7,1016,14.875,19,14,10,143,113,113,0,3,15.8,météo favorable
2016-05-14,14,9,11,8,14,13,0,92,10,1024,55.375,14,10,9,122,122,119,0,4,13.7,météo correcte
2016-05-15,15,12,8,9,14,14,0,85,7.75,1025,59.75,15,11,11,119,116,116,0,3,14.7,météo correcte
2016-05-16,14,11,10,9,14,13,0,93,10,1024,60.75,14,12,11,116,122,116,0,4,13.8,météo correcte
2016-05-17,16,9,24,10,14,13,0.6,95,6.875,1019,70.125,16,13,7,143,122,122,0,3,12.9,météo défavorable
2016-05-18,13,8,20,7,13,11,0,88,5.875,1006,69.125,13,10,7,248,116,116,0,2,15.6,météo défavorable
2016-05-19,13,8,17,7,13,12,0.9,93,7.375,1015,63.625,13,10,7,119,119,119,0,2,13.8,météo correcte
2016-05-20,14,9,16,8,14,13,1.6,94,7,1018,72.625,14,11,7,122,122,119,0,3,12,météo défavorable
2016-05-21,14,10,20,9,14,13,0.6,95,7.125,1018,78.25,14,11,8,122,119,119,0,3,12,météo défavorable
2016-05-22,13,7,23,7,13,11,1,95,8.875,1017,38.375,13,10,4,116,116,116,0,2,16.1,météo correcte
2016-05-23,12,8,10,5,11,11,0,75,8,1024,25.375,12,7,8,113,116,116,0,2,16.1,météo défavorable
2016-05-24,16,9,21,7,16,14,0,92,10,1023,7.875,16,11,7,113,113,113,0,4,16.1,météo correcte
2016-05-25,11,8,21,8,11,10,0,82,8,1021,54.75,11,8,7,143,119,122,0,3,13.9,météo défavorable
2016-05-26,7,4,7,7,6,5,0.5,97,7.25,1019,98,7,5,4,122,122,122,0,2,12.1,météo très défavorable
2016-05-27,14,3,8,2,5,14,0,97,2.875,1017,99.375,14,12,3,248,248,122,0,2,12.2,météo très défavorable
2016-05-28,16,9,5,8,10,16,0,94,4.25,1016,92.5,16,14,8,248,248,122,0,2,13,météo défavorable
2016-05-29,17,11,6,12,17,17,1.2,94,7.625,1019,63.5,17,14,11,116,122,116,0,3,15.7,météo correcte
2016-05-30,19,12,16,10,18,17,0.2,94,6.625,1024,8.5,19,14,11,143,113,113,0,3,16.3,météo favorable
2016-05-31,16,11,16,11,16,15,0.5,94,6.625,1020,67.25,16,12,10,119,119,119,0,3,13.9,météo défavorable
2016-06-01,19,13,19,13,19,18,0.4,94,8.625,1028,57.375,19,15,12,176,122,116,0,3,14.8,météo correcte
2016-06-02,18,10,18,8,18,17,0,91,8,1027,9.75,18,13,9,113,113,113,0,3,16.3,météo favorable
2016-06-03,18,9,12,10,18,17,0,94,9,1021,26.375,18,13,8,113,116,116,0,4,16.4,météo favorable
2016-06-04,19,10,6,12,19,19,0.1,92,7.5,1019,48.25,19,15,10,113,113,116,0,3,16.4,météo favorable
2016-06-05,19,12,17,13,19,18,0,95,9,1020,54.875,19,15,11,122,122,116,0,4,14,météo correcte
2016-06-06,20,13,15,13,19,18,0,96,5.75,1020,61.75,20,16,13,143,119,116,0,3,15.7,météo correcte
2016-06-07,19,12,11,14,19,19,1.7,95,6.5,1025,85.125,19,16,12,143,122,119,0,4,12.3,météo défavorable
2016-06-08,21,14,9,15,20,19,0.6,94,5.5,1026,69.625,24,17,13,143,122,116,0,4,14.9,météo défavorable
2016-06-09,19,13,13,13,19,17,0,95,7,1023,62.625,19,15,13,116,122,122,0,3,14,météo correcte
2016-06-10,14,13,5,14,14,13,0,97,1.75,1016,100,14,13,13,143,143,143,0,3,12.3,météo défavorable
2016-06-11,18,13,17,14,18,15,2.8,97,7.625,1010,83.5,18,15,12,143,122,116,0,3,13.2,météo défavorable
2016-06-12,18,12,23,14,18,16,0.8,97,6.875,1007,76.25,18,15,11,119,119,119,0,3,14,météo défavorable
2016-06-13,16,13,26,13,16,15,0.2,91,6.5,1006,99.25,16,14,11,248,122,122,0,3,12.4,météo défavorable
2016-06-14,14,12,26,12,14,13,0.1,97,9.875,1000,99.5,14,12,10,122,122,122,0,3,12.4,météo défavorable
2016-06-15,11,9,15,10,10,10,0,95,3,1005,61.125,11,11,7,143,143,143,0,2,16.5,météo défavorable
2016-06-16,16,12,17,10,16,15,0.4,92,7.375,1017,72,17,13,11,122,119,176,0,3,14,météo défavorable
2016-06-17,14,11,24,9,13,14,0.2,94,10,1018,78,14,11,8,119,122,116,0,3,13.2,météo défavorable
2016-06-18,15,13,12,9,15,14,0,98,6.75,1023,70.625,15,13,12,116,122,122,0,3,13.2,météo défavorable
2016-06-19,17,16,26,15,17,17,0.3,96,6.25,1023,100,17,16,16,248,122,122,0,4,12.4,météo défavorable
2016-06-20,16,11,19,13,15,15,0,93,6.5,1014,81,16,13,10,248,122,116,0,3,14.1,météo défavorable
2016-06-21,17,12,28,11,17,16,0.1,90,7,1014,54.25,17,13,11,143,119,119,0,3,14.9,météo correcte
2016-06-22,17,12,19,11,16,16,0.8,92,7,1017,59.125,17,13,11,143,116,116,0,3,14.1,météo correcte
2016-06-23,17,11,21,11,17,15,0.8,95,7,1017,57.875,17,14,10,116,122,119,0,3,14.1,météo correcte
2016-06-24,14,12,28,11,14,13,0.1,88,7.5,1019,95,14,12,9,122,122,119,0,3,12.4,météo défavorable
2016-06-25,16,11,22,12,15,15,0.7,92,10,1022,80.125,16,12,9,122,122,116,0,3,14,météo défavorable
2016-06-26,17,13,24,12,16,15,1.4,97,7.625,1022,94.75,17,15,12,248,122,122,0,3,12.4,météo défavorable
2016-06-27,15,9,23,11,15,15,0.1,93,10,1021,67,15,11,8,119,119,119,0,4,13.2,météo défavorable
2016-06-28,14,10,23,11,11,14,0.3,96,7,1019,74.375,14,12,8,143,143,116,0,3,13.2,météo défavorable
2016-06-29,16,9,27,13,16,14,0.2,94,9,1008,61.75,16,12,8,122,119,113,0,3,14.9,météo correcte
2016-06-30,14,11,18,9,13,13,0.7,96,7,1007,71.875,14,13,10,119,122,122,0,3,12.3,météo défavorable
2016-07-01,14,10,34,9,13,12,0,86,6.5,1009,73.25,14,10,7,143,122,116,0,3,14,météo défavorable
2016-07-02,15,9,26,10,15,14,0.3,93,10,1015,47.25,15,10,8,122,116,113,0,4,15.7,météo correcte
2016-07-03,16,12,13,9,15,15,0.1,82,8,1019,39.875,16,11,13,113,122,116,0,3,15.7,météo correcte
2016-07-04,16,11,24,12,16,14,0.7,96,9.875,1019,83,16,15,9,122,122,122,0,4,12.3,météo défavorable
2016-07-05,15,12,15,10,14,14,0.2,92,9,1023,70,15,12,12,116,122,119,0,4,13.1,météo défavorable
2016-07-06,17,14,25,12,16,15,0.2,94,6,1023,89.875,17,15,13,143,122,122,0,3,12.3,météo défavorable
2016-07-07,20,15,17,13,18,19,0.1,95,6.5,1018,69.75,20,16,14,143,119,113,0,4,14.8,météo défavorable
2016-07-08,19,15,23,13,17,16,0.7,97,9,1016,94.125,19,15,15,122,122,122,0,4,12.3,météo défavorable
2016-07-09,19,15,33,16,18,17,2.7,95,7.125,1014,94.125,19,17,14,122,122,122,0,4,12.2,météo défavorable
2016-07-10,15,14,29,14,15,14,0,96,10,1005,99.125,16,14,12,122,122,122,0,3,12.2,météo défavorable
2016-07-11,16,11,25,12,16,14,0.2,92,10,1012,85.5,16,13,9,122,119,119,0,3,13.1,météo défavorable
2016-07-12,15,10,19,10,15,14,0.1,93,10,1018,56,15,10,8,119,119,113,0,3,15.7,météo correcte
2016-07-13,15,10,26,9,15,14,0,93,8,1025,35,15,11,8,116,116,116,0,3,16.2,météo correcte
2016-07-14,16,11,14,9,15,13,0.8,97,7.875,1028,57.5,16,12,10,113,122,119,0,3,13.9,météo correcte
2016-07-15,21,17,22,15,19,19,0.2,96,10,1025,96.375,21,18,17,122,122,122,0,4,12.1,météo défavorable
2016-07-16,17,15,15,15,17,17,0,96,4.25,1024,90.5,17,15,14,248,122,119,0,4,13,météo défavorable
2016-07-17,20,17,14,15,19,20,0.8,92,6,1024,93.75,20,18,17,143,122,353,0,4,12.1,météo défavorable
2016-07-18,18,14,18,13,17,17,1,95,8.375,1015,73.875,18,15,13,122,122,122,0,3,12.1,météo défavorable
2016-07-19,18,12,16,12,18,16,1.2,91,7.75,1014,69.625,18,13,12,122,119,116,0,3,13.9,météo défavorable
2016-07-20,18,13,17,11,17,16,0.3,93,6.5,1014,64,18,13,12,122,116,116,0,3,14.7,météo correcte
2016-07-21,17,13,15,11,16,16,1.2,94,6.625,1014,81.125,17,13,12,122,176,119,0,3,12,météo défavorable
2016-07-22,18,14,15,12,18,18,0.4,94,7.5,1016,75.125,19,15,14,122,122,119,0,3,13.8,météo défavorable
2016-07-23,18,13,14,13,18,17,0.7,95,6.25,1016,72,19,15,13,122,122,119,0,3,12,météo défavorable
2016-07-24,19,14,13,13,18,18,1.7,94,6.25,1016,72.25,19,15,14,119,119,119,0,4,12,météo défavorable
2016-07-25,19,14,13,12,19,18,0.5,93,6.625,1016,64.25,19,15,14,119,119,119,0,4,12.9,météo correcte
2016-07-26,19,14,19,14,18,17,1.3,93,7.125,1014,74.375,19,15,13,122,119,119,0,4,12.8,météo défavorable
2016-07-27,17,13,21,13,17,16,1.2,92,6.875,1012,71,17,13,12,122,119,119,0,3,13.7,météo défavorable
2016-07-28,17,15,24,15,17,16,0,95,7.75,1015,97.875,17,15,14,122,122,122,0,4,11.9,météo défavorable
2016-07-29,18,13,14,14,17,17,0.2,93,7.75,1015,81.5,18,14,12,248,122,116,0,4,14.6,météo défavorable
2016-07-30,16,11,15,12,16,16,0.1,95,9,1018,56,16,12,10,116,122,116,0,3,15.8,météo correcte
2016-07-31,16,11,15,10,16,15,0.1,93,7,1020,60.25,16,12,10,143,122,119,0,3,12.7,météo correcte
2016-08-01,16,12,20,11,14,15,1.3,98,4.125,1020,96.125,16,15,11,248,122,248,0,3,11.8,météo défavorable
2016-08-02,19,16,16,16,19,18,0.7,94,6.5,1008,95.625,19,17,16,248,122,122,0,4,11.8,météo défavorable
2016-08-03,16,14,31,14,16,15,0,93,10,1006,98.5,16,14,12,122,122,122,0,3,11.7,météo défavorable
2016-08-04,17,14,26,13,17,16,0,90,10,1017,96,17,14,13,122,119,122,0,3,11.7,météo défavorable
2016-08-05,18,12,13,11,18,16,0.2,94,5.5,1023,70.875,18,14,11,248,119,116,0,3,14.5,météo défavorable
2016-08-06,20,17,23,12,20,20,0,93,6.75,1025,70.875,20,19,17,143,122,119,0,4,13.4,météo défavorable
2016-08-07,18,13,30,14,17,15,0.1,90,10,1023,91.75,18,14,11,122,122,122,0,4,9.4,météo défavorable
2016-08-08,16,10,26,11,16,14,0.2,93,10,1029,43.75,16,11,8,116,113,116,0,3,14.5,météo correcte
2016-08-09,13,11,21,9,13,13,0,82,9,1032,71.75,13,10,9,116,119,122,0,3,10.4,météo défavorable
2016-08-10,17,11,25,13,15,15,0,95,9,1030,74.25,17,12,9,122,122,116,0,3,12.5,météo défavorable
2016-08-11,19,13,22,11,19,18,0,95,10,1027,65.125,19,16,11,119,122,122,0,4,11.4,météo défavorable
2016-08-12,17,15,24,12,17,17,0,93,8.75,1024,92.5,17,14,15,119,122,122,0,3,9.3,météo défavorable
2016-08-13,17,12,18,12,17,16,0,95,8,1026,72.875,17,13,11,143,122,116,0,3,10.3,météo défavorable
2016-08-14,18,11,8,10,17,17,0,93,6.25,1027,74.5,18,13,10,248,119,119,0,3,8.3,météo défavorable
2016-08-15,20,13,21,10,20,18,0,95,6,1025,15.5,20,15,12,143,116,113,0,3,11.6,météo favorable
2016-08-16,21,15,24,12,21,19,0,98,5.75,1018,22.875,24,17,14,143,113,116,0,4,11.6,météo favorable
2016-08-17,16,14,14,14,15,15,2.5,98,5.875,1012,86.5,16,15,14,122,122,143,0,4,7.2,météo défavorable
2016-08-18,19,13,16,14,19,16,1.6,97,7.625,1012,92.625,19,16,12,143,122,122,0,4,7.2,météo défavorable
2016-08-19,17,15,37,15,17,16,2.8,87,9.625,1003,93.625,17,15,15,122,122,122,0,4,8.3,météo défavorable
2016-08-20,16,13,36,14,16,14,0.6,93,8.75,1009,99.5,16,14,10,200,122,122,0,3,7.1,météo défavorable
2016-08-21,17,13,18,9,16,17,0.2,96,8.375,1015,83,17,16,13,143,122,122,0,3,7.1,météo défavorable
2016-08-22,17,14,16,17,17,17,0,88,10,1022,88.75,18,17,14,122,122,119,0,4,7.1,météo défavorable
2016-08-23,15,13,12,13,14,15,1.5,97,5.375,1021,94.75,15,13,12,248,143,119,0,3,7.1,météo défavorable
2016-08-24,18,13,9,8,18,17,0,87,9,1022,40,18,14,14,116,116,116,0,3,10.5,météo favorable
2016-08-25,19,15,16,8,18,17,0,81,7.375,1020,20,19,13,14,143,113,113,0,3,11.6,météo favorable
2016-08-26,18,13,19,9,17,16,0.1,90,7,1018,43.25,18,13,13,143,116,122,0,3,10.4,météo favorable
2016-08-27,19,13,18,10,18,17,0,96,7,1018,50.875,19,15,12,143,116,119,0,3,10.4,météo favorable
2016-08-28,19,13,15,10,18,16,0.3,94,6.625,1021,53.5,19,14,12,248,116,119,0,3,10.4,météo favorable
2016-08-29,20,14,14,8,19,19,0.2,95,6,1024,37.875,20,17,14,143,119,119,0,3,8.1,météo correcte
2016-08-30,17,14,24,13,16,16,0,94,5.5,1023,94.75,17,15,14,248,122,122,0,3,6.9,météo défavorable
2016-08-31,17,13,18,10,17,15,0,89,8.125,1022,68.25,17,13,12,143,122,122,0,3,6.9,météo défavorable
2016-09-01,16,14,26,8,15,15,0.1,97,9,1023,59.125,16,15,13,143,119,122,0,4,6.9,météo correcte
2016-09-02,17,12,18,11,17,15,0.1,93,6.25,1017,80.375,17,13,11,248,119,119,0,3,6.9,météo défavorable
2016-09-03,18,14,24,13,18,15,18.1,98,5.875,1016,83.5,18,16,12,248,122,119,0,3,6.8,météo très défavorable
2016-09-04,17,13,19,12,17,14,1,97,8.625,1014,96.25,17,14,11,248,122,122,0,3,6.8,météo défavorable
2016-09-05,22,18,17,17,22,20,0,97,7.5,1017,85.875,25,20,18,248,119,119,0,4,6.8,météo défavorable
2016-09-06,21,16,19,17,19,19,0,97,8.75,1020,77,21,18,17,119,119,119,0,5,6.8,météo défavorable
2016-09-07,19,16,28,15,19,17,0.3,95,5.25,1018,94.875,19,17,16,248,119,122,0,4,6.8,météo défavorable
2016-09-08,16,14,23,13,16,15,0.5,94,9,1008,80.25,16,14,12,122,122,122,0,3,8,météo défavorable
2016-09-09,16,10,40,10,16,15,4.9,95,9.625,1008,77.25,16,15,8,116,122,122,0,3,6.7,météo défavorable
2016-09-10,15,9,17,8,15,13,0.5,93,9.875,1013,56.875,15,11,7,122,119,113,0,4,9.1,météo correcte
2016-09-11,16,14,40,9,15,15,0,91,8,1014,62.375,16,15,12,143,122,122,0,4,6.3,météo correcte
2016-09-12,17,13,27,17,15,15,2.1,97,6.375,1006,100,17,17,13,122,248,248,0,4,6.3,météo défavorable
2016-09-13,15,11,17,9,15,13,0.5,93,9,1015,72.375,15,11,9,119,122,116,0,3,7.6,météo défavorable
2016-09-14,18,12,17,8,16,17,0.1,98,7.5,1015,76.375,18,17,11,116,122,248,0,4,6.2,météo défavorable
2016-09-15,16,12,14,12,16,15,0,96,6.25,1015,78.75,16,15,10,248,122,119,0,3,7.6,météo défavorable
2016-09-16,15,9,24,9,15,12,0,95,8,1024,31.5,15,11,7,113,116,116,0,3,11.6,météo correcte
2016-09-17,15,11,8,7,15,14,0.1,94,7,1025,56.125,15,13,10,143,122,119,0,3,7.5,météo correcte
2016-09-18,17,10,17,12,15,14,0.1,97,4.5,1023,77.625,17,14,9,248,143,116,0,3,7.5,météo défavorable
2016-09-19,14,11,12,6,14,12,0,88,6.75,1027,66.75,14,10,11,143,122,122,0,3,7.5,météo défavorable
2016-09-20,15,9,18,7,15,12,0,95,9,1024,61.5,15,11,7,119,122,116,0,3,8.8,météo correcte
2016-09-21,13,5,24,10,13,10,5.9,96,9.625,1016,69.625,13,12,3,122,122,113,0,3,7.5,météo très défavorable
2016-09-22,14,8,26,5,14,11,0.1,95,9,1018,20,15,10,6,113,116,116,0,3,11.6,météo correcte
2016-09-23,16,13,40,7,16,14,0,89,9,1019,58,16,13,11,143,119,122,0,4,7.4,météo correcte
2016-09-24,16,11,33,15,16,13,3.8,95,9.625,1008,82.5,16,15,9,122,122,119,0,3,6,météo défavorable
2016-09-25,13,8,29,7,13,9,0.1,94,9,1016,25.625,13,9,6,113,113,113,0,3,10.2,météo correcte
2016-09-26,16,12,14,8,15,13,0.3,96,6.375,1016,73.875,16,13,11,143,122,143,0,3,6,météo défavorable
2016-09-27,16,11,24,14,16,13,0,94,8.75,1023,48.375,16,14,10,122,113,113,0,3,11.6,météo correcte
2016-09-28,19,16,31,16,19,17,0.3,93,8,1023,83.25,19,18,16,119,122,122,0,4,5.9,météo défavorable
2016-09-29,14,8,30,10,14,10,0,94,10,1014,27.5,14,10,5,116,113,113,0,4,11.6,météo correcte
2016-09-30,12,7,16,6,12,9,0,95,5,1011,49,12,9,6,143,116,143,0,2,8.7,météo défavorable
2016-10-01,13,6,22,6,11,8,0.1,94,6.5,1014,59.25,13,8,4,248,119,113,0,2,8.7,météo correcte
2016-10-02,13,10,25,2,13,10,0,88,8,1017,18.875,13,9,7,143,113,116,0,2,11.6,météo correcte
2016-10-03,14,13,36,13,14,13,0,86,10,1022,83.125,14,12,11,122,122,116,0,3,8.7,météo défavorable
2016-10-04,15,13,27,12,15,13,0,86,10,1026,71.75,15,12,11,116,122,122,0,4,7.3,météo défavorable
2016-10-05,15,9,28,12,15,11,0.2,95,9,1026,61.375,15,12,7,122,122,116,0,3,7.1,météo correcte
2016-10-06,12,8,24,9,12,8,0,92,10,1026,60.875,12,8,6,119,119,116,0,3,8.6,météo défavorable
2016-10-07,13,9,23,8,13,11,0.2,97,9,1023,81.875,13,10,7,122,122,119,0,3,5.6,météo défavorable
2016-10-08,15,6,8,7,15,7,0.3,96,4.375,1030,58.625,15,11,6,248,116,143,0,2,11.1,météo correcte
2016-10-09,15,7,5,8,15,9,0,94,7,1031,66.5,15,10,7,143,116,119,0,3,10.1,météo défavorable
2016-10-10,14,7,12,5,13,10,0,93,6.75,1030,77,14,9,5,248,119,122,0,2,5.5,météo défavorable
2016-10-11,12,6,26,6,12,8,0,95,9,1024,34.125,12,8,4,113,119,116,0,2,8.5,météo défavorable
2016-10-12,14,6,20,6,14,8,0.2,96,4.75,1023,47.5,14,10,4,248,119,143,0,2,10.1,météo correcte
2016-10-13,11,8,14,6,11,9,0,89,6.5,1020,75.25,11,8,7,248,122,116,0,2,5.4,météo défavorable
2016-10-14,11,8,27,5,10,8,0.7,95,8.375,1008,72.25,11,8,5,119,122,122,0,3,5.4,météo défavorable
2016-10-15,12,8,15,6,12,8,3.8,95,6.625,1001,60.625,12,8,5,143,116,122,0,2,10,météo défavorable
2016-10-16,12,9,31,9,12,10,0,92,10,1004,71.125,12,9,6,119,113,122,0,4,6.8,météo défavorable
2016-10-17,12,8,26,10,12,9,0,95,10,1018,75.5,13,9,6,122,119,116,0,3,8.4,météo défavorable
2016-10-18,9,7,15,7,8,7,0,90,10,1026,65.875,9,7,5,122,116,116,0,2,10.3,météo défavorable
2016-10-19,12,5,14,5,11,6,0,95,9.5,1027,30.25,12,8,3,116,116,116,0,3,10.2,météo très défavorable
2016-10-20,11,3,5,3,11,3,0,95,6,1027,31,12,7,3,143,116,116,0,2,10.2,météo très défavorable
2016-10-21,11,6,9,5,11,6,0,94,7,1024,67.5,12,9,5,143,119,116,0,2,6.7,météo défavorable
2016-10-22,12,6,21,5,12,7,0,95,10,1018,46.625,12,8,3,122,116,116,0,3,10.1,météo défavorable
2016-10-23,10,7,30,5,10,9,0,91,9,1014,61.625,10,6,4,116,119,122,0,2,6.7,météo défavorable
2016-10-24,11,8,21,5,11,8,0,88,10,1017,73.5,11,7,5,116,119,122,0,3,5,météo défavorable
2016-10-25,13,8,8,4,12,9,0.1,96,4.5,1022,82.625,13,10,7,248,119,143,0,2,6.6,météo défavorable
2016-10-26,13,9,17,7,13,12,0,97,6,1029,49.875,13,12,7,143,122,143,0,3,8.3,météo correcte
2016-10-27,15,11,22,9,14,11,0,96,9,1029,66.5,15,12,9,119,122,119,0,3,6.6,météo défavorable
2016-10-28,15,10,9,12,13,10,0.1,96,5,1034,73.625,15,13,9,143,122,143,0,3,8.3,météo défavorable
2016-10-29,12,8,14,9,12,9,0,97,4,1034,76.625,12,10,6,248,116,143,0,2,9.8,météo défavorable
2016-10-30,14,9,12,9,13,9,0,97,3.25,1030,76.375,14,11,8,248,122,143,0,3,8.3,météo défavorable
2016-10-31,13,11,14,11,13,12,0,94,6.5,1027,93.25,14,11,9,143,116,122,0,3,6.6,météo défavorable
2016-11-01,10,4,24,7,9,5,0,95,9,1030,41.625,10,9,1,119,113,113,0,2,9.7,météo très défavorable
2016-11-02,9,1,6,2,9,2,0,95,8,1030,55.375,9,5,1,113,119,122,0,1,5.2,météo très défavorable
2016-11-03,10,6,14,4,9,8,0,98,7.75,1024,86.25,10,7,4,122,119,122,0,2,3.5,météo défavorable
2016-11-04,9,4,22,6,9,4,0,96,8,1015,48.375,9,6,1,119,113,116,0,2,8.7,météo très défavorable
2016-11-05,7,3,24,3,7,4,0,89,10,1017,18.125,7,3,-1,113,113,113,0,2,8.7,météo très défavorable
2016-11-06,7,2,27,2,7,3,0,87,10,1019,17,7,2,-2,113,113,113,0,2,8.7,météo très défavorable
2016-11-07,7,0,12,0,7,2,0,92,8,1021,10,7,4,-2,143,113,113,0,2,8.7,météo très défavorable
2016-11-08,9,5,26,3,8,8,3.6,98,9.625,1018,88.875,9,9,1,122,122,122,0,2,3.4,météo très défavorable
2016-11-09,9,5,27,4,9,6,0,95,10,1007,57.625,9,6,2,122,116,122,0,3,8.7,météo très défavorable
2016-11-10,9,3,21,7,9,5,0,93,10,1018,70.875,9,7,1,122,122,113,0,2,5.2,météo très défavorable
2016-11-11,12,6,30,3,11,11,1.9,97,9.5,1019,62,12,12,3,113,122,122,0,3,3.4,météo défavorable
2016-11-12,12,6,20,10,11,7,0,95,7.75,1024,61.75,12,12,3,119,116,116,0,2,6.9,météo défavorable
2016-11-13,12,8,11,7,12,8,0.1,96,6,1030,53.125,12,10,6,143,116,143,0,3,5.1,météo défavorable
2016-11-14,15,12,15,10,14,14,0,98,7.625,1029,90.875,15,14,11,248,122,122,0,3,3.3,météo défavorable
2016-11-15,13,7,13,13,12,8,0,97,7.75,1027,85,13,13,5,122,122,116,0,3,3.3,météo défavorable
2016-11-16,9,6,23,9,9,7,0,89,9,1020,84.875,9,8,2,122,122,116,0,2,3.3,météo défavorable
2016-11-17,6,2,29,5,6,3,0,95,10,1009,79.125,7,5,-3,122,116,122,0,1,6.9,météo très défavorable
2016-11-18,6,1,20,-1,6,2,0,86,10,1000,34.125,6,2,-3,116,113,113,0,1,8.7,météo très défavorable
2016-11-19,5,1,12,-1,5,2,0,89,9,1002,44.5,5,2,-3,143,116,122,0,2,3.9,météo très défavorable
2016-11-20,4,-1,10,-2,4,-1,0,93,10,996,68.875,4,1,-5,122,122,116,0,2,2.1,météo très défavorable
2016-11-21,4,2,34,1,4,2,0,89,9,998,48.875,4,0,-4,116,116,116,0,1,5.8,météo très défavorable
2016-11-22,6,1,26,3,6,2,0,94,10,1015,41.25,6,2,-3,119,113,113,0,1,5.8,météo très défavorable
2016-11-23,5,0,13,-1,4,4,0,96,7,1025,26.125,5,3,-3,143,113,116,0,2,3.9,météo très défavorable
2016-11-24,7,1,18,2,7,2,0,97,8,1027,36,7,5,-2,116,116,116,0,1,5.8,météo très défavorable
2016-11-25,6,1,14,0,6,2,0,97,3,1027,47,6,5,-3,260,116,143,0,1,5.8,météo très défavorable
2016-11-26,5,0,10,0,5,1,0,97,2.75,1024,22.75,5,4,-3,143,113,248,0,1,5.8,météo très défavorable
2016-11-27,8,3,13,2,8,6,0,96,8,1028,74.875,8,7,0,122,122,143,0,2,2,météo très défavorable
2016-11-28,6,5,14,5,6,5,0,86,9,1031,97.25,6,4,2,122,122,122,0,2,2,météo très défavorable
2016-11-29,6,0,5,0,6,0,0,93,10,1035,23.75,7,4,-2,116,113,113,0,1,5.8,météo très défavorable
2016-11-30,6,-1,4,-2,6,-1,0,88,10,1036,4,6,1,-3,113,113,113,0,2,5.8,météo très défavorable
2016-12-01,6,-1,5,-2,6,-1,0,96,7,1034,0.375,6,3,-3,143,113,143,0,2,5.8,météo très défavorable
2016-12-02,6,0,8,-1,6,4,0.1,98,2.25,1030,55,6,4,-3,260,122,143,0,1,2,météo très défavorable
2016-12-03,7,2,16,3,7,2,0.1,97,7,1025,61.875,7,6,-2,119,116,143,0,1,3.9,météo très défavorable
2016-12-04,5,2,17,1,5,3,0,94,10,1022,78,5,3,-2,116,122,119,0,1,2,météo très défavorable
2016-12-05,8,4,13,2,8,7,0,99,3.25,1020,94.875,8,8,1,248,122,122,0,2,2,météo très défavorable
2016-12-06,12,11,25,10,12,12,0,97,7.5,1021,98.25,12,12,8,122,122,122,0,3,2,météo défavorable
2016-12-07,14,10,29,13,14,12,0,97,9,1018,92.5,14,13,9,122,122,122,0,3,2,météo défavorable
2016-12-08,12,8,19,9,11,10,0.1,98,3.75,1022,83.125,12,12,7,248,116,248,0,3,5.8,météo défavorable
2016-12-09,12,10,21,12,12,10,0.8,96,8,1018,88.375,13,12,7,122,122,119,0,3,2,météo défavorable
2016-12-10,10,5,12,7,10,6,0,96,3.5,1022,59.5,10,8,2,143,122,143,0,2,3.9,météo très défavorable
2016-12-11,8,4,10,4,8,4,0,95,3,1025,26.875,8,7,2,143,116,143,0,2,5.8,météo très défavorable
2016-12-12,10,8,12,8,9,9,1,98,2.875,1020,84.5,10,9,7,248,119,248,0,2,2,météo défavorable
2016-12-13,12,9,28,10,10,11,0.2,97,4.25,1014,95.75,12,11,7,248,122,122,0,3,2,météo défavorable
2016-12-14,12,1,11,11,7,3,6,95,8,1016,62.25,12,11,1,143,122,113,0,2,3.9,météo très défavorable
2016-12-15,9,8,24,3,9,8,1.3,97,9.875,1014,63.125,9,8,4,116,122,122,0,3,2,météo défavorable
2016-12-16,7,2,18,6,7,3,3.4,93,9,1032,46.625,7,6,0,122,113,113,0,2,5.8,météo très défavorable
2016-12-17,6,1,12,1,6,4,0,95,9,1038,27.875,6,4,-1,113,113,113,0,2,5.8,météo très défavorable
2016-12-18,8,3,12,3,8,6,0,97,3.5,1037,65.625,8,7,1,248,116,143,0,2,5.8,météo très défavorable
2016-12-19,9,2,14,7,9,3,0,98,5.5,1031,56.5,9,7,-1,248,119,113,0,2,3.9,météo très défavorable
2016-12-20,7,1,24,1,6,7,1.1,97,9.25,1025,45.875,7,7,-2,113,122,122,0,2,1.9,météo très défavorable
2016-12-21,6,2,16,5,6,2,0,95,10,1019,40,6,5,-2,119,113,113,0,2,5.8,météo très défavorable
2016-12-22,6,3,16,3,6,4,0,94,10,1027,39,6,4,-1,116,113,116,0,2,3.9,météo très défavorable
2016-12-23,11,4,42,8,11,4,0.1,93,10,1025,75,11,9,-1,122,122,116,0,2,3.9,météo très défavorable
2016-12-24,11,7,28,6,9,9,0,91,10,1024,93,11,9,4,122,122,122,0,3,1.9,météo défavorable
2016-12-25,12,6,32,12,12,7,0.3,94,10,1021,79.25,12,11,3,119,122,119,0,3,2,météo défavorable
2016-12-26,6,1,15,2,6,2,0,91,10,1039,22.125,6,4,-2,113,113,113,0,2,5.8,météo très défavorable
2016-12-27,7,2,14,2,7,4,0,93,10,1041,53.375,7,5,-1,113,122,122,0,2,2,météo très défavorable
2016-12-28,8,2,9,3,8,2,0,96,5,1039,25.25,8,6,0,143,113,143,0,2,5.8,météo très défavorable
2016-12-29,9,6,13,3,8,6,0,98,4.5,1035,47.5,9,8,3,248,143,113,0,2,3.9,météo défavorable
2016-12-30,10,7,16,9,10,8,0,97,7.5,1033,77.5,10,9,4,248,122,119,0,2,3.9,météo défavorable
2016-12-31,9,8,20,8,9,9,0,95,6.5,1032,93.875,9,8,6,143,122,122,0,2,2,météo défavorable
2017-01-01,6,1,28,2,4,2,0.4,91,9.375,1028,25.25,6,6,-4,116,113,113,0,1,5.8,météo très défavorable
2017-01-02,3,-2,11,0,3,-1,0,93,10,1035,3.375,3,0,-5,113,113,113,0,2,5.8,météo très défavorable
2017-01-03,4,-1,12,-1,4,1,0,93,10,1034,28.75,4,2,-3,113,113,116,0,2,5.8,météo très défavorable
2017-01-04,6,1,8,3,6,2,0,98,5.5,1031,78.375,6,4,-2,143,116,248,0,1,3.9,météo très défavorable
2017-01-05,7,3,17,3,7,4,0,97,4.5,1031,79.625,7,6,1,143,122,248,0,1,2,météo très défavorable
2017-01-06,11,9,11,9,10,10,0.1,98,3.5,1031,100,11,11,7,200,248,248,0,2,2,météo défavorable
2017-01-07,11,7,8,8,11,10,0,97,1.75,1033,91.25,11,10,6,248,116,248,0,2,3.9,météo défavorable
2017-01-08,11,8,15,7,11,9,0,98,2.5,1033,89.875,11,10,6,143,143,248,0,2,2,météo défavorable
2017-01-09,9,5,24,9,6,6,0.1,90,10,1024,90.25,9,8,1,122,122,122,0,2,2,météo très défavorable
2017-01-10,12,9,31,8,10,11,0,94,10,1015,89.25,12,11,6,122,122,122,0,3,2,météo défavorable
2017-01-11,11,5,31,8,7,5,0,78,10,1019,84.25,11,10,1,119,122,122,0,2,2,météo très défavorable
2017-01-12,4,0,29,4,3,0,0,93,10,1017,74.875,4,2,-5,122,119,116,0,1,3.9,météo très défavorable
2017-01-13,4,0,21,0,4,1,0,93,10,1023,43.75,4,0,-5,113,116,119,0,1,5.8,météo très défavorable
2017-01-14,7,3,18,5,7,5,0,95,10,1028,88.625,7,5,0,122,122,122,0,1,2,météo très défavorable
2017-01-15,10,8,20,6,9,9,0.1,97,10,1029,90.125,10,8,5,122,122,122,0,2,2,météo défavorable
2017-01-16,9,8,10,8,9,9,0.1,99,0.25,1031,100,9,9,6,248,143,248,0,2,2,météo défavorable
2017-01-17,10,7,7,6,10,8,0.1,98,3,1034,90.75,10,9,7,143,119,248,0,2,2,météo défavorable
2017-01-18,9,3,12,6,9,4,0,98,3.5,1037,78.125,9,8,2,143,122,143,0,2,2.1,météo très défavorable
2017-01-19,7,2,9,4,7,3,0,95,4.75,1037,46.5,7,5,0,143,113,143,0,1,5.8,météo très défavorable
2017-01-20,6,0,12,2,6,1,0,96,6,1035,19,6,4,-4,143,113,113,0,1,5.8,météo très défavorable
2017-01-21,4,0,10,-1,4,3,0.1,93,10,1029,50.625,5,2,-3,113,122,119,0,2,2.1,météo très défavorable
2017-01-22,6,3,9,2,5,4,0.2,97,8,1024,88.875,7,4,1,119,122,143,0,1,3.3,météo très défavorable
2017-01-23,8,4,18,4,8,4,0.1,96,5,1025,49.125,8,6,1,143,113,143,0,2,8.7,météo très défavorable
2017-01-24,10,9,22,8,10,9,0,97,10,1021,91.25,10,9,6,122,122,122,0,2,3.3,météo défavorable
2017-01-25,9,8,42,8,9,8,0,90,10,1019,97,9,8,3,122,122,122,0,2,3.3,météo défavorable
2017-01-26,7,6,42,6,6,6,0,84,10,1012,93.375,8,4,0,119,122,122,0,2,3.3,météo très défavorable
2017-01-27,8,5,13,7,8,5,0.8,96,8.875,1003,88.125,8,6,3,122,122,122,0,2,3.3,météo très défavorable
2017-01-28,6,0,18,1,6,2,0,93,8,1010,25,6,3,-3,113,113,113,0,1,8.7,météo très défavorable
2017-01-29,8,5,13,4,8,8,1.1,99,6.125,1010,81.25,8,8,3,122,122,248,0,2,3.4,météo très défavorable
2017-01-30,11,9,23,6,11,10,0.2,98,5.25,1006,100,11,10,6,248,122,122,0,2,3.4,météo défavorable
2017-01-31,11,4,10,7,10,6,3.3,95,6,1007,58,11,11,2,143,116,143,0,2,8.7,météo très défavorable
2017-02-01,10,7,34,5,8,7,0.1,94,8,1006,74.375,10,8,3,119,122,119,0,2,3.4,météo défavorable
2017-02-02,11,9,42,11,9,9,1.8,92,8.875,985,98.625,11,10,5,122,122,122,0,2,3.4,météo défavorable
2017-02-03,6,1,12,3,6,3,0.4,92,9.375,989,57.875,6,5,-2,113,122,113,0,1,5.2,météo très défavorable
2017-02-04,7,0,17,0,7,1,0,91,10,993,42.875,7,3,-3,113,122,113,0,2,6.9,météo très défavorable
2017-02-05,7,0,20,0,7,1,0,91,10,1014,25.375,7,2,-4,119,113,113,0,2,8.7,météo très défavorable
2017-02-06,11,6,44,6,8,7,2.1,95,8.75,1015,74.75,11,10,1,122,122,143,0,3,5.2,météo défavorable
2017-02-07,7,1,17,0,6,2,0,93,7.875,1024,54.5,7,4,-2,143,200,113,0,1,7,météo très défavorable
2017-02-08,8,2,20,0,7,4,0,93,10,1027,51.125,8,4,0,119,116,116,0,2,7,météo très défavorable
2017-02-09,6,1,31,6,6,3,0.1,87,10,1024,94.5,6,5,-3,122,122,119,0,1,4.9,météo très défavorable
2017-02-10,4,-2,18,-2,4,-1,0,91,10,1029,45.5,4,0,-5,116,116,113,0,2,9.8,météo très défavorable
2017-02-11,5,-1,30,-2,3,4,0.3,85,9.875,1032,63,5,1,-6,116,116,122,0,2,8.3,météo très défavorable
2017-02-12,4,3,31,3,4,3,0,88,10,1028,99.75,4,2,-3,122,122,122,0,1,4.9,météo très défavorable
2017-02-13,9,5,32,5,8,6,0.3,91,9,1018,73,9,5,1,122,119,116,0,2,8.3,météo très défavorable
2017-02-14,11,5,20,6,9,6,1,98,7.625,1019,83.75,11,8,2,122,122,143,0,2,8.3,météo très défavorable
2017-02-15,10,6,23,8,10,8,0.8,98,8.625,1025,86.875,10,8,3,119,122,122,0,2,5,météo défavorable
2017-02-16,10,7,19,4,10,8,0.1,97,6.75,1027,73.75,10,8,4,122,122,143,0,3,6.7,météo défavorable
2017-02-17,11,9,20,9,11,10,0.1,98,6.25,1026,100,11,10,7,248,122,122,0,2,5,météo défavorable
2017-02-18,11,6,15,9,11,10,0.7,98,5.75,1021,80,12,10,4,248,119,119,0,2,5,météo défavorable
2017-02-19,12,10,19,8,12,11,0,97,6.75,1023,89,12,11,9,143,122,122,0,2,5.1,météo défavorable
2017-02-20,12,10,26,12,12,11,0,97,10,1023,96.5,12,11,9,122,122,122,0,3,5.1,météo défavorable
2017-02-21,11,11,31,11,11,11,0.5,95,9,1019,100,11,10,8,122,122,122,0,3,5.1,météo défavorable
2017-02-22,11,10,28,10,10,10,1.5,96,7.875,1010,100,11,10,7,122,122,122,0,3,5.1,météo défavorable
2017-02-23,10,3,44,6,7,4,0,78,10,1013,80.625,10,9,-1,122,119,116,0,2,5.3,météo très défavorable
2017-02-24,8,4,23,2,8,7,0.4,94,9,1018,91.125,8,6,2,119,119,122,0,2,5.4,météo très défavorable
2017-02-25,11,7,28,9,11,9,0.9,97,7.875,1010,97.625,11,10,5,122,122,143,0,2,5.4,météo défavorable
2017-02-26,10,3,42,8,10,4,0,91,10,1005,78.75,10,9,-1,122,122,116,0,2,7,météo très défavorable
2017-02-27,6,-1,21,0,6,1,0,93,9.875,992,59.125,6,1,-5,116,116,119,0,1,8.5,météo très défavorable
2017-02-28,8,4,44,0,7,5,0,88,10,998,36.25,8,3,-1,116,116,113,0,2,8.5,météo très défavorable
2017-03-01,8,2,26,2,8,3,1.1,93,9.875,999,42.5,8,4,-4,113,116,116,0,2,10.1,météo très défavorable
2017-03-02,9,3,28,1,8,6,0,95,10,1008,52.75,9,5,-1,113,119,122,0,1,8.5,météo très défavorable
2017-03-03,7,6,20,5,6,7,4.4,98,6,1001,93.125,7,6,2,122,122,200,0,2,5.5,météo très défavorable
2017-03-04,7,3,30,4,6,5,0,95,7.25,989,83.125,7,6,-1,200,122,116,0,2,7,météo très défavorable
2017-03-05,7,2,42,3,6,5,0,88,8.875,1000,70,7,5,-2,119,200,113,0,1,7.1,météo très défavorable
2017-03-06,7,1,33,3,7,4,3.7,97,8.625,1016,66.5,7,5,-3,143,122,116,0,2,8.6,météo très défavorable
2017-03-07,11,5,26,3,8,10,0,98,10,1017,83.75,11,10,1,119,122,122,0,3,5.6,météo très défavorable
2017-03-08,12,6,14,7,11,8,0.2,97,5.25,1013,85.875,12,9,3,248,122,116,0,2,7.1,météo défavorable
2017-03-09,12,7,14,5,11,9,0,93,9,1022,64.25,12,8,6,143,122,122,0,2,8.6,météo défavorable
2017-03-10,11,9,23,10,11,9,0.2,95,8.75,1020,96.5,11,10,6,122,122,122,0,2,5.9,météo défavorable
2017-03-11,12,7,10,9,12,11,0.4,97,4.5,1015,87.875,13,10,5,248,122,122,0,2,5.9,météo défavorable
2017-03-12,10,4,29,6,10,6,0,91,8.75,1025,36.875,10,8,1,113,116,113,0,2,11.6,météo très défavorable
2017-03-13,14,10,17,8,13,12,0,91,8.75,1031,79.875,14,10,8,248,119,122,0,2,7.3,météo défavorable
2017-03-14,13,6,21,10,12,9,0,95,9,1034,63,13,10,4,122,119,116,0,2,8.8,météo correcte
2017-03-15,14,9,15,5,14,11,0,94,9,1034,58.75,14,11,8,113,122,122,0,2,7.4,météo correcte
2017-03-16,10,3,29,9,10,6,0.1,91,10,1026,69.375,10,9,-1,119,122,119,0,2,7.4,météo très défavorable
2017-03-17,11,8,39,5,9,11,0,94,10,1024,90.25,11,10,3,122,122,122,0,3,6,météo défavorable
2017-03-18,12,11,27,11,11,11,0.1,96,10,1013,100,12,11,8,122,122,122,0,3,6,météo défavorable
2017-03-19,12,9,28,10,12,10,0.5,95,10,1010,99.375,12,11,7,122,122,122,0,3,6,météo défavorable
2017-03-20,10,2,31,8,9,5,0.1,87,10,1004,58.625,10,9,-3,122,113,113,0,2,11.6,météo très défavorable
2017-03-21,7,2,22,0,7,4,0.6,92,9.875,1006,58.5,7,3,0,116,119,122,0,2,7.5,météo très défavorable
2017-03-22,5,2,36,2,2,4,4.6,99,6.75,1012,96.5,5,4,-5,200,119,122,1,1,6.1,météo très défavorable
2017-03-23,9,4,28,4,8,7,0.1,96,10,1026,81.5,9,5,0,122,119,116,0,2,6.1,météo très défavorable
2017-03-24,12,3,19,0,11,8,0,90,9,1033,18.25,12,7,1,143,113,119,0,3,10.2,météo très défavorable
2017-03-25,15,5,13,1,14,11,0,88,10,1034,24.5,15,9,2,113,122,116,0,3,10.2,météo correcte
2017-03-26,13,6,22,2,13,10,0,93,10,1027,10,13,8,3,113,113,113,0,3,11.6,météo correcte
2017-03-27,14,5,17,5,13,10,0,96,6.75,1021,36.5,14,9,3,248,113,113,0,2,11.6,météo correcte
2017-03-28,11,10,23,8,11,10,0.3,97,10,1016,89.625,11,9,7,122,122,122,0,3,6.2,météo défavorable
2017-03-29,12,11,26,11,12,11,1.7,97,8.625,1013,100,13,11,9,122,122,122,0,3,6.4,météo défavorable
2017-03-30,12,11,22,10,12,11,0,98,9,1010,100,12,11,9,122,122,143,0,3,6.5,météo défavorable
2017-03-31,13,6,26,9,13,10,6.8,97,8,1002,74.25,13,10,4,122,113,116,0,2,10.3,météo défavorable
2017-04-01,11,5,24,4,11,9,0.6,95,5.5,1019,61.5,11,8,2,143,122,116,0,2,9.1,météo très défavorable
2017-04-02,12,6,21,0,12,9,0,96,7,1023,30.5,12,7,3,143,116,116,0,2,11.6,météo défavorable
2017-04-03,11,9,31,8,10,11,0,96,10,1021,87.5,11,10,6,122,122,122,0,3,6.5,météo défavorable
2017-04-04,11,5,20,3,10,9,0.1,94,9,1035,55.125,11,7,2,113,122,116,0,2,9.2,météo très défavorable
2017-04-05,11,5,14,3,11,10,0.1,95,6,1036,51.75,11,8,3,143,122,116,0,2,8,météo très défavorable
2017-04-06,9,6,4,0,9,8,0,86,6.75,1035,62.25,9,6,7,260,122,122,0,2,8,météo défavorable
2017-04-07,13,4,11,-1,11,11,0,95,9,1030,27.875,13,9,2,113,113,113,0,2,11.6,météo correcte
2017-04-08,15,7,19,1,14,12,0,97,5.75,1024,20.25,15,10,5,143,113,116,0,2,11.6,météo correcte
2017-04-09,13,6,22,8,11,11,0,96,5.25,1025,89.375,13,9,4,248,122,122,0,2,6.9,météo défavorable
2017-04-10,10,6,20,2,10,9,0,94,9,1032,61.25,10,7,3,116,119,122,0,2,8.1,météo défavorable
2017-04-11,10,6,21,3,10,9,0,94,8,1032,73.75,10,7,3,143,122,122,0,2,6.9,météo défavorable
2017-04-12,11,8,22,8,11,11,0,92,10,1025,93.5,11,9,6,122,122,122,0,2,6.9,météo défavorable
2017-04-13,10,8,14,4,10,10,0,94,6.5,1022,89,11,8,6,248,122,122,0,2,6.9,météo défavorable
2017-04-14,11,8,21,9,11,10,0,96,6.5,1018,98,11,10,6,248,122,122,0,2,7,météo défavorable
2017-04-15,10,4,21,5,10,9,0,94,7,1025,78.375,10,6,1,122,122,119,0,2,7,météo très défavorable
2017-04-16,11,8,25,6,11,10,0.1,94,8,1025,79.25,11,9,5,122,122,122,0,2,7,météo défavorable
2017-04-17,12,6,14,4,11,11,0.1,92,8,1029,68.25,12,8,5,143,122,119,0,2,7,météo défavorable
2017-04-18,12,8,8,4,12,10,0,93,7,1035,68.25,12,8,7,143,122,122,0,2,7,météo défavorable
2017-04-19,14,10,9,6,13,12,0.4,96,5.75,1037,82.75,14,11,9,143,119,122,0,2,8.2,météo défavorable
2017-04-20,14,8,10,6,14,12,0.2,95,5.5,1037,74.125,14,10,8,248,119,119,0,2,8.2,météo défavorable
2017-04-21,13,6,10,6,13,12,0.1,94,7,1036,59.625,13,10,4,143,122,116,0,2,9.4,météo correcte
2017-04-22,13,8,8,5,12,12,0.1,95,5.75,1033,72.125,13,10,7,248,122,122,0,2,7.1,météo défavorable
2017-04-23,14,9,8,5,14,10,0.5,95,5.75,1030,80.875,14,9,8,143,122,122,0,2,8.3,météo défavorable
2017-04-24,10,3,23,6,10,7,0.6,92,6.75,1023,76.625,10,8,-1,248,122,122,0,2,7.2,météo très défavorable
2017-04-25,8,1,27,1,8,6,0,89,10,1023,18.5,8,2,-3,113,116,113,0,2,10.5,météo très défavorable
2017-04-26,9,3,21,0,8,8,0,93,10,1025,50.125,9,5,0,113,122,119,0,2,8.3,météo très défavorable
2017-04-27,10,7,19,3,10,9,0,90,7,1024,71.5,10,7,4,143,122,119,0,2,7.2,météo défavorable
2017-04-28,10,5,15,5,9,9,0.1,94,8,1022,55.125,10,7,2,116,122,119,0,2,7.2,météo très défavorable
2017-04-29,10,8,30,7,9,9,0,84,9,1013,79.25,10,7,4,122,122,122,0,2,7.3,météo défavorable
2017-04-30,11,5,28,8,11,10,0.8,95,8,997,68.875,11,8,3,122,119,113,0,3,8.4,météo très défavorable
2017-05-01,15,10,14,4,14,14,0.2,93,7,1013,49.5,15,12,8,143,119,122,0,2,11.3,météo correcte
2017-05-02,15,8,10,8,15,14,0,94,5.75,1023,51.625,15,12,6,143,122,119,0,3,14.5,météo correcte
2017-05-03,13,7,23,6,13,12,0,88,8,1027,15.875,13,8,4,143,116,113,0,2,15.5,météo correcte
2017-05-04,12,8,23,5,11,12,0.1,88,10,1026,48.375,12,9,5,116,122,116,0,3,14.5,météo défavorable
2017-05-05,13,8,35,7,13,11,0,80,10,1024,45,13,7,5,122,116,113,0,3,14.5,météo correcte
2017-05-06,10,6,26,7,10,10,0.1,93,10,1019,64.75,11,7,4,122,122,116,0,3,13.6,météo défavorable
2017-05-07,15,5,7,7,14,15,0,94,7,1026,35.125,15,12,5,143,119,113,0,2,15.6,météo correcte
2017-05-08,16,6,15,10,16,13,0,92,8,1029,18.125,16,12,3,143,116,113,0,3,15.6,météo correcte
2017-05-09,12,9,9,6,12,12,0,88,9,1029,51.5,12,10,9,143,122,122,0,3,13.6,météo défavorable
2017-05-10,15,10,5,8,15,13,0,88,7.75,1015,47,15,11,9,113,116,122,0,2,14.6,météo correcte
2017-05-11,16,9,12,8,16,11,0.5,97,7.75,1000,68,16,11,9,113,122,119,0,3,13.7,météo défavorable
2017-05-12,14,9,20,11,14,12,5.8,96,7.375,996,93.375,15,13,7,143,122,122,0,3,11.8,météo défavorable
2017-05-13,13,7,27,8,13,12,2.4,96,8.875,1004,67.125,13,11,5,116,122,116,0,2,15.6,météo défavorable
2017-05-14,13,10,29,6,13,12,0.5,86,8.875,1016,35.875,14,9,7,143,116,116,0,3,15.8,météo correcte
2017-05-15,15,14,30,13,15,14,3.3,97,9.625,1012,100,15,14,12,122,122,122,0,3,11.9,météo défavorable
2017-05-16,15,8,23,14,15,14,0.2,92,10,1020,78.75,15,13,7,122,119,122,0,3,12.8,météo défavorable
2017-05-17,14,6,18,8,14,12,0.9,92,8,1020,30.75,14,10,4,143,119,113,0,3,15.6,météo correcte
2017-05-18,12,9,10,6,11,11,0,85,7,1013,61.5,12,8,7,143,122,119,0,2,12.9,météo défavorable
2017-05-19,12,8,15,6,12,11,1,96,7,1013,57,12,10,6,143,122,119,0,3,13.8,météo défavorable
2017-05-20,13,7,19,7,13,12,1.8,93,6.875,1017,37.625,13,10,5,143,116,116,0,2,16,météo correcte
2017-05-21,15,11,34,11,15,13,0.2,89,9,1017,88.5,15,11,8,122,122,122,0,3,12,météo défavorable
2017-05-22,16,12,17,11,15,14,0,94,10,1015,91.875,16,13,12,122,122,122,0,3,12,météo défavorable
2017-05-23,19,15,14,13,18,19,0.3,96,5.5,1024,90.875,19,17,15,143,122,122,0,4,12.1,météo défavorable
2017-05-24,21,14,8,15,20,20,0.1,96,5.5,1026,67.875,21,18,13,143,119,116,0,4,15.6,météo défavorable
2017-05-25,20,14,22,12,19,18,0,95,6,1024,9.375,20,16,13,143,113,113,0,4,16.2,météo favorable
2017-05-26,19,14,22,13,19,18,0,97,9,1017,72.5,19,17,14,119,122,122,0,5,13,météo défavorable
2017-05-27,15,11,24,13,14,15,4.7,97,4.875,1017,81.75,15,13,9,248,122,116,0,3,13.9,météo défavorable
2017-05-28,17,12,8,9,17,14,2.2,98,7.625,1019,76.5,17,13,12,116,119,122,0,3,13,météo défavorable
2017-05-29,17,12,8,10,16,16,0.6,94,6.75,1015,98.75,17,13,11,143,122,122,0,3,12.2,météo défavorable
2017-05-30,16,11,17,11,16,15,1,90,8,1019,79.75,16,14,11,143,122,122,0,3,13.9,météo défavorable
2017-05-31,17,11,26,12,17,15,0.2,94,10,1020,88.75,17,14,10,122,122,122,0,3,12.2,météo défavorable
2017-06-01,14,11,15,13,14,12,3.2,98,7.75,1017,97.625,14,13,10,122,122,143,0,3,12.2,météo défavorable
2017-06-02,15,9,14,9,15,14,0.8,91,7.375,1017,56,15,11,8,113,122,116,0,3,15.7,météo correcte
2017-06-03,15,8,20,9,15,13,0.5,92,7,1015,44.625,15,10,6,143,119,116,0,3,15.7,météo correcte
2017-06-04,14,10,26,8,14,11,0.5,94,8,1014,59,14,10,7,116,119,122,0,2,14,météo correcte
2017-06-05,12,9,31,11,10,10,5.2,96,8.375,1004,94.375,12,11,5,143,296,122,0,3,12.3,météo défavorable
2017-06-06,13,9,36,8,13,12,0,90,10,1009,51.5,13,9,6,116,122,116,0,4,16.4,météo correcte
2017-06-07,15,12,22,8,12,15,2.7,97,8.625,1012,71.375,15,14,9,143,122,122,0,4,13.2,météo défavorable
2017-06-08,17,10,28,12,17,14,3.2,95,6.25,1005,73.375,17,14,8,248,116,116,0,3,14.9,météo défavorable
2017-06-09,16,12,28,9,16,12,0,96,6.25,1010,93.125,16,12,9,248,122,122,0,3,12.3,météo défavorable
2017-06-10,16,13,33,15,16,14,4.6,91,9.625,1007,90.625,16,14,11,122,119,119,0,3,12.3,météo défavorable
2017-06-11,15,12,36,12,15,12,0.1,92,10,1011,93.625,15,12,9,122,119,122,0,3,12.3,météo défavorable
2017-06-12,15,12,25,11,15,14,0.1,96,9,1018,99,15,13,10,122,122,122,0,3,12.3,météo défavorable
2017-06-13,17,11,22,12,15,16,0.2,96,5.25,1018,87.25,17,14,10,248,122,119,0,3,13.2,météo défavorable
2017-06-14,17,14,27,12,17,16,0,92,6.5,1016,81,17,13,12,143,119,119,0,3,13.2,météo défavorable
2017-06-15,15,11,30,11,15,13,0.2,93,10,1019,78.25,15,12,9,116,122,122,0,3,13.2,météo défavorable
2017-06-16,22,16,18,13,20,22,0.1,93,9,1026,69.875,24,19,16,122,122,113,0,4,14,météo défavorable
2017-06-17,23,17,14,14,22,22,0,93,9,1027,22.875,25,19,17,113,113,119,0,4,16.5,météo favorable
2017-06-18,23,17,7,15,21,22,0,93,8,1025,17.25,25,18,17,113,113,116,0,4,16.5,météo favorable
2017-06-19,24,19,14,17,23,22,0.1,93,9,1021,54.25,25,19,19,113,122,122,0,5,14.1,météo correcte
2017-06-20,23,17,12,12,22,22,0,93,8,1021,47.375,25,19,17,116,116,116,0,4,16.5,météo favorable
2017-06-21,23,17,14,16,23,20,0.2,94,9,1015,78.125,25,19,17,122,119,122,0,4,13.2,météo défavorable
2017-06-22,17,13,18,13,15,16,0,86,8.75,1015,80.125,17,13,12,122,116,122,0,3,14.1,météo défavorable
2017-06-23,17,14,19,15,17,16,0.2,95,10,1014,92.125,17,15,14,122,122,122,0,3,12.4,météo défavorable
2017-06-24,17,12,23,13,17,15,0,90,6.75,1014,80.375,17,14,11,143,122,116,0,3,14.1,météo défavorable
2017-06-25,15,10,17,13,15,14,0.1,93,10,1015,82.375,15,13,9,122,122,119,0,3,13.2,météo défavorable
2017-06-26,14,13,18,10,13,13,0.7,97,7,1016,86.875,14,13,11,122,122,122,0,3,13.2,météo défavorable
2017-06-27,18,13,16,15,18,16,5.3,94,6.125,1007,91.625,18,15,12,248,122,122,0,4,12.4,météo défavorable
2017-06-28,17,11,15,11,17,14,2.5,97,7.625,1001,87.375,17,14,10,116,122,122,0,3,13.2,météo défavorable
2017-06-29,15,11,31,10,15,12,0.1,93,7.75,1007,100,15,12,8,122,122,122,0,3,12.3,météo défavorable
2017-06-30,14,11,39,10,14,14,0,92,10,1019,66.625,14,11,8,122,116,116,0,3,15.7,météo défavorable
2017-07-01,16,12,19,10,15,14,0,93,8,1021,76.375,16,15,11,116,122,122,0,3,13.2,météo défavorable
2017-07-02,17,14,18,10,16,17,0,94,9,1024,63.875,17,14,13,113,122,122,0,4,14,météo correcte
2017-07-03,17,15,13,13,17,16,0,97,6.75,1021,99.5,17,15,14,248,122,143,0,3,12.3,météo défavorable
2017-07-04,18,14,19,14,17,18,0,96,9,1019,91.5,18,16,14,122,122,122,0,4,13.2,météo défavorable
2017-07-05,20,16,8,14,19,20,0,95,6.5,1020,84.5,20,17,16,116,122,122,0,4,13.2,météo défavorable
2017-07-06,19,15,11,15,17,18,0.3,94,6.75,1017,63.25,19,16,14,143,116,122,0,4,15.7,météo correcte
2017-07-07,19,12,18,15,19,16,0.3,94,6,1019,72,19,16,11,143,353,116,0,4,14.8,météo défavorable
2017-07-08,19,14,13,12,18,18,0.9,95,8,1020,72.25,19,16,14,122,122,116,0,3,14,météo défavorable
2017-07-09,18,14,19,12,18,15,0,95,5.5,1016,85.5,18,14,13,248,122,122,0,3,13.1,météo défavorable
2017-07-10,16,12,9,12,16,15,1.5,95,7,1011,79.25,16,13,12,143,119,116,0,3,14,météo défavorable
2017-07-11,17,13,15,13,14,16,0.1,95,5.25,1010,87.5,17,14,12,248,122,122,0,3,13.1,météo défavorable
2017-07-12,19,14,10,9,18,18,0.3,90,8,1021,35.125,19,15,14,113,113,122,0,3,15.7,météo favorable
2017-07-13,19,12,26,13,18,14,0.5,88,9,1021,69.625,19,15,11,116,119,122,0,3,13.1,météo défavorable
2017-07-14,20,14,17,11,17,19,0.1,91,8,1023,65.375,20,15,12,143,119,116,0,4,13.9,météo défavorable
2017-07-15,20,17,27,16,20,19,0.2,93,10,1020,97,20,18,17,122,122,122,0,4,12.2,météo défavorable
2017-07-16,17,12,12,13,16,17,0,91,6.75,1027,69.125,17,16,11,143,122,116,0,4,15.6,météo défavorable
2017-07-17,21,12,10,11,19,20,0,90,8,1027,6.625,21,16,12,113,113,113,0,3,16.2,météo favorable
2017-07-18,22,17,25,13,22,21,0,92,10,1020,37.75,25,18,17,116,116,122,0,5,16.1,météo favorable
2017-07-19,19,10,25,16,19,14,4.4,94,6,1007,70.375,19,18,8,248,119,116,0,4,13.9,météo défavorable
2017-07-20,14,10,21,9,14,13,1.6,96,7.875,1008,52,14,11,9,116,113,122,0,4,14.7,météo correcte
2017-07-21,14,11,20,9,14,11,5.4,97,9.375,999,98.25,14,12,9,122,122,200,0,3,12,météo défavorable
2017-07-22,18,13,15,11,16,17,1.2,93,8.625,1010,68.125,18,14,12,119,122,113,0,3,14.7,météo défavorable
2017-07-23,19,14,19,11,17,19,0.5,93,6.625,1018,45.625,20,15,14,248,119,113,0,3,14.7,météo correcte
2017-07-24,21,14,17,11,20,19,0,94,6,1021,27.625,21,16,13,143,113,119,0,4,16,météo favorable
2017-07-25,20,16,11,13,20,19,0,98,6.75,1021,59.875,20,17,16,116,119,119,0,4,13.8,météo correcte
2017-07-26,17,10,34,17,16,14,0.2,89,10,1007,69.75,17,16,8,122,122,113,0,3,13.8,météo défavorable
2017-07-27,16,12,31,11,16,14,0.1,85,10,1005,39.875,16,12,10,116,116,116,0,4,15.9,météo correcte
2017-07-28,18,11,21,11,16,15,0.4,94,9.875,1004,57,18,14,9,116,122,122,0,4,14.6,météo correcte
2017-07-29,16,12,19,10,16,15,0.3,93,7.625,1005,60.5,16,12,11,143,116,119,0,4,14.6,météo correcte
2017-07-30,16,10,22,11,16,13,1,96,7.75,1004,80.625,16,13,8,122,119,122,0,3,13.7,météo défavorable
2017-07-31,16,12,22,10,16,15,1.9,92,9.875,1009,55.875,16,13,11,119,116,353,0,3,15.5,météo correcte
2017-08-01,17,12,15,9,17,16,1.5,92,6.625,1011,55.75,17,13,11,248,116,122,0,3,14.6,météo correcte
2017-08-02,18,13,24,15,17,16,0,91,9,1008,63.625,18,15,12,122,122,116,0,4,15.5,météo correcte
2017-08-03,19,13,23,13,19,17,0.3,95,9,1006,62.75,19,14,12,122,116,116,0,4,15.5,météo correcte
2017-08-04,17,11,17,11,17,15,0.7,94,5.125,1015,52.5,17,12,9,248,116,113,0,3,15.6,météo correcte
2017-08-05,17,10,23,9,16,15,0,92,6.5,1021,39.875,17,11,8,248,113,113,0,3,15.6,météo correcte
2017-08-06,16,12,25,12,15,14,0.7,96,8,1021,74.125,16,14,10,122,122,119,0,3,12.6,météo défavorable
2017-08-07,16,10,15,8,15,14,0,94,6.25,1017,56.375,16,11,9,248,116,113,0,3,13.5,météo correcte
2017-08-08,15,10,16,8,15,14,0.5,93,6.625,1019,38.625,15,11,8,248,116,113,0,3,14.5,météo correcte
2017-08-09,17,11,21,9,15,17,0,92,8,1028,44.75,17,13,10,119,122,113,0,3,12.5,météo correcte
2017-08-10,17,12,13,8,14,17,0.1,93,7,1029,48,17,13,11,143,122,116,0,3,12.5,météo correcte
2017-08-11,17,13,20,14,17,15,0,93,10,1022,79.125,17,16,11,122,122,116,0,3,11.4,météo défavorable
2017-08-12,17,10,19,11,16,15,0.1,91,10,1022,43,17,12,9,116,116,116,0,4,13.5,météo correcte
2017-08-13,17,12,17,9,16,13,0,96,10,1022,44.375,17,11,10,113,119,122,0,4,10.4,météo correcte
2017-08-14,17,11,17,14,15,16,6,96,5.875,1013,75.25,17,15,10,119,143,116,0,3,8.3,météo défavorable
2017-08-15,18,12,16,9,17,16,0.5,92,6,1016,56.75,18,13,11,248,113,116,0,3,11.6,météo correcte
2017-08-16,19,15,31,13,17,18,0.7,96,8.875,1016,75.875,19,17,13,122,122,116,0,3,8.3,météo défavorable
2017-08-17,19,13,23,10,19,15,0.1,94,7,1007,35.25,19,14,11,143,113,116,0,3,11.6,météo favorable
2017-08-18,14,11,32,9,14,13,0.2,94,9,1015,62.75,14,11,8,116,119,119,0,4,7.2,météo correcte
2017-08-19,16,9,26,10,16,14,0.1,92,10,1022,32.375,16,11,8,113,116,113,0,4,11.6,météo correcte
2017-08-20,16,14,16,11,15,16,9.1,98,6.875,1022,93.375,16,15,13,122,122,248,0,3,7.1,météo défavorable
2017-08-21,20,16,15,16,19,19,2.6,98,5.875,1019,95.875,20,18,16,248,122,119,0,4,7.1,météo défavorable
2017-08-22,18,15,14,16,17,18,0.7,97,5.5,1017,93.25,18,17,15,122,122,143,0,4,7.1,météo défavorable
2017-08-23,17,12,17,11,17,15,0.1,96,5.75,1014,48,17,14,10,248,116,116,0,3,11.6,météo correcte
2017-08-24,17,12,21,9,16,15,0,92,6.25,1016,81.875,17,13,11,248,119,119,0,3,8.2,météo défavorable
2017-08-25,18,14,14,11,17,16,0.6,94,8,1017,58.25,18,14,14,116,116,119,0,3,10.5,météo correcte
2017-08-26,18,14,9,11,18,17,0.2,93,7,1018,60.75,18,15,14,143,119,116,0,3,9.3,météo correcte
2017-08-27,20,16,17,14,19,19,0.1,98,7.75,1018,91.25,20,17,16,143,122,119,0,4,7,météo défavorable
2017-08-28,19,13,19,14,19,16,0,97,6.75,1017,84.75,19,17,12,248,122,143,0,4,7,météo défavorable
2017-08-29,15,9,19,8,15,13,0.1,92,9,1017,38.25,15,11,8,116,116,116,0,3,10.4,météo correcte
2017-08-30,15,9,13,7,15,13,0,94,8,1015,31.625,15,11,8,143,116,113,0,4,11.6,météo correcte
2017-08-31,16,10,10,7,15,14,0.5,93,6.875,1022,35.625,16,11,9,143,116,113,0,3,11.6,météo correcte
2017-09-01,17,10,10,7,16,15,0,89,7,1026,23.125,17,12,10,143,113,113,0,3,11.6,météo correcte
2017-09-02,16,13,30,8,16,14,1.4,96,8.875,1025,54.125,16,14,12,143,122,122,0,4,8,météo correcte
2017-09-03,21,17,7,16,20,19,13,97,9.25,1006,94.875,24,18,17,302,122,119,0,4,6.8,météo défavorable
2017-09-04,18,14,13,15,18,17,0.5,96,4.5,1010,92.25,18,16,14,248,122,122,0,4,6.8,météo défavorable
2017-09-05,16,11,30,12,16,13,3.2,93,6.75,1017,56.375,16,13,10,143,116,113,0,3,11.6,météo correcte
2017-09-06,16,12,21,10,16,14,0,95,9,1021,65.75,16,12,11,116,122,119,0,3,8,météo défavorable
2017-09-07,15,13,23,11,15,14,0.1,96,7.5,1018,100,15,14,12,122,122,122,0,3,6.8,météo défavorable
2017-09-08,15,9,26,11,15,12,0,93,10,1004,58.5,15,12,7,116,116,116,0,3,10.4,météo correcte
2017-09-09,15,10,31,10,14,13,0,97,9,1007,67.875,15,12,8,119,119,116,0,4,7.9,météo défavorable
2017-09-10,14,10,39,11,12,10,0.1,93,10,1005,82.625,14,13,7,122,122,119,0,4,6.5,météo défavorable
2017-09-11,14,9,34,10,14,11,0,95,9.875,1005,68.125,14,11,6,119,116,119,0,3,7.8,météo défavorable
2017-09-12,14,11,37,7,13,14,2.1,96,8.875,1006,58.5,14,13,8,116,119,122,0,4,7.6,météo correcte
2017-09-13,13,6,25,7,13,9,0,94,10,1004,47.125,13,8,3,113,116,119,0,2,10.3,météo correcte
2017-09-14,13,8,23,8,13,11,0.2,95,9.875,1019,28.125,14,9,6,116,113,113,0,3,11.6,météo correcte
2017-09-15,14,8,22,7,14,11,0.4,95,9.875,1020,38,14,10,6,116,116,113,0,3,11.6,météo correcte
2017-09-16,12,8,18,7,12,9,1.2,98,6.375,1019,78.25,12,9,7,116,119,143,0,3,7.5,météo défavorable
2017-09-17,15,9,15,4,14,12,0.1,96,5.25,1020,65.75,15,11,7,248,116,116,0,2,10.2,météo défavorable
2017-09-18,15,9,12,6,15,12,0.1,93,10,1022,28.25,15,10,8,116,116,119,0,4,10.2,météo correcte
2017-09-19,16,12,23,7,16,14,0,97,7,1022,65.625,17,13,11,143,119,119,0,3,7.5,météo défavorable
2017-09-20,15,11,14,15,14,12,2.3,98,6.625,1015,97.75,15,15,10,122,143,248,0,3,6.1,météo défavorable
2017-09-21,14,8,18,6,14,10,0.4,94,6.125,1015,47.5,14,10,6,248,113,113,0,2,11.6,météo correcte
2017-09-22,16,10,22,12,16,12,0.9,95,8.75,1015,68,16,13,8,200,122,116,0,3,7.4,météo défavorable
2017-09-23,15,14,37,15,15,14,1.5,97,8.625,1014,92.375,15,14,12,122,122,122,0,3,6,météo défavorable
2017-09-24,17,10,7,12,16,13,1.5,90,7.375,1019,70.25,17,13,10,248,119,116,0,3,8.8,météo défavorable
2017-09-25,17,10,14,8,16,13,0,96,9,1021,20.875,17,12,9,113,116,113,0,4,11.6,météo correcte
2017-09-26,16,13,28,10,16,13,0,91,6.25,1021,85.25,17,13,11,248,119,119,0,3,7.4,météo défavorable
2017-09-27,14,10,32,13,14,12,3.4,97,7.625,1014,82.75,14,13,9,122,122,143,0,3,7.4,météo défavorable
2017-09-28,15,12,36,8,15,14,0.4,94,5.625,1014,77.125,15,13,10,248,116,122,0,3,8.8,météo défavorable
2017-09-29,13,9,26,8,13,10,0,92,10,1012,30,13,10,7,113,113,116,0,4,11.6,météo correcte
2017-09-30,12,9,6,8,12,9,0,92,7.75,1012,44.625,13,10,8,248,116,113,0,3,11.6,météo défavorable
2017-10-01,16,11,29,14,15,12,0.1,95,10,1008,92.625,16,16,9,122,122,119,0,3,5.9,météo défavorable
2017-10-02,13,7,28,10,13,9,0.1,89,10,1021,38.875,13,9,4,116,116,113,0,4,10.2,météo correcte
2017-10-03,13,7,20,5,13,8,0,95,9,1027,31,13,8,4,113,116,116,0,3,11.6,météo correcte
2017-10-04,16,11,31,7,12,14,0,92,10,1026,83.125,16,14,9,119,122,122,0,4,5.8,météo défavorable
2017-10-05,16,7,21,9,13,9,1,94,9.875,1029,40,16,15,5,113,116,113,0,3,11.2,météo correcte
2017-10-06,13,7,16,6,8,12,0,96,3,1029,42.375,13,13,6,143,143,143,0,2,10.1,météo correcte
2017-10-07,13,9,23,12,13,11,0.1,96,9,1021,84.375,14,13,7,122,122,119,0,3,5.6,météo défavorable
2017-10-08,14,9,6,7,14,11,0.1,94,7,1022,55.875,14,11,9,143,122,119,0,2,7.1,météo correcte
2017-10-09,14,11,19,8,14,13,0,96,7,1021,79.375,14,13,10,143,122,122,0,3,5.5,météo défavorable
2017-10-10,13,11,19,10,13,12,0.2,95,9,1013,91,13,12,10,143,122,122,0,3,7,météo défavorable
2017-10-11,14,7,30,13,14,9,0.4,94,8,1012,56.75,14,13,5,122,113,113,0,3,10.1,météo correcte
2017-10-12,16,11,26,6,14,15,0,95,8,1016,63.75,16,15,9,143,122,122,0,4,7,météo correcte
2017-10-13,17,15,27,16,17,16,0.3,97,8,1016,99,18,16,15,122,122,143,0,4,5.4,météo défavorable
2017-10-14,17,14,30,15,17,15,0.2,93,8.75,1018,92.125,17,15,12,122,122,122,0,4,5.4,météo défavorable
2017-10-15,15,12,22,14,15,12,0.3,98,6.75,1014,93.5,15,14,12,119,122,143,0,3,5.4,météo défavorable
2017-10-16,15,12,70,15,13,13,0.3,83,7.75,1010,98.5,15,14,8,122,122,122,0,3,5.4,météo défavorable
2017-10-17,13,7,14,7,12,8,0,90,10,1018,25.125,13,7,6,113,113,113,0,2,10.3,météo correcte
2017-10-18,13,9,22,5,12,13,0.2,97,8,1014,66.875,13,12,6,143,122,122,0,2,6.8,météo défavorable
2017-10-19,13,9,37,12,13,10,6.2,97,8.5,1002,98.25,13,12,5,122,200,122,0,3,5.1,météo défavorable
2017-10-20,13,6,36,4,10,13,0,92,9,1005,38.25,13,12,4,143,116,122,0,3,8.3,météo correcte
2017-10-21,12,8,44,11,12,9,0,90,10,1009,94.5,12,10,3,122,122,122,0,3,5.1,météo défavorable
2017-10-22,12,9,24,8,11,9,0.3,95,10,1017,68.875,12,10,7,122,122,119,0,3,6.7,météo défavorable
2017-10-23,16,10,17,13,15,11,0,96,6.75,1013,62.75,16,13,9,248,119,143,0,3,10,météo correcte
2017-10-24,15,11,19,15,13,12,1.2,97,7.625,1012,80,15,14,10,122,116,248,0,4,6.7,météo défavorable
2017-10-25,13,10,16,8,13,11,0,95,7,1021,54.125,13,10,8,116,116,122,0,4,8.3,météo correcte
2017-10-26,15,11,7,11,14,11,0.2,96,7,1029,92,15,12,11,122,122,143,0,3,5,météo défavorable
2017-10-27,13,8,9,6,12,11,0.1,94,6,1037,42.25,13,11,7,143,113,122,0,2,9.9,météo correcte
2017-10-28,14,11,17,9,13,13,0,97,6,1035,78.25,14,13,10,143,122,122,0,3,4.9,météo défavorable
2017-10-29,13,6,18,13,12,8,0,93,10,1031,67.5,13,13,6,122,119,116,0,3,6.6,météo défavorable
2017-10-30,12,7,12,5,12,9,1.3,98,9,1031,54.875,13,10,6,116,119,143,0,3,6.6,météo défavorable
2017-10-31,13,8,16,9,13,9,0,98,3,1026,96.5,13,11,7,248,122,248,0,3,4.9,météo défavorable
2017-11-01,13,9,7,8,13,10,0,94,6.75,1019,82.625,13,9,9,143,119,122,0,3,4.9,météo défavorable
2017-11-02,11,8,6,9,11,8,0,94,6.75,1017,67,11,9,7,248,122,116,0,2,6.5,météo défavorable
2017-11-03,11,8,9,9,11,9,0,96,9,1016,67.375,11,8,7,119,116,122,0,3,7,météo défavorable
2017-11-04,9,4,24,4,9,5,0,89,7.75,1011,49.125,9,6,0,143,122,116,0,2,7,météo très défavorable
2017-11-05,9,3,21,4,9,4,0,93,10,1025,18,9,5,1,113,113,116,0,3,8.7,météo très défavorable
2017-11-06,12,9,32,7,12,9,0,92,9,1025,74.5,12,9,7,122,119,116,0,3,5.2,météo défavorable
2017-11-07,11,3,21,4,8,4,3.2,93,9.75,1021,24.125,11,10,0,113,113,113,0,2,8.7,météo très défavorable
2017-11-08,9,4,14,2,8,9,0.1,97,10,1026,57.375,9,9,2,113,122,122,0,3,5.2,météo très défavorable
2017-11-09,11,7,20,11,11,7,0.8,96,9.875,1027,64.875,11,10,5,119,119,116,0,2,6.9,météo défavorable
2017-11-10,12,8,27,8,10,9,1.4,97,8.625,1026,89.25,12,11,5,119,122,248,0,2,5.2,météo défavorable
2017-11-11,13,7,14,13,9,7,1.5,96,7.875,1015,97.75,13,12,4,122,143,143,0,3,3.4,météo défavorable
2017-11-12,7,2,27,4,7,3,0,92,9,1029,26.75,7,4,-1,122,116,113,0,1,8.7,météo très défavorable
2017-11-13,8,4,16,2,7,8,0,96,10,1030,54,8,8,2,116,116,122,0,2,5.1,météo très défavorable
2017-11-14,12,8,12,9,12,9,0,98,4,1023,84.875,12,11,7,248,116,143,0,2,5.1,météo défavorable
2017-11-15,10,6,12,7,10,8,0,98,3,1024,90.625,10,9,5,143,122,248,0,2,3.3,météo défavorable
2017-11-16,9,3,17,9,8,4,0,89,10,1030,35.125,9,8,2,122,113,113,0,3,8.7,météo très défavorable
2017-11-17,7,2,11,1,7,5,0,94,10,1031,44.125,7,4,0,113,116,122,0,2,8.7,météo très défavorable
2017-11-18,9,6,9,8,8,7,0.4,97,3.5,1026,98.625,9,8,5,122,248,143,0,2,3.3,météo défavorable
2017-11-19,10,6,21,5,9,10,0.3,94,9,1024,97.5,10,9,4,122,122,122,0,2,2.1,météo défavorable
2017-11-20,13,12,15,11,13,13,0,97,8.75,1015,94.625,13,13,11,122,122,122,0,3,2.1,météo défavorable
2017-11-21,14,10,19,11,14,12,0,96,9,1010,91.125,14,13,9,122,122,119,0,3,2.1,météo défavorable
2017-11-22,13,4,28,12,9,7,0.2,95,8.75,997,95.375,13,12,1,122,122,122,0,2,2.1,météo très défavorable
2017-11-23,7,3,25,4,7,3,0,84,10,1006,47.5,7,3,1,119,116,119,0,2,3.9,météo très défavorable
2017-11-24,5,-1,17,0,5,0,0,93,10,1016,31.375,5,1,-5,113,122,113,0,2,3.9,météo très défavorable
2017-11-25,5,1,22,0,5,1,0,88,10,1026,19.75,6,0,-3,113,113,113,0,2,5.8,météo très défavorable
2017-11-26,8,3,25,2,6,7,1.3,94,8.875,1028,83.5,8,7,0,122,122,119,0,2,2,météo très défavorable
2017-11-27,9,4,23,6,7,4,0,91,10,1018,75.75,10,9,0,122,122,113,0,2,3.9,météo très défavorable
2017-11-28,6,2,23,2,6,3,0,89,10,1018,19.25,6,2,-3,113,113,113,0,2,5.8,météo très défavorable
2017-11-29,5,-1,21,1,5,0,0,92,10,1022,20.125,5,1,-5,113,116,113,0,2,5.8,météo très défavorable
2017-11-30,6,1,24,3,6,2,0,94,10,1024,58.875,6,4,-3,116,122,119,0,2,2,météo très défavorable
2017-12-01,4,-1,11,-1,4,1,0,94,9,1033,26.5,4,1,-4,113,113,116,0,2,5.8,météo très défavorable
2017-12-02,7,5,14,4,7,6,0,96,4.75,1032,92,7,6,3,248,122,119,0,1,2,météo très défavorable
2017-12-03,9,5,17,5,9,6,0,97,6,1034,44.125,9,7,2,113,119,143,0,3,2,météo très défavorable
2017-12-04,8,4,10,4,7,5,0,99,1,1037,79.125,8,7,3,248,143,143,0,2,3.9,météo très défavorable
2017-12-05,8,3,16,2,8,6,0,96,6,1037,54.25,9,7,0,143,119,116,0,2,2,météo très défavorable
2017-12-06,13,10,30,8,11,12,0,93,9,1028,78.25,13,12,6,119,122,122,0,2,2,météo défavorable
2017-12-07,13,3,28,5,7,3,0.1,85,10,1018,58,13,12,-2,113,116,119,0.1,2,5.8,météo correcte
2017-12-08,4,0,24,1,4,2,0,89,10,1026,26.25,4,0,-4,113,113,116,0,2,5.8,météo très défavorable
2017-12-09,4,0,19,-1,4,2,0,81,10,1025,60.375,4,0,-2,116,122,122,0,2,2,météo très défavorable
2017-12-10,4,-4,23,3,2,-1,9.2,97,7.25,992,84.75,5,4,-9,248,122,119,0.1,1,2,météo très défavorable
2017-12-11,5,1,27,-2,5,2,0,92,10,1004,8.25,5,1,-4,113,113,113,0,2,5.8,météo très défavorable
2017-12-12,6,2,21,1,5,6,0,94,10,1007,65.25,6,5,-1,113,122,116,0,2,2,météo très défavorable
2017-12-13,7,2,29,6,6,2,0.3,91,8.75,1003,79.375,7,5,-3,122,116,116,0,1,3.9,météo très défavorable
2017-12-14,5,2,33,2,5,3,0,86,9.875,995,61.25,5,2,-3,119,116,119,0,1,3.9,météo très défavorable
2017-12-15,6,1,29,4,6,2,0,92,10,1018,11.125,6,2,-3,113,113,113,0,2,5.8,météo très défavorable
2017-12-16,7,4,18,0,7,5,0,96,8,1024,49.75,7,5,0,113,119,143,0,2,2,météo très défavorable
2017-12-17,11,5,18,8,10,8,0,96,6,1024,80.375,11,10,4,122,122,143,0,2,2,météo très défavorable
2017-12-18,8,3,10,4,7,6,0,95,9,1031,35.75,8,6,2,113,113,119,0,3,5.8,météo très défavorable
2017-12-19,12,10,14,10,12,10,0,97,5,1032,79.875,12,11,8,248,116,119,0,3,5.8,météo défavorable
2017-12-20,12,11,10,11,11,11,0.8,99,4.875,1034,98.75,12,11,10,248,248,248,0,3,1.9,météo défavorable
2017-12-21,12,9,19,11,11,9,0.5,97,7,1034,92.5,12,11,7,122,122,143,0,3,1.9,météo défavorable
2017-12-22,12,9,14,11,12,9,0,98,4,1038,91.25,12,11,8,248,122,143,0,3,1.9,météo défavorable
2017-12-23,11,6,15,6,8,8,0,97,6,1037,56.5,11,10,4,143,119,116,0,2,2,météo défavorable
2017-12-24,11,10,28,10,11,10,0.1,90,10,1027,72.25,11,9,6,122,116,122,0,3,3.9,météo défavorable
2017-12-25,10,2,18,8,6,3,3.5,95,8.5,1007,70.375,10,9,-2,143,122,113,0,2,3.9,météo très défavorable
2017-12-26,4,1,28,1,4,2,0,91,10,998,62.75,4,1,-4,116,122,119,0,2,2,météo très défavorable
2017-12-27,4,-1,23,1,4,0,0,91,10,1005,7.75,4,0,-5,113,113,116,0,2,5.8,météo très défavorable
2017-12-28,3,1,10,-1,3,2,0.5,97,8.875,1005,73.25,3,2,-1,122,116,122,0,2,3.9,météo très défavorable
2017-12-29,6,3,32,4,6,3,2,93,9.875,997,63.5,6,5,-1,122,113,122,0,1,5.8,météo très défavorable
2017-12-30,10,7,27,8,8,7,0.1,95,10,996,68.625,10,8,3,116,113,122,0,2,5.8,météo défavorable
2017-12-31,10,3,23,5,7,3,0,88,9.875,994,53.125,10,8,-1,116,200,113,0,2,2,météo très défavorable
2018-01-01,7,3,31,2,7,4,0,93,10,1010,13.625,7,4,-1,113,113,113,0,2,5.8,météo très défavorable
2018-01-02,11,7,42,8,9,11,0.9,93,9.875,1010,79.75,11,8,2,122,122,122,0,3,2,météo défavorable
2018-01-03,8,5,38,5,8,5,0.1,82,9.75,1001,60.375,8,3,2,119,119,116,0,2,3.9,météo très défavorable
2018-01-04,11,5,48,11,7,5,1.7,89,9.875,996,80.625,11,9,2,122,116,122,0,2,5.8,météo très défavorable
2018-01-05,6,1,15,2,5,2,1.2,95,8.875,995,57.5,6,4,-2,122,113,113,0,1,5.8,météo très défavorable
2018-01-06,5,0,26,0,5,1,0,94,10,1025,38.25,5,2,-5,113,119,113,0,1,3.9,météo très défavorable
2018-01-07,4,-2,17,-2,4,-1,0,95,6,1030,9.375,4,0,-6,143,113,113,0,1,5.8,météo très défavorable
2018-01-08,5,-1,21,-2,4,3,0,94,10,1026,55.125,5,3,-5,113,119,122,0,2,2,météo très défavorable
2018-01-09,8,3,35,7,8,5,1.8,96,7.875,1007,82.5,8,7,0,122,122,143,0,2,2,météo très défavorable
2018-01-10,7,1,14,1,7,5,0,96,7,1007,50.875,7,6,-1,113,122,143,0,1,2,météo très défavorable
2018-01-11,6,1,10,2,5,2,0,96,7,1023,29,6,5,-2,143,113,113,0,1,5.8,météo très défavorable
2018-01-12,8,7,39,5,8,8,0,90,8.75,1023,83.625,8,7,2,116,122,122,0,2,2,météo très défavorable
2018-01-13,9,4,14,9,9,5,2.7,96,6.875,1012,63.125,9,8,2,122,116,143,0,2,5.8,météo très défavorable
2018-01-14,10,3,31,2,8,7,0,96,6,1015,52.5,10,9,0,143,122,122,0,2,3.9,météo très défavorable
2018-01-15,10,6,33,9,7,6,1.1,89,8,1001,91.375,10,9,1,122,119,122,0,2,2,météo défavorable
2018-01-16,4,1,35,3,3,1,0,87,9.875,997,78,4,2,-5,116,122,200,0,2,2,météo très défavorable
2018-01-17,10,2,42,2,5,5,0.5,95,9,1010,68.625,10,8,-2,122,116,122,0,2,3.9,météo très défavorable
2018-01-18,8,1,28,3,5,2,0,89,10,1008,55.375,8,5,-3,116,113,116,0,1,5.8,météo très défavorable
2018-01-19,5,2,24,0,5,2,0,95,9,1010,64.375,5,1,-2,122,119,119,0,2,2.1,météo très défavorable
2018-01-20,9,4,40,4,9,6,0.3,98,5.75,1009,90.75,9,6,3,248,119,122,0,2,2.1,météo très défavorable
2018-01-21,12,7,31,11,12,8,2,95,6.625,1010,87.25,12,11,4,122,122,116,0,2,2.1,météo défavorable
2018-01-22,9,4,19,6,9,6,0,95,10,1015,62.125,9,7,1,116,122,116,0,2,3.9,météo très défavorable
2018-01-23,11,7,32,11,11,7,1.9,92,9.875,1009,71.375,11,11,4,122,116,116,0,3,8.7,météo défavorable
2018-01-24,11,4,31,6,8,4,0,86,10,999,47.875,11,9,0,122,116,113,0,2,8.7,météo très défavorable
2018-01-25,8,4,26,3,8,5,0,89,10,1009,28.375,8,4,0,113,113,116,0,2,8.7,météo très défavorable
2018-01-26,7,2,19,2,7,5,0,96,8,1024,51.25,7,5,-1,143,113,119,0,2,5.1,météo très défavorable
2018-01-27,12,9,27,10,11,10,0.1,95,10,1026,96.5,12,11,6,122,122,119,0,2,3.3,météo défavorable
2018-01-28,12,10,26,12,11,10,0,93,10,1030,84.125,12,11,7,122,119,119,0,3,3.3,météo défavorable
2018-01-29,11,2,21,9,7,3,0.1,92,10,1032,53.375,11,8,0,122,116,113,0,2,8.7,météo très défavorable
2018-01-30,7,1,21,1,6,5,0,93,10,1033,56.75,7,5,-2,113,119,122,0,2,3.4,météo très défavorable
2018-01-31,7,2,37,3,5,2,0.5,84,9,1011,70,7,6,-3,122,116,116,0,1,6.9,météo très défavorable
2018-02-01,6,2,31,3,6,3,0,88,10,1019,19.25,6,1,-3,113,113,113,0,2,8.7,météo très défavorable
2018-02-02,6,1,12,1,6,4,0.2,96,9,1020,39.375,6,4,-3,113,113,122,0,2,5.2,météo très défavorable
2018-02-03,6,2,28,3,6,3,0,90,10,1018,48,6,4,-3,116,116,113,0,1,8.7,météo très défavorable
2018-02-04,6,0,14,0,5,3,0.1,95,7,1032,34,6,3,-3,143,116,119,0,2,5.2,météo très défavorable
2018-02-05,5,-1,8,-2,4,2,0,88,10,1032,33.75,5,0,-3,113,113,122,0,2,6.9,météo très défavorable
2018-02-06,3,-2,26,0,3,0,0,89,10,1027,47.25,3,1,-6,116,113,113,0,1,8.7,météo très défavorable
2018-02-07,5,0,16,-2,3,4,0.4,96,9,1027,71,5,4,-3,116,122,122,0,2,3.5,météo très défavorable
2018-02-08,8,3,15,7,8,3,0,99,6.25,1016,78.5,8,7,-1,248,122,116,0,2,7,météo très défavorable
2018-02-09,5,0,22,-1,5,1,0,92,10,1018,54,5,0,-5,116,113,116,0,1,9.7,météo très défavorable
2018-02-10,10,5,41,8,10,9,0.2,96,9,1014,91.25,10,9,0,122,122,122,0,2,4.9,météo très défavorable
2018-02-11,3,-1,30,1,3,-1,0,89,10,1015,47,3,0,-6,122,116,116,0,2,9.8,météo très défavorable
2018-02-12,5,-1,35,-3,4,3,0,86,9,1016,49,5,3,-5,116,113,119,0,1,9.8,météo très défavorable
2018-02-13,5,0,20,1,4,1,1.1,86,9,1004,40,5,4,-5,113,116,113,0.9,1,9.9,météo très défavorable
2018-02-14,10,4,26,6,10,4,0.5,96,9,999,80.25,10,8,1,122,122,116,0,2,6.6,météo très défavorable
2018-02-15,5,0,31,0,5,1,0,87,10,1016,44.375,5,2,-4,116,116,116,0,1,10,météo très défavorable
2018-02-16,8,3,31,1,8,5,0.9,96,9.875,1019,54.125,8,4,0,116,122,122,0,2,6.7,météo très défavorable
2018-02-17,9,2,14,0,8,5,0,95,6,1019,49.5,9,5,0,143,122,119,0,1,8.3,météo très défavorable
2018-02-18,11,6,15,5,9,10,0.3,98,2.25,1019,94,11,10,4,143,143,122,0,2,5,météo défavorable
2018-02-19,11,5,18,6,11,9,0,97,5,1023,88,11,9,2,248,122,122,0,2,5.1,météo très défavorable
2018-02-20,9,2,17,2,8,4,0,90,9,1031,9.75,9,3,0,113,113,113,0,2,10.2,météo très défavorable
2018-02-21,8,2,11,0,7,4,0,96,9,1031,19,8,3,-1,113,113,116,0,2,10,météo très défavorable
2018-02-22,7,1,19,4,7,4,0.1,94,9,1025,70.625,7,3,-3,116,122,119,0,1,6.7,météo très défavorable
2018-02-23,5,4,30,3,5,4,0.1,79,10,1019,89.625,5,2,-1,122,122,122,0,1,5.1,météo très défavorable
2018-02-24,5,-2,25,4,5,2,0.1,91,10,1021,85.5,5,0,-6,122,122,116,0,1,5.4,météo très défavorable
2018-02-25,6,-1,26,0,6,1,0,91,10,1026,16.5,6,0,-5,116,113,113,0,2,10.8,météo très défavorable
2018-02-26,3,-2,24,-1,3,0,0,76,10,1031,10.875,3,0,-6,113,116,116,0,2,10.8,météo très défavorable
2018-02-27,4,-4,28,-5,3,0,0.1,88,8.75,1032,36.625,4,0,-8,113,119,113,0,2,8.5,météo très défavorable
2018-02-28,0,-4,29,-4,0,-4,0.4,75,7.375,1022,64.875,0,0,-11,143,119,116,0.1,1,10.1,météo très défavorable
2018-03-01,-1,-5,35,-7,-2,-2,0.7,89,7.75,1014,75.5,0,0,-12,116,122,122,0,2,5.5,météo très défavorable
2018-03-02,0,-1,32,-1,-1,-1,0.8,96,8.75,993,100,0,0,-8,122,122,122,0,1,5.5,météo très défavorable
2018-03-03,1,0,30,-1,1,1,0.3,100,9,990,100,1,1,-6,122,122,122,0.3,1,5.5,météo très défavorable
2018-03-04,5,1,26,1,2,4,0,100,10,987,100,5,5,-4,122,122,122,0,1,5.5,météo très défavorable
2018-03-05,5,1,8,1,4,2,0.5,98,5.375,985,96.375,5,3,0,248,122,143,0,1,5.5,météo très défavorable
2018-03-06,7,2,13,2,6,4,0.5,97,5.625,989,80.75,7,4,-2,248,122,122,0,1,7.1,météo très défavorable
2018-03-07,7,1,20,-1,7,3,0,93,10,993,28.375,7,2,-2,113,113,122,0,2,10.1,météo très défavorable
2018-03-08,9,1,22,-1,8,4,0,94,7,1000,31.625,9,4,-1,116,113,116,0,1,11.2,météo très défavorable
2018-03-09,6,3,24,1,6,4,0,95,10,1002,87.25,6,4,-1,122,122,122,0,2,5.6,météo très défavorable
2018-03-10,11,5,28,8,10,8,0.6,97,6.625,990,74.75,11,10,2,248,122,113,0,2,8.7,météo très défavorable
2018-03-11,11,6,16,6,10,8,0.9,97,5.625,990,94.625,11,7,4,248,122,200,0,2,5.9,météo défavorable
2018-03-12,10,3,26,5,10,6,1.7,95,5.25,1003,75.25,10,8,0,248,122,113,0,2,7.3,météo très défavorable
2018-03-13,9,4,35,0,9,7,0,90,9,1007,55.5,9,6,1,116,122,122,0,1,7.3,météo très défavorable
2018-03-14,9,8,55,9,9,8,11.9,94,7.25,996,100,9,8,4,122,122,122,0,2,5.9,météo défavorable
2018-03-15,10,6,32,6,10,7,0.5,96,9.25,986,85.5,10,7,4,119,122,200,0,2,7.4,météo défavorable
2018-03-16,9,4,27,3,9,7,0,96,7,1000,49,9,6,1,143,116,116,0,2,10.2,météo très défavorable
2018-03-17,5,-2,30,4,5,1,0,88,9,1014,69.75,5,4,-8,122,122,119,0,2,6,météo très défavorable
2018-03-18,1,-1,33,-1,1,0,0.6,83,7.5,1017,84.75,1,0,-7,122,122,122,0,2,6,météo très défavorable
2018-03-19,4,-1,25,-3,3,2,0,92,9,1028,66.875,4,0,-5,143,122,113,0,1,7.4,météo très défavorable
2018-03-20,7,0,6,-3,6,3,0,83,10,1036,18.875,7,0,-1,113,113,113,0,2,11.6,météo très défavorable
2018-03-21,8,3,17,-1,8,7,0,95,9,1036,69.875,8,5,0,122,122,122,0,2,6.1,météo très défavorable
2018-03-22,9,7,30,3,7,8,1.8,98,6.875,1026,74.625,9,8,3,116,122,122,0,2,6.1,météo défavorable
2018-03-23,7,4,19,4,7,5,0,95,9,997,75.125,8,6,1,116,122,119,0,3,7.5,météo très défavorable
2018-03-24,10,3,13,1,8,6,0.2,92,7,1008,37.5,10,4,0,143,113,113,0,1,11.6,météo très défavorable
2018-03-25,10,3,14,0,10,7,0.2,91,9.875,1017,25.625,10,4,0,113,116,113,0,2,11.6,météo très défavorable
2018-03-26,9,6,19,2,9,8,0.2,98,7.75,1018,61.625,9,8,4,116,122,248,0,3,7.5,météo défavorable
2018-03-27,10,3,28,7,8,6,0.1,93,10,1009,81.875,10,10,0,119,122,116,0,2,7.5,météo très défavorable
2018-03-28,8,2,23,2,7,5,0,93,8,1008,55.875,8,2,-1,119,113,122,0,1,10.3,météo très défavorable
2018-03-29,7,1,14,1,7,5,1.1,93,6.875,999,60.75,8,3,-1,143,122,116,0,2,9,météo très défavorable
2018-03-30,7,1,19,-1,6,5,0.5,94,8,1001,74.25,7,4,-2,143,122,119,0,1,6.5,météo très défavorable
2018-03-31,8,1,17,1,8,6,0.4,91,7.625,1011,50.5,8,3,-1,122,119,113,0,1,9,météo très défavorable
2018-04-01,6,3,30,-1,6,3,1.2,94,8.875,1012,71.125,6,2,-3,143,122,122,0,2,6.5,météo très défavorable
2018-04-02,10,6,12,4,7,9,0.6,98,4.5,998,100,10,9,4,122,248,143,0,2,6.5,météo défavorable
2018-04-03,11,4,27,8,10,8,0.3,96,5.5,988,65.875,11,8,2,248,113,116,0,2,9.1,météo très défavorable
2018-04-04,7,1,30,4,6,5,2.9,93,8.5,1007,71.5,7,4,-3,122,122,113,0,1,8,météo très défavorable
2018-04-05,8,5,39,-2,8,7,0,94,10,1012,61.75,9,7,1,113,122,122,0,2,6.8,météo très défavorable
2018-04-06,11,6,37,7,9,10,1,97,9.875,1003,79.5,11,8,2,122,122,116,0,2,9.2,météo défavorable
2018-04-07,12,6,14,5,12,10,0,96,5.5,1007,54,12,9,4,143,116,116,0,2,11.6,météo défavorable
2018-04-08,12,6,17,5,12,10,0,96,5.25,1010,71.75,12,9,4,248,119,116,0,2,9.2,météo défavorable
2018-04-09,11,6,26,5,11,8,0.1,96,6.25,1011,78.625,11,8,3,248,119,119,0,2,8,météo défavorable
2018-04-10,10,5,23,7,10,7,0.3,97,6.75,1009,97,10,9,3,122,122,122,0,2,6.9,météo très défavorable
2018-04-11,12,7,13,4,11,10,0,92,6.25,1010,91.25,12,9,5,248,122,122,0,2,8.1,météo défavorable
2018-04-12,11,6,11,6,10,10,0,94,5.75,1006,88.125,11,8,5,248,122,116,0,2,8.1,météo défavorable
2018-04-13,13,6,13,4,12,10,0.2,96,5.75,1010,66.75,13,9,4,248,122,116,0,2,8.1,météo défavorable
2018-04-14,11,9,30,8,10,10,0.1,92,6.25,1011,86.875,11,9,5,248,122,116,0,2,8.1,météo défavorable
2018-04-15,11,9,30,9,11,10,0.8,95,9.875,1005,96.125,11,10,6,122,119,122,0,2,7,météo défavorable
2018-04-16,10,9,45,4,10,9,0,94,10,1004,75.75,10,9,4,116,122,122,0,2,7,météo défavorable
2018-04-17,12,10,33,10,12,11,0,95,10,1012,93,12,10,7,119,122,122,0,3,7,météo défavorable
2018-04-18,16,11,42,10,16,13,0,95,10,1017,72.25,16,12,9,122,113,122,0,3,9.3,météo défavorable
2018-04-19,16,9,15,11,15,14,0.1,91,7,1025,67,16,11,7,143,119,113,0,3,9.3,météo défavorable
2018-04-20,14,8,10,5,14,14,0,89,10,1026,25.25,15,10,8,113,113,119,0,3,10.5,météo correcte
2018-04-21,16,7,17,5,15,13,0,83,10,1024,16.25,16,9,5,113,113,116,0,3,11.6,météo correcte
2018-04-22,12,7,29,8,12,10,2.4,95,8.625,1013,69.625,12,8,4,248,119,116,0,2,9.4,météo défavorable
2018-04-23,14,6,28,6,12,10,0.1,94,7,1014,62.875,14,12,4,116,122,122,0,2,8.3,météo correcte
2018-04-24,11,5,20,7,9,9,0,97,6.75,1015,78.25,11,8,2,248,122,116,0,2,8.3,météo très défavorable
2018-04-25,10,5,36,5,10,8,0,87,10,1014,25.125,10,6,1,116,116,113,0,3,11.6,météo très défavorable
2018-04-26,10,6,24,4,10,9,0.6,89,9,1015,45.5,11,6,6,113,116,119,0,3,10.5,météo défavorable
2018-04-27,9,4,18,4,9,9,1.3,93,6.75,1012,84.25,9,7,2,248,122,116,0,2,8.3,météo très défavorable
2018-04-28,11,5,8,3,10,9,0.2,87,8.875,1014,45.25,11,6,4,143,113,116,0,3,11.6,météo très défavorable
2018-04-29,12,4,13,2,11,9,0,89,10,1017,18.625,12,6,2,113,116,113,0,3,11.6,météo très défavorable
2018-04-30,12,4,12,2,11,10,1,91,9.875,1017,10,12,7,2,113,113,113,0,3,11.6,météo très défavorable
2018-05-01,10,8,30,5,9,10,0.2,98,6.75,1010,96.375,10,9,4,122,122,248,0,2,9.1,météo défavorable
2018-05-02,11,4,31,4,11,9,0.2,92,9,1014,47.125,11,7,1,143,113,116,0,2,15.4,météo très défavorable
2018-05-03,12,9,21,6,10,12,0,97,8.75,1018,95.75,12,11,6,122,122,122,0,2,11.6,météo défavorable
2018-05-04,16,12,12,9,15,16,0.2,96,4.5,1023,80.125,16,14,11,143,122,119,0,3,12.6,météo défavorable
2018-05-05,17,11,15,8,16,17,0.2,94,6.5,1025,67.5,17,14,11,248,122,116,0,3,13.6,météo défavorable
2018-05-06,17,13,16,9,17,16,0,95,6,1025,50.5,17,14,12,143,122,119,0,3,13.6,météo correcte
2018-05-07,16,12,14,9,16,15,0,94,7,1020,67,16,13,10,143,119,119,0,3,14.5,météo défavorable
2018-05-08,13,6,26,11,13,11,0.2,92,10,1012,51.875,13,11,4,122,116,113,0,3,15.6,météo correcte
2018-05-09,10,5,26,8,10,9,2.4,95,8.875,1010,59.75,10,9,2,122,122,113,0,3,14.6,météo très défavorable
2018-05-10,11,6,20,4,11,10,0.2,90,9.875,1016,26,11,7,3,113,116,113,0,3,15.7,météo défavorable
2018-05-11,11,5,40,8,11,10,0.9,95,9.875,1010,57.125,11,8,3,122,116,113,0,2,15.5,météo très défavorable
2018-05-12,12,5,14,5,12,10,2.5,91,9.625,1014,24.25,12,8,4,116,116,113,0,3,15.8,météo très défavorable
2018-05-13,13,7,17,5,12,12,0.4,95,8,1018,33.875,13,9,5,143,119,116,0,3,15.5,météo correcte
2018-05-14,16,11,7,10,15,15,0.7,95,5.5,1023,79.25,16,14,11,248,122,116,0,3,13.7,météo défavorable
2018-05-15,16,7,23,11,16,11,0.5,94,5.5,1028,85.75,16,14,4,143,122,122,0,3,12.8,météo défavorable
2018-05-16,15,7,21,4,13,13,0,89,9,1031,13.5,15,10,5,113,113,113,0,3,15.9,météo correcte
2018-05-17,15,8,14,6,14,13,0.1,93,10,1030,51.125,15,11,6,116,119,116,0,3,14.7,météo correcte
2018-05-18,16,10,10,8,15,15,0.1,93,10,1026,50.25,16,13,9,116,116,116,0,3,16,météo correcte
2018-05-19,16,10,27,8,16,13,0,88,10,1024,23.5,16,11,8,113,113,116,0,4,16,météo correcte
2018-05-20,16,11,23,11,16,12,2.7,97,9.625,1019,78.5,16,13,9,122,119,122,0,3,12,météo défavorable
2018-05-21,13,8,15,10,13,10,1.4,96,5.375,1022,100,13,11,6,248,122,143,0,3,12,météo défavorable
2018-05-22,16,10,13,5,15,15,0,95,6,1023,45.375,16,12,8,143,116,116,0,3,16.1,météo correcte
2018-05-23,19,13,13,9,19,18,0.3,93,7.875,1025,30.25,19,16,12,116,119,116,0,3,16.1,météo correcte
2018-05-24,19,13,12,11,19,16,5.6,93,9.625,1024,27.25,19,16,13,113,116,116,0,4,16.1,météo favorable
2018-05-25,20,14,24,12,20,19,0,91,8,1023,29,20,16,13,143,113,113,0,4,16.1,météo favorable
2018-05-26,19,14,19,13,17,18,0,91,10,1023,72.125,19,16,13,122,122,116,0,5,13.9,météo défavorable
2018-05-27,18,13,19,12,18,16,0,94,10,1017,63.125,18,15,14,116,122,122,0,4,14.8,météo correcte
2018-05-28,22,16,5,13,21,20,1.4,93,7.875,1021,43.25,25,18,16,116,119,116,0,4,16.2,météo correcte
2018-05-29,23,15,16,14,23,20,0,93,7,1021,22.5,25,19,14,143,116,113,0,4,16.2,météo favorable
2018-05-30,20,15,9,12,19,19,0,96,6,1016,46.125,20,17,14,143,119,116,0,4,15.7,météo correcte
2018-05-31,20,15,10,13,19,18,0,97,5.75,1016,68.625,20,17,15,143,116,116,0,4,13.1,météo défavorable
2018-06-01,19,16,10,15,19,19,6.4,95,5.5,1018,92.5,19,17,16,248,122,119,0,4,12.2,météo défavorable
2018-06-02,18,12,14,14,17,16,0,95,5.5,1018,78.875,18,15,11,248,119,116,0,4,14,météo défavorable
2018-06-03,19,15,6,11,18,19,0.2,90,6.5,1020,84.75,20,16,15,143,122,119,0,3,14,météo défavorable
2018-06-04,20,15,10,14,19,20,0,89,8,1019,51,20,16,15,143,122,116,0,5,16.4,météo correcte
2018-06-05,19,14,13,13,19,18,0,95,7,1018,60.5,19,17,15,143,122,119,0,5,13.1,météo correcte
2018-06-06,21,15,9,12,20,20,0,92,9,1018,30.875,21,17,15,113,116,116,0,5,16.4,météo favorable
2018-06-07,21,15,14,11,20,20,0.2,90,9.875,1018,26.75,21,17,15,113,119,116,0,5,16.4,météo correcte
2018-06-08,21,15,9,13,20,19,0.7,93,9.875,1018,33.375,21,16,15,113,116,119,0,5,16.4,météo favorable
2018-06-09,21,15,7,13,20,20,2.5,92,9.625,1017,22.875,24,16,16,116,113,113,0,5,16.4,météo favorable
2018-06-10,18,13,15,12,17,17,0,95,5.25,1017,79.625,18,15,12,248,122,116,0,3,14,météo défavorable
2018-06-11,17,12,13,13,16,16,0.3,94,6.875,1019,61.875,17,14,11,143,119,116,0,3,14.9,météo correcte
2018-06-12,15,11,14,10,15,15,0.1,93,6.5,1022,84.25,15,12,11,143,122,119,0,3,13.2,météo défavorable
2018-06-13,16,14,33,10,16,14,0,95,8,1021,71.5,16,14,12,116,122,122,0,3,13.2,météo défavorable
2018-06-14,16,9,36,12,15,13,0.1,92,10,1015,58.75,16,15,7,119,116,113,0,3,15.7,météo correcte
2018-06-15,14,10,19,9,14,13,0.3,90,8,1016,65.875,14,10,8,116,119,122,0,3,14,météo défavorable
2018-06-16,15,11,29,12,14,13,0.1,89,9,1013,79.375,15,11,9,122,116,119,0,3,14,météo défavorable
2018-06-17,17,12,25,11,17,15,0.1,96,7.5,1015,88.25,17,15,10,122,122,119,0,3,13.2,météo défavorable
2018-06-18,17,12,20,11,17,15,0,93,8.75,1020,89.75,18,15,11,122,122,122,0,3,12.4,météo défavorable
2018-06-19,21,13,29,11,19,17,0.2,93,9,1021,80.625,21,17,12,122,122,122,0,3,12.4,météo défavorable
2018-06-20,16,9,22,14,13,13,0.1,90,10,1027,70.375,16,15,7,122,122,116,0,3,14.9,météo défavorable
2018-06-21,15,10,18,8,14,15,0.1,90,9,1034,34.625,15,11,8,113,122,119,0,4,15.7,météo correcte
2018-06-22,18,12,9,8,17,18,0,85,9,1035,9.375,18,13,12,113,113,113,0,4,16.5,météo favorable
2018-06-23,20,15,6,11,19,18,0.1,88,10,1032,38.5,20,16,16,113,119,122,0,4,15.7,météo correcte
2018-06-24,22,15,11,13,22,21,0,86,10,1027,6,25,17,14,113,113,113,0,5,16.5,météo favorable
2018-06-25,23,15,10,14,22,21,0,85,10,1027,48.75,25,16,15,122,119,113,0,5,14,météo correcte
2018-06-26,24,17,12,15,24,23,0,90,10,1026,16.25,26,19,17,116,113,113,0,5,16.5,météo idéale
2018-06-27,25,17,15,16,25,24,0,84,10,1025,9.75,27,19,17,113,113,113,0,5,16.5,météo idéale
2018-06-28,26,19,16,16,25,25,0,87,10,1026,5.875,27,20,19,113,113,113,0,6,16.5,météo idéale
2018-06-29,25,17,14,15,25,24,0,85,10,1025,3.125,26,19,17,113,113,113,0,5,16.5,météo idéale
2018-06-30,23,16,13,15,23,22,0,89,10,1019,7.5,25,17,16,113,113,113,0,5,16.5,météo favorable
2018-07-01,21,17,19,15,21,20,0.8,93,10,1019,50.75,24,18,17,116,122,116,0,5,15.7,météo correcte
2018-07-02,24,15,17,11,22,22,0,85,10,1020,38.625,25,19,14,119,113,113,0,4,16.4,météo favorable
2018-07-03,22,15,15,13,21,21,0,82,9,1020,2.125,24,15,15,113,113,113,0,5,16.4,météo favorable
2018-07-04,23,16,11,15,22,22,2.9,90,9.875,1016,41.25,25,19,16,119,116,116,0,5,16.4,météo favorable
2018-07-05,21,16,9,14,20,21,0.6,92,6.75,1020,70.5,24,17,16,143,119,119,0,4,12.3,météo défavorable
2018-07-06,21,17,11,15,21,20,0.1,93,7,1024,58.25,24,17,17,143,119,116,0,4,14.8,météo correcte
2018-07-07,22,17,8,15,21,22,0.1,91,10,1026,38.125,25,18,17,113,122,116,0,5,15.7,météo correcte
2018-07-08,21,16,12,15,21,21,0,93,8,1029,41.375,24,17,16,116,122,113,0,4,15.7,météo correcte
2018-07-09,21,16,14,15,21,20,0.2,95,5.75,1030,74.25,24,17,16,143,119,119,0,4,12.2,météo défavorable
2018-07-10,22,15,9,11,20,22,0,82,7.75,1028,36.75,25,17,15,113,113,122,0,4,16.3,météo favorable
2018-07-11,19,15,12,15,19,19,0.2,95,7,1024,46.375,19,16,15,143,116,116,0,5,14.8,météo favorable
2018-07-12,18,13,12,11,18,17,0,92,7,1024,59.5,18,14,13,143,119,119,0,3,13.9,météo correcte
2018-07-13,19,16,8,13,18,19,0.8,92,10,1024,62,19,16,16,116,122,122,0,5,13.1,météo correcte
2018-07-14,21,16,15,13,21,20,0,89,8,1022,65.125,21,17,16,113,119,122,0,4,13.9,météo défavorable
2018-07-15,18,16,19,15,17,18,0.9,97,8,1016,96.875,18,17,16,143,122,119,0,4,12.2,météo défavorable
2018-07-16,18,11,16,12,17,16,0.3,92,7.875,1015,40.125,18,13,10,113,119,119,0,3,15.6,météo correcte
2018-07-17,17,14,11,11,16,17,0.5,92,8,1016,50,17,14,14,119,116,116,0,3,16.2,météo correcte
2018-07-18,18,14,9,12,17,17,0.4,87,9,1020,72.75,18,13,13,119,119,122,0,3,13,météo défavorable
2018-07-19,18,13,12,11,18,18,0,89,10,1021,32.25,18,13,12,113,116,116,0,4,16.1,météo favorable
2018-07-20,18,14,14,12,18,17,0.2,96,8,1018,95.375,18,16,13,122,122,122,0,3,12.1,météo défavorable
2018-07-21,20,15,13,12,17,19,0,88,6.5,1018,88.375,20,15,14,143,122,119,0,4,12.9,météo défavorable
2018-07-22,22,18,10,16,21,21,0.6,97,6.75,1018,91.125,24,20,18,143,122,119,0,4,12,météo défavorable
2018-07-23,22,15,18,17,22,19,1.2,96,5.5,1017,83.375,25,18,14,248,122,122,0,4,12.9,météo défavorable
2018-07-24,18,14,10,12,17,18,0.4,86,6.875,1016,39.875,18,14,14,143,119,113,0,3,16,météo correcte
2018-07-25,21,14,20,11,20,19,0.1,94,9,1017,24.375,21,15,13,113,116,113,0,5,15.9,météo favorable
2018-07-26,21,17,31,16,20,19,1.4,95,8.75,1014,82.5,24,16,17,119,119,122,0,4,11.9,météo défavorable
2018-07-27,18,14,24,13,18,15,9.5,97,5.25,1008,78,18,15,14,143,116,122,0,4,14.7,météo défavorable
2018-07-28,16,11,32,9,15,15,3.3,92,9.75,1001,44.625,16,12,9,119,113,119,0,3,15.6,météo correcte
2018-07-29,17,12,18,12,16,16,2.1,96,8.875,1002,73.5,17,13,11,122,119,113,0,3,13.7,météo défavorable
2018-07-30,17,10,18,11,17,14,0.2,92,7.875,1009,27.875,17,12,9,143,116,113,0,4,15.8,météo correcte
2018-07-31,17,13,23,11,17,16,0.1,88,9,1015,61.625,17,13,11,122,122,122,0,4,12.8,météo correcte
2018-08-01,17,15,27,14,15,17,0,97,9,1016,88.5,17,16,15,122,122,122,0,4,11.8,météo défavorable
2018-08-02,22,18,21,16,21,20,0,96,5.25,1022,92.75,24,19,18,248,122,122,0,4,12.7,météo défavorable
2018-08-03,21,15,13,17,21,20,0.1,95,5.25,1025,69.75,21,17,15,248,119,113,0,4,13.6,météo défavorable
2018-08-04,19,15,9,13,17,17,0,89,6.25,1027,89.875,19,14,15,248,122,119,0,4,11.7,météo défavorable
2018-08-05,19,14,9,15,19,18,0.2,94,10,1026,72.5,19,16,14,119,122,119,0,4,12.6,météo défavorable
2018-08-06,20,15,12,13,19,18,0.3,95,6,1018,74.75,20,17,15,143,122,122,0,4,11.7,météo défavorable
2018-08-07,15,10,15,10,15,14,0,91,6.5,1012,76,15,11,9,248,122,119,0,3,10.5,météo défavorable
2018-08-08,16,9,22,10,16,14,0,91,6.75,1013,36.5,17,11,8,248,113,113,0,3,14.5,météo correcte
2018-08-09,15,10,17,8,15,14,0.1,93,8,1016,24,15,11,8,143,113,116,0,4,14.5,météo correcte
2018-08-10,17,10,17,9,16,16,0.1,87,7,1021,28.375,17,11,10,143,116,113,0,3,14.5,météo correcte
2018-08-11,19,15,18,12,18,17,0.4,97,8.75,1021,73.625,19,17,14,122,122,248,0,4,9.4,météo défavorable
2018-08-12,19,14,7,14,19,18,1.4,93,6.5,1008,52.25,19,15,14,143,116,116,0,4,14.5,météo favorable
2018-08-13,18,15,18,12,18,16,0.1,94,6.5,1014,79.75,18,15,15,248,119,122,0,3,9.3,météo défavorable
2018-08-14,20,16,20,15,18,19,0,87,7.75,1016,89.5,20,16,17,122,122,119,0,4,7.2,météo défavorable
2018-08-15,20,14,27,17,19,18,0.5,90,10,1015,81.75,20,17,13,122,122,116,0,4,9.4,météo défavorable
2018-08-16,17,11,28,9,16,15,0,95,10,1017,37.625,17,11,9,116,116,116,0,4,10.5,météo correcte
2018-08-17,17,13,26,11,16,16,1.2,95,7.875,1018,84.75,17,14,11,122,122,122,0,3,7.2,météo défavorable
2018-08-18,21,18,26,14,20,20,0.1,89,8.75,1018,90.625,24,18,18,248,119,122,0,4,7.2,météo défavorable
2018-08-19,19,17,19,16,18,19,0.2,96,10,1020,91.75,19,17,17,122,122,122,0,4,7.1,météo défavorable
2018-08-20,18,15,12,16,18,17,0.1,95,5.25,1020,89.375,18,17,14,248,122,122,0,4,7.1,météo défavorable
2018-08-21,21,16,15,13,20,20,0.1,91,6.25,1020,85.875,21,18,17,248,119,122,0,4,7.1,météo défavorable
2018-08-22,17,12,13,17,16,15,0.2,95,10,1017,86.375,17,16,12,122,122,122,0,4,7.1,météo défavorable
2018-08-23,15,9,30,9,14,13,0,94,8,1017,56.25,15,11,7,122,116,116,0,3,10.5,météo correcte
2018-08-24,14,8,31,9,14,12,0.3,92,9.875,1017,41.875,14,10,5,116,119,113,0,4,10.5,météo correcte
2018-08-25,15,11,11,6,15,14,0.1,80,7,1018,40.5,15,10,9,143,113,122,0,3,9.3,météo correcte
2018-08-26,16,12,28,14,16,13,7.4,97,9.5,1011,94.25,16,15,10,122,122,119,0,3,7,météo défavorable
2018-08-27,16,10,26,12,15,15,0,93,10,1017,67.375,16,12,10,119,122,116,0,3,9.3,météo défavorable
2018-08-28,16,12,17,8,15,15,0,91,8,1017,63.625,16,13,12,143,122,119,0,4,7,météo correcte
2018-08-29,16,9,17,7,15,14,0.1,93,8,1024,24.625,16,11,7,113,116,113,0,3,11.6,météo correcte
2018-08-30,16,9,12,7,15,14,0.1,93,10,1024,24.625,16,11,8,116,116,116,0,4,11.6,météo correcte
2018-08-31,17,14,21,11,17,15,0.1,98,6.75,1022,73.375,17,15,12,116,122,122,0,3,6.9,météo défavorable
2018-09-01,19,16,9,13,19,18,0,97,5,1022,93.25,19,17,16,248,122,122,0,4,8.1,météo défavorable
2018-09-02,19,14,16,14,19,17,1.2,97,4.375,1022,86.875,20,17,13,248,122,143,0,4,8,météo défavorable
2018-09-03,15,9,20,6,15,14,0,91,7,1027,41.5,16,11,8,143,116,119,0,3,10.4,météo correcte
2018-09-04,15,8,15,5,15,13,0,92,9,1027,14.625,15,11,7,143,113,116,0,4,11.6,météo correcte
2018-09-05,15,13,12,7,15,15,0,98,7.75,1027,54,16,14,12,113,122,143,0,4,8,météo correcte
2018-09-06,14,10,19,13,14,12,0.3,96,6.75,1022,85.75,14,13,8,122,122,116,0,3,6.8,météo défavorable
2018-09-07,16,10,15,6,14,14,0.2,95,5.875,1019,57.125,16,12,10,143,122,119,0,3,8,météo correcte
2018-09-08,16,14,24,13,16,14,0,95,8.75,1015,87.625,16,14,13,248,119,122,0,3,6.7,météo défavorable
2018-09-09,15,9,25,11,15,12,0.1,92,8.75,1019,67.5,15,12,7,248,122,116,0,3,10.4,météo défavorable
2018-09-10,16,12,20,9,13,15,0,97,7,1019,78.75,16,16,10,143,122,122,0,3,7.8,météo défavorable
2018-09-11,16,10,19,10,16,11,0,97,8,1022,71.75,16,13,9,143,116,122,0,3,7.8,météo défavorable
2018-09-12,15,8,15,7,15,12,0.1,94,6.5,1025,53.875,15,10,6,143,122,113,0,3,8.9,météo correcte
2018-09-13,15,10,20,6,15,12,0,95,7,1024,39.5,15,11,8,143,116,122,0,4,10.3,météo correcte
2018-09-14,15,9,23,11,15,12,0.5,96,8.375,1021,52.125,15,11,7,122,116,113,0,4,10.3,météo correcte
2018-09-15,16,14,29,9,15,14,0.1,92,6.25,1021,92.125,16,13,12,248,122,122,0,3,6.2,météo défavorable
2018-09-16,16,10,15,13,15,14,1.5,91,9.875,1015,83.375,16,15,10,122,122,119,0,3,6.2,météo défavorable
2018-09-17,17,15,33,10,17,16,0,97,7,1013,78.625,17,15,16,143,122,122,0,3,6.2,météo défavorable
2018-09-18,17,12,30,12,17,14,0.5,90,8.75,1004,61.625,17,15,10,122,116,113,0,3,8.9,météo correcte
2018-09-19,14,8,41,14,13,10,0.6,83,10,1010,56.875,14,13,5,122,119,116,0,4,8.9,météo correcte
2018-09-20,9,6,23,7,9,7,2.7,97,6.625,1010,69.5,9,8,2,143,248,122,0,3,6.1,météo défavorable
2018-09-21,13,7,33,6,13,10,0,96,9,1017,37.25,13,8,5,122,113,116,0,3,11.6,météo correcte
2018-09-22,11,6,15,7,9,9,0,97,5,1018,78.25,11,8,5,143,122,116,0,2,8.8,météo défavorable
2018-09-23,12,5,24,5,11,8,0.1,90,8,1036,31.875,12,6,2,113,113,113,0,2,11.6,météo très défavorable
2018-09-24,13,5,9,3,12,9,0,92,10,1040,15.625,13,6,3,116,113,113,0,3,11.6,météo correcte
2018-09-25,15,11,27,7,14,12,0,92,10,1037,52.125,15,11,8,119,122,116,0,3,10.2,météo correcte
2018-09-26,20,12,11,12,17,16,0,95,9,1031,66.125,20,17,11,122,116,143,0,3,10.2,météo défavorable
2018-09-27,16,11,15,7,16,13,0,93,10,1029,37.25,16,13,9,113,113,122,0,4,8.8,météo correcte
2018-09-28,13,6,14,4,12,9,0,90,8,1035,10.375,13,8,5,143,113,113,0,3,11.6,météo correcte
2018-09-29,14,8,13,4,13,10,0,88,10,1033,23.625,14,9,6,113,116,119,0,3,10.2,météo correcte
2018-09-30,12,5,25,9,12,8,0,93,8,1029,61.875,12,9,2,122,122,113,0,2,10.2,météo très défavorable
2018-10-01,13,8,21,4,11,11,0,92,9,1031,57,13,10,6,113,122,119,0,3,7.3,météo correcte
2018-10-02,15,12,25,14,15,13,0.1,95,10,1026,93.5,15,14,11,122,119,122,0,3,5.9,météo défavorable
2018-10-03,16,13,13,12,15,14,0,97,9,1028,89.25,16,14,12,122,122,122,0,3,5.8,météo défavorable
2018-10-04,15,13,13,12,14,13,3,98,3.625,1024,100,15,14,12,248,122,248,0,3,5.8,météo défavorable
2018-10-05,11,7,15,8,10,9,1.1,91,7.875,1017,89.75,11,10,5,143,119,122,0,2,5.8,météo défavorable
2018-10-06,11,4,19,5,10,7,0,92,10,1024,34.5,11,5,3,119,113,113,0,2,11.2,météo très défavorable
2018-10-07,13,9,26,4,13,12,0,89,10,1024,66.5,13,10,6,119,122,122,0,3,5.6,météo défavorable
2018-10-08,14,12,28,11,14,12,0,85,10,1017,88,14,11,10,119,122,119,0,3,5.5,météo défavorable
2018-10-09,15,12,27,13,15,12,0,94,10,1012,84.5,15,12,10,122,119,119,0,3,5.5,météo défavorable
2018-10-10,17,15,35,12,17,15,0.2,90,9,1011,50.125,18,13,13,116,113,116,0,3,10.1,météo correcte
2018-10-11,14,9,26,13,13,9,2.5,93,9.875,998,63.875,14,12,7,122,116,122,0,3,10.1,météo correcte
2018-10-12,14,11,39,11,12,12,3.1,96,9.75,998,84.375,14,12,9,116,122,122,0,3,5.5,météo défavorable
2018-10-13,12,8,20,11,11,9,1.3,97,4.5,1004,93.5,12,11,6,248,122,122,0,3,5.4,météo défavorable
2018-10-14,11,5,6,4,11,7,0,86,9,1011,13.75,11,6,5,113,113,113,0,2,10.8,météo très défavorable
2018-10-15,13,6,9,4,12,8,0,94,10,1015,26.625,13,7,4,113,119,113,0,3,10.1,météo correcte
2018-10-16,15,8,18,7,13,10,0.2,95,5.875,1013,39.375,15,12,6,143,122,113,0,2,8.5,météo correcte
2018-10-17,12,6,17,7,12,8,0,91,8,1028,35.5,12,8,4,116,116,119,0,2,10,météo défavorable
2018-10-18,12,6,10,2,11,7,0,94,10,1030,11.625,12,7,4,113,113,116,0,3,10.3,météo défavorable
2018-10-19,14,9,12,7,14,10,0,95,6,1027,57.75,14,11,7,143,122,116,0,2,8.4,météo correcte
2018-10-20,16,12,13,9,16,13,0,97,5.75,1029,72.75,16,14,10,143,119,143,0,3,6.7,météo défavorable
2018-10-21,13,6,20,12,12,8,0,97,6,1036,64,13,12,3,143,116,113,0,3,10,météo correcte
2018-10-22,11,6,14,4,11,7,0,97,8,1042,14.625,11,7,3,113,113,143,0,3,10.1,météo défavorable
2018-10-23,13,8,21,8,13,8,0,98,9,1040,50,13,10,5,122,113,143,0,2,10.1,météo correcte
2018-10-24,11,8,14,7,10,8,0,91,9,1035,39.75,11,9,6,116,113,113,0,2,10,météo défavorable
2018-10-25,11,8,17,8,11,9,0,91,10,1030,84.25,11,8,6,122,122,122,0,3,5,météo défavorable
2018-10-26,9,4,26,4,8,5,0,82,10,1023,25.75,9,8,0,113,113,113,0,2,10,météo très défavorable
2018-10-27,6,1,30,3,6,2,0,82,10,1026,22.25,6,1,-4,116,113,113,0,2,9.9,météo très défavorable
2018-10-28,8,1,14,0,8,2,0,91,10,1027,10.125,8,3,-1,113,113,116,0,2,9.9,météo très défavorable
2018-10-29,8,4,23,2,8,5,0,83,10,1019,71.375,8,2,1,122,116,122,0,2,8.3,météo très défavorable
2018-10-30,9,4,12,3,9,6,3.2,98,8.625,1001,82,9,5,2,119,119,143,0,2,6.6,météo très défavorable
2018-10-31,9,4,13,3,9,6,0.7,94,5.75,1003,68.125,9,7,1,119,122,143,0,2,6.6,météo très défavorable
2018-11-01,8,2,13,1,8,3,0,91,10,1016,13.875,8,4,0,113,113,113,0,2,9.8,météo très défavorable
2018-11-02,11,3,32,1,9,9,0,95,10,1023,54.875,11,10,1,113,122,122,0,3,6.5,météo très défavorable
2018-11-03,14,11,30,13,14,11,1.4,94,9.875,1015,95.625,14,13,8,122,122,122,0,3,3.5,météo défavorable
2018-11-04,11,8,12,7,11,9,2.3,98,6.625,1004,60.125,11,9,6,143,119,248,0,3,5.2,météo défavorable
2018-11-05,10,8,9,8,9,9,5.6,98,4.625,1001,100,10,9,8,122,143,248,0,2,3.5,météo défavorable
2018-11-06,12,8,33,9,11,9,0.3,96,6.375,994,65.75,12,10,6,119,122,113,0,2,5.2,météo défavorable
2018-11-07,8,3,23,6,8,4,0,96,7,1000,43.25,8,7,0,143,122,113,0,2,5.2,météo très défavorable
2018-11-08,10,6,18,4,10,7,0.3,96,7,1003,31.75,10,8,4,113,116,143,0,2,8.7,météo défavorable
2018-11-09,12,7,46,7,10,8,9.9,94,8.375,1001,61.375,12,11,4,122,122,116,0,2,3.4,météo défavorable
2018-11-10,10,5,13,5,10,5,0,95,8,987,61.375,10,7,3,143,116,116,0,3,8.7,météo très défavorable
2018-11-11,10,5,23,4,10,7,0,93,6.875,993,47.875,10,7,2,143,122,116,0,2,6.9,météo très défavorable
2018-11-12,10,6,25,7,10,7,0,94,10,1004,63.25,10,7,3,122,122,116,0,3,5.1,météo défavorable
2018-11-13,11,6,32,5,11,10,0,95,9,1016,60.625,11,10,3,116,119,122,0,3,5.1,météo défavorable
2018-11-14,14,12,31,13,13,12,0.3,95,9,1010,100,14,13,10,122,122,122,0,3,3.3,météo défavorable
2018-11-15,13,7,27,11,13,8,0.9,97,7.875,1016,68.75,13,11,5,122,122,143,0,3,5.1,météo défavorable
2018-11-16,13,12,21,11,13,12,0.1,94,7.5,1019,95.875,13,12,9,122,122,122,0,3,3.3,météo défavorable
2018-11-17,12,6,22,12,12,8,0.1,94,10,1022,77.625,12,11,3,122,122,116,0,3,3.3,météo défavorable
2018-11-18,10,4,18,5,10,4,0,92,10,1025,3,10,5,1,113,113,113,0,3,8.7,météo très défavorable
2018-11-19,7,4,23,3,7,6,0.1,92,10,1024,46.5,7,4,1,113,122,119,0,2,5,météo très défavorable
2018-11-20,7,3,23,2,7,4,0.3,94,9,1018,61.25,7,3,0,143,122,122,0,2,2.1,météo très défavorable
2018-11-21,5,2,12,2,4,2,0.8,95,6,1011,74.75,5,3,-1,143,122,119,0,2,2.1,météo très défavorable
2018-11-22,6,2,27,5,6,2,0.8,92,10,1014,53.625,6,4,-2,116,116,116,0,2,5.8,météo très défavorable
2018-11-23,8,5,21,4,7,7,2.4,97,9.125,1012,93.75,8,7,1,122,200,200,0,2,2.1,météo très défavorable
2018-11-24,8,6,18,6,8,7,0.2,95,10,1013,88.625,8,6,3,122,122,122,0,2,2,météo très défavorable
2018-11-25,7,2,12,2,6,5,0.1,96,6,1014,48.75,7,5,-1,143,113,119,0,1,5.8,météo très défavorable
2018-11-26,7,3,26,3,7,6,0,95,7,1014,54.25,7,5,0,143,116,119,0,1,5.8,météo très défavorable
2018-11-27,11,6,24,11,9,6,9.6,93,9.375,1009,74.25,11,9,4,122,116,122,0,2,5.8,météo défavorable
2018-11-28,14,7,51,13,13,8,0.4,91,9,996,80.5,14,12,4,122,122,113,0,3,2,météo défavorable
2018-11-29,9,6,26,6,9,6,2.4,95,7.75,995,73.375,9,8,2,143,116,122,0,2,5.8,météo défavorable
2018-11-30,8,4,22,4,8,5,0,91,10,1006,48,8,4,1,116,116,119,0,3,5.8,météo très défavorable
2018-12-01,11,9,15,9,11,9,4.8,98,6,1002,95.75,11,10,8,248,122,248,0,2,2,météo défavorable
2018-12-02,13,9,26,11,13,9,0.1,93,8.75,994,81.5,13,11,7,122,122,119,0,3,3.9,météo défavorable
2018-12-03,9,3,16,9,7,3,0,96,7,1013,48,9,8,0,143,116,113,0,2,5.8,météo très défavorable
2018-12-04,5,3,23,2,5,4,0,95,10,1020,69.5,5,4,0,113,122,122,0,2,2,météo très défavorable
2018-12-05,12,8,9,9,12,9,0.5,98,3.375,1011,74.125,12,11,6,248,143,143,0,2,3.9,météo défavorable
2018-12-06,13,9,22,11,13,9,0,96,7.75,1009,90.625,13,11,8,122,122,143,0,3,2,météo défavorable
2018-12-07,13,4,37,5,7,6,0.6,84,9.375,1004,57.25,13,12,0,113,116,122,0,2,5.8,météo correcte
2018-12-08,10,7,38,6,10,7,0,93,10,1006,75.125,10,8,3,116,116,122,0,2,5.8,météo défavorable
2018-12-09,9,4,28,8,9,5,0,94,10,1026,59.625,9,6,1,119,119,113,0,2,3.9,météo très défavorable
2018-12-10,9,5,12,3,8,8,0,98,6.5,1028,69,9,8,3,119,122,248,0,3,2,météo très défavorable
2018-12-11,10,9,30,10,10,10,3.4,96,7.125,1023,100,10,9,6,122,122,122,0,2,2,météo défavorable
2018-12-12,7,3,33,3,7,7,0,94,7,1015,43.75,7,5,1,143,113,122,0,2,3.9,météo très défavorable
2018-12-13,7,6,37,7,6,6,0.6,90,9.375,1013,95.375,7,6,1,122,122,122,0,2,2,météo très défavorable
2018-12-14,9,7,31,6,9,9,1.6,93,6.875,1015,95.125,9,8,4,122,122,122,0,2,2,météo défavorable
2018-12-15,12,6,44,11,12,6,8.6,94,8.875,1005,89,13,11,0,122,200,122,0,2,2,météo défavorable
2018-12-16,7,3,12,4,7,4,0,94,9,1006,38.875,7,6,0,122,116,113,0,2,5.8,météo très défavorable
2018-12-17,11,7,49,4,10,11,0.3,94,9,1009,77.375,12,9,3,122,122,122,0,3,2,météo défavorable
2018-12-18,11,5,22,10,9,6,0,93,10,996,56.375,11,9,2,122,113,116,0,2,5.8,météo très défavorable
2018-12-19,7,5,22,4,7,5,0,91,9.875,997,66.75,7,5,2,116,122,122,0,3,2,météo très défavorable
2018-12-20,8,5,26,5,8,5,0,94,9,1003,63.375,8,5,3,116,122,122,0,2,1.9,météo très défavorable
2018-12-21,10,9,29,9,9,9,1.8,94,8.5,1005,92.375,10,9,5,122,119,122,0,2,1.9,météo défavorable
2018-12-22,8,5,15,5,8,6,0,97,6.75,1018,53.5,8,6,2,116,116,143,0,3,5.8,météo très défavorable
2018-12-23,10,6,11,9,8,7,4.8,97,4.375,1022,98.75,10,10,4,143,143,143,0,2,1.9,météo défavorable
2018-12-24,10,7,16,7,9,9,0.8,98,5.5,1030,100,10,10,5,122,122,248,0,2,1.9,météo défavorable
2018-12-25,11,9,17,11,11,9,0.1,98,7.5,1030,97.5,11,10,7,122,122,122,0,3,2,météo défavorable
2018-12-26,11,9,13,9,11,9,0,97,6,1028,93.25,11,9,7,143,122,143,0,2,2,météo défavorable
2018-12-27,9,6,8,7,9,7,0.1,95,6,1026,66.75,9,8,4,122,116,143,0,2,5.8,météo défavorable
2018-12-28,11,9,14,8,11,10,0,98,1.75,1030,96.375,11,10,8,248,143,248,0,2,2,météo défavorable
2018-12-29,12,10,13,11,12,10,0,98,5.75,1034,99.625,12,11,9,122,143,248,0,3,2,météo défavorable
2018-12-30,11,7,10,8,11,8,0,97,3.75,1035,75.125,11,9,5,143,119,143,0,2,3.9,météo défavorable
2018-12-31,9,5,10,5,9,8,0,97,5.75,1036,84.375,9,8,3,143,119,122,0,2,2,météo très défavorable
2019-01-01,9,3,5,4,8,7,0,95,8,1041,54.625,9,7,3,116,116,143,0,2,3.9,météo très défavorable
2019-01-02,7,5,8,6,7,6,0.5,95,4.5,1043,93.375,7,7,4,143,176,143,0,2,2,météo très défavorable
2019-01-03,7,3,9,4,7,4,0.5,97,3.75,1041,69,7,6,0,143,353,143,0,2,2,météo très défavorable
2019-01-04,7,2,11,2,6,3,0,94,9,1041,46.375,7,4,-1,116,116,116,0,1,3.9,météo très défavorable
2019-01-05,8,3,15,3,8,7,0.1,97,6,1039,68.5,8,6,1,116,122,143,0,2,2,météo très défavorable
2019-01-06,9,5,9,5,8,7,0.1,98,3.75,1037,78.875,9,8,3,143,122,143,0,2,2,météo très défavorable
2019-01-07,10,4,20,9,10,8,0.2,97,6.5,1036,93,12,10,4,122,122,122,0,2,2,météo très défavorable
2019-01-08,8,2,10,4,8,5,0,96,5,1036,50,8,6,2,143,116,143,0,2,5.8,météo très défavorable
2019-01-09,9,7,10,6,9,9,1,98,2.75,1035,96.875,9,9,6,143,143,266,0,2,2,météo défavorable
2019-01-10,10,5,8,8,9,7,1.3,98,1.5,1035,89.875,10,9,3,266,143,143,0,2,2,météo très défavorable
2019-01-11,9,4,12,6,9,8,0.1,96,8,1036,57.125,9,7,4,116,116,122,0,2,3.9,météo très défavorable
2019-01-12,10,7,25,9,9,9,0.7,93,9,1030,96.875,10,9,4,176,122,122,0,2,2,météo défavorable
2019-01-13,10,7,31,8,10,7,0.4,92,10,1026,97.5,10,9,3,122,122,122,0,2,2,météo défavorable
2019-01-14,8,4,15,4,8,6,0.1,96,8,1025,61.75,8,6,1,116,119,143,0,2,2,météo très défavorable
2019-01-15,9,5,19,4,9,8,0.2,95,6,1022,66.625,9,7,2,143,119,119,0,2,2,météo très défavorable
2019-01-16,8,3,26,6,6,4,1.6,91,9.75,1007,62.375,8,6,-2,122,116,116,0,2,3.9,météo très défavorable
2019-01-17,4,-1,12,0,3,2,0,91,10,1020,30.625,4,2,-5,116,116,119,0,2,3.9,météo très défavorable
2019-01-18,8,3,12,6,7,5,2.4,97,5.625,1013,85.625,8,6,1,266,122,143,0,2,2,météo très défavorable
2019-01-19,8,2,7,2,7,6,0.1,96,4,1009,62.375,8,6,1,143,116,143,0,2,3.9,météo très défavorable
2019-01-20,6,0,26,6,6,2,0.3,92,6,1029,72.75,6,5,-3,143,119,116,0,1,2.1,météo très défavorable
2019-01-21,6,0,29,0,6,3,1.5,88,9.875,1029,51.375,6,4,-4,116,122,119,0,2,2.1,météo très défavorable
2019-01-22,4,2,17,2,4,3,1.5,96,8.375,1009,79.25,4,2,-2,122,119,143,0.8,2,2.1,météo très défavorable
2019-01-23,6,0,9,1,6,4,2.1,98,7.875,1009,71.125,6,4,-3,116,122,266,0,1,3.3,météo très défavorable
2019-01-24,10,9,24,8,10,10,0.6,96,5.25,1017,100,10,9,7,248,122,122,0,2,3.3,météo défavorable
2019-01-25,11,6,24,9,11,6,0.3,97,10,1018,64.375,11,9,3,122,116,116,0,2,8.7,météo défavorable
2019-01-26,9,6,32,7,8,6,1,92,10,1014,89.625,9,8,1,119,119,122,0,2,3.3,météo défavorable
2019-01-27,5,-3,32,2,5,2,0.1,87,10,1009,65,5,0,-3,116,116,116,0.1,1,6.9,météo très défavorable
2019-01-28,6,2,31,4,6,2,1.4,92,8,1012,87.25,6,4,-2,143,353,116,0,1,5.1,météo très défavorable
2019-01-29,3,-4,31,3,3,0,3,86,7.625,1008,78.125,3,3,-4,122,116,116,2.1,1,6.9,météo très défavorable
2019-01-30,4,-2,14,0,3,0,0.5,89,9.625,998,34.375,4,0,-6,116,116,116,0.4,1,8.7,météo très défavorable
2019-01-31,4,2,40,3,3,3,10.4,94,7.375,995,92.125,4,2,-4,122,122,338,4.5,2,3.4,météo très défavorable
2019-02-01,2,-2,24,-1,2,-1,4,93,7.75,1005,53.25,2,0,-7,329,119,116,0.3,1,6.9,météo très défavorable
2019-02-02,5,-2,14,-3,4,1,0.1,92,10,1019,16,5,0,-5,113,116,116,0,2,8.7,météo très défavorable
2019-02-03,8,3,28,2,6,6,3.8,95,8.75,1020,91.75,8,6,1,119,122,266,0,3,3.4,météo très défavorable
2019-02-04,8,3,10,6,8,4,2.3,97,7.875,1019,55,8,7,0,122,116,116,0,2,8.7,météo très défavorable
2019-02-05,12,4,26,9,11,8,1.3,97,9.875,1018,78.625,12,11,0,176,122,116,0,2,5.2,météo très défavorable
2019-02-06,8,4,41,3,7,6,3.5,94,9.75,1015,69.5,8,5,-2,113,122,122,0,3,3.5,météo très défavorable
2019-02-07,6,2,29,1,6,4,2.5,90,9.75,1006,35.375,6,2,-2,116,116,116,0,1,8.7,météo très défavorable
2019-02-08,10,3,39,8,10,7,13.9,92,6.25,1001,94.125,10,9,3,266,122,293,0,2,5.2,météo très défavorable
2019-02-09,8,-1,33,3,6,3,0.8,95,16.5,1001,58.375,8,6,-1,119,116,116,0,1,9.3,météo très défavorable
2019-02-10,6,2,37,2,6,5,0.3,85,11.25,1010,49,6,5,-3,116,116,122,0,1,9.8,météo très défavorable
2019-02-11,9,4,14,3,8,6,0,98,11.75,1028,51.5,9,5,2,143,116,143,0,3,8.3,météo très défavorable
2019-02-12,13,9,24,9,12,10,0.1,95,11.75,1027,95.875,13,10,7,122,119,122,0,3,4.9,météo défavorable
2019-02-13,10,6,30,9,10,9,0.4,91,12.25,1026,100,10,8,6,122,176,122,0,2,4.9,météo défavorable
2019-02-14,11,6,23,9,11,7,0.3,97,13.625,1025,55.625,11,9,3,176,116,116,0,2,9.9,météo défavorable
2019-02-15,12,8,30,7,12,10,0.3,94,12.375,1021,66.125,12,10,5,116,119,176,0,3,6.6,météo défavorable
2019-02-16,10,4,34,5,10,6,0.7,91,12.75,1016,69,10,9,3,116,122,266,0,3,6.7,météo très défavorable
2019-02-17,10,6,35,9,10,7,2.7,91,12.25,1005,57.75,10,9,2,263,116,116,0,2,10,météo défavorable
2019-02-18,9,3,26,3,9,5,0.6,95,10.875,1015,41.125,9,5,-1,116,122,116,0,3,6.7,météo très défavorable
2019-02-19,8,1,35,3,8,5,2.4,94,8.125,1015,78.875,8,9,1,122,122,266,0,2,5.1,météo très défavorable
2019-02-20,12,8,25,10,11,11,1.6,95,6,1012,98,12,10,7,122,122,266,0,3,5.1,météo défavorable
2019-02-21,11,5,32,10,11,9,0.2,92,10,1019,92.125,11,10,5,122,122,119,0,3,5.1,météo très défavorable
2019-02-22,13,10,39,11,13,11,0.9,90,9.875,1024,55.75,13,10,7,176,116,116,0,3,10,météo correcte
2019-02-23,13,6,21,11,12,9,0.3,91,18,1031,33.625,13,10,5,116,353,116,0,4,8.4,météo correcte
2019-02-24,12,8,23,5,12,10,0.2,95,8,1031,52.75,12,11,5,143,176,116,0,3,6.9,météo défavorable
2019-02-25,13,6,20,6,13,9,0,96,6,1032,28.25,13,9,4,143,116,116,0,2,10,météo correcte
2019-02-26,13,5,14,4,12,9,0,95,8,1031,5,13,9,3,116,113,113,0,2,10.8,météo correcte
2019-02-27,14,7,10,5,12,11,0,96,4.75,1026,32.875,14,10,6,248,116,116,0,2,10.1,météo correcte
2019-02-28,11,8,17,7,10,10,0.5,96,5.5,1019,84.75,11,9,6,248,119,353,0,2,5.4,météo défavorable
2019-03-01,12,7,22,3,12,10,3.2,97,7.625,1019,65.5,12,9,4,119,122,119,0,2,7,météo défavorable
2019-03-02,11,4,39,4,11,6,7.5,94,5.875,1013,82.625,11,9,-1,119,122,299,0,2,5.5,météo très défavorable
2019-03-03,5,2,21,4,5,4,10,96,8,1002,91.125,5,4,-1,122,296,302,0,2,5.5,météo très défavorable
2019-03-04,7,3,32,1,6,3,0.9,89,7.875,996,77.75,7,3,-2,143,119,116,0,1,7,météo très défavorable
2019-03-05,8,2,22,3,8,5,7.6,98,9.375,996,56,8,7,1,116,122,122,0,3,7.1,météo très défavorable
2019-03-06,9,4,35,8,6,6,3.4,94,9.625,987,79.25,9,9,-1,119,122,116,0,2,7.1,météo très défavorable
2019-03-07,8,2,33,3,8,5,0.3,89,10,1007,42.5,8,3,-1,116,116,176,0,3,7.1,météo très défavorable
2019-03-08,10,4,23,2,8,8,1.4,94,6.75,1010,66.125,10,9,1,143,266,176,0,3,5.6,météo très défavorable
2019-03-09,8,4,34,7,8,5,2.4,96,9.875,1015,82,8,5,1,122,176,122,0,3,5.6,météo très défavorable
2019-03-10,5,2,45,4,5,3,2.1,79,7.875,1021,84.375,5,3,-3,119,119,122,0.3,1,5.8,météo très défavorable
2019-03-11,8,4,41,0,8,7,1.3,93,9,1026,81.125,8,8,1,116,122,353,0,2,7.3,météo très défavorable
2019-03-12,11,4,44,4,6,5,5.5,86,8,1005,75.5,11,10,-2,266,116,119,0,2,8.7,météo très défavorable
2019-03-13,7,3,40,5,7,7,0.6,84,9,1018,90.875,7,5,0,116,122,122,0,2,5.9,météo très défavorable
2019-03-14,10,4,34,10,9,9,3,96,8.625,1011,100,10,10,4,122,122,143,0,2,5.9,météo très défavorable
2019-03-15,11,6,22,10,8,7,1.9,95,6,1008,99.625,11,10,4,122,122,122,0,2,5.9,météo défavorable
2019-03-16,10,3,36,10,10,5,5.9,93,8.25,1003,95,10,9,-1,122,122,119,0,2,6,météo très défavorable
2019-03-17,9,3,38,0,8,7,0.7,93,17.125,1020,46,9,5,-1,116,122,176,0,3,7.4,météo très défavorable
2019-03-18,9,5,21,4,8,8,1.7,97,16.75,1026,87.625,9,7,2,122,266,266,0,2,6,météo très défavorable
2019-03-19,13,7,17,5,12,10,0.5,97,4.75,1029,76.75,13,11,6,143,122,176,0,2,6,météo défavorable
2019-03-20,15,10,14,6,15,14,0.5,97,5.5,1030,88.75,15,13,8,143,119,353,0,3,6,météo défavorable
2019-03-21,13,9,15,7,13,11,0.2,96,6.25,1032,91.625,13,11,7,248,122,176,0,3,6.1,météo défavorable
2019-03-22,11,4,27,9,10,7,1,94,9,1030,82.625,11,10,1,122,122,176,0,2,6.1,météo très défavorable
2019-03-23,9,4,8,2,8,7,0,76,10,1035,68.375,9,2,4,119,116,116,0,3,8.9,météo très défavorable
2019-03-24,9,3,22,0,9,7,0.1,94,10,1035,28.75,9,4,0,116,119,116,0,3,8.9,météo très défavorable
2019-03-25,12,7,11,2,11,10,0,82,7,1037,44.75,12,6,5,143,116,119,0,2,8.9,météo défavorable
2019-03-26,12,6,9,3,11,11,0,92,10,1038,44,12,7,5,116,119,119,0,3,7.5,météo défavorable
2019-03-27,14,7,8,2,12,11,0,90,10,1037,6.625,14,8,7,116,116,113,0,3,11.6,météo correcte
2019-03-28,14,8,13,3,13,11,0,95,18.625,1038,10.75,14,9,7,143,113,113,0,3,11.6,météo correcte
2019-03-29,15,9,13,3,14,11,0,95,19.625,1032,4.25,15,9,7,143,113,113,0,4,11.6,météo correcte
2019-03-30,11,7,14,2,11,10,0.2,95,19.125,1026,58.875,11,7,4,143,119,119,0,2,7.7,météo défavorable
2019-03-31,10,5,15,0,10,9,0.8,88,8,1027,65.25,10,7,2,143,122,353,0,2,7.8,météo très défavorable
2019-04-01,11,5,20,3,11,8,1.3,95,7.75,1024,74.125,11,6,2,143,353,119,0,2,7.8,météo très défavorable
2019-04-02,5,1,30,0,5,3,1.3,87,7,1015,64,5,2,-5,143,116,119,0,1,7.8,météo très défavorable
2019-04-03,7,4,34,2,7,4,2.2,92,8.75,1008,58.875,7,3,-1,116,119,266,0,2,6.5,météo très défavorable
2019-04-04,7,2,23,1,7,5,5.3,91,9.75,994,83.5,7,4,-1,116,176,353,0,1,6.6,météo très défavorable
2019-04-05,10,5,11,-2,9,8,0.5,97,8.875,1001,49.875,10,6,2,116,116,122,0,2,9.2,météo très défavorable
2019-04-06,12,7,22,5,10,10,4,93,7.75,1008,76,12,8,4,266,122,116,0,2,8,météo défavorable
2019-04-07,12,7,17,0,12,11,0.1,91,10,1009,49.125,12,8,5,116,122,116,0,3,9.2,météo défavorable
2019-04-08,11,5,21,6,10,10,0.9,97,6.375,1010,89.625,11,9,3,122,122,176,0,2,6.8,météo très défavorable
2019-04-09,9,5,15,5,9,9,2.5,96,4.375,1018,89.25,9,8,4,248,296,122,0,2,6.9,météo très défavorable
2019-04-10,10,6,10,1,10,9,0.1,89,10,1024,57.25,10,7,5,116,122,119,0,3,8.1,météo défavorable
2019-04-11,12,8,13,2,12,10,0.1,96,9,1025,47.75,12,7,7,116,116,176,0,3,9.2,météo défavorable
2019-04-12,9,6,25,3,9,7,0.2,83,6.75,1026,80,9,6,3,248,176,176,0,2,6.9,météo défavorable
2019-04-13,8,5,43,6,8,6,3.9,93,8.625,1023,89.375,8,5,0,122,122,122,0,2,6.9,météo très défavorable
2019-04-14,5,4,33,5,5,5,17.1,93,7.5,1019,100,5,4,0,302,302,122,0,2,7,météo très défavorable
2019-04-15,7,-2,42,6,6,2,19.7,97,8.625,1013,100,7,7,-2,122,122,308,0,2,7,météo très défavorable
2019-04-16,14,9,15,4,14,12,3,95,6.5,1016,56.75,14,10,9,143,176,299,0,3,9.3,météo correcte
2019-04-17,14,9,21,5,13,12,0.2,94,6.25,1019,83,14,9,6,248,176,119,0,3,8.2,météo défavorable
2019-04-18,16,10,20,7,15,14,0,94,7,1025,33.75,16,11,9,143,116,116,0,3,11.6,météo correcte
2019-04-19,18,14,14,9,18,16,0,89,9,1031,16.75,18,13,14,116,116,116,0,4,11.6,météo favorable
2019-04-20,19,12,9,8,18,16,0,91,10,1032,29.125,19,14,12,116,116,119,0,5,9.3,météo favorable
2019-04-21,18,11,21,8,17,14,0,95,8,1027,20.125,18,13,11,116,116,116,0,4,11.6,météo favorable
2019-04-22,16,9,26,7,16,13,0.2,98,7.75,1008,34.125,16,12,7,113,116,176,0,3,10.5,météo correcte
2019-04-23,17,11,24,8,17,15,0.1,95,7,998,42,17,12,11,116,116,116,0,3,10.5,météo correcte
2019-04-24,11,7,15,11,11,8,10.6,97,6,992,88.75,11,11,5,296,296,299,0,3,7.2,météo défavorable
2019-04-25,13,8,14,5,12,12,3.4,94,7,996,80.125,13,10,6,143,353,353,0,3,7.2,météo défavorable
2019-04-26,10,7,59,8,10,8,5.7,92,8.625,1004,95.75,10,7,0,296,122,122,0,2,7.2,météo défavorable
2019-04-27,10,5,43,4,9,8,2.5,82,9.125,1022,77.5,10,3,1,116,119,119,0,2,7.2,météo très défavorable
2019-04-28,15,10,10,6,13,11,1.5,97,6.875,1023,87.625,15,13,9,266,176,353,0,3,8.3,météo défavorable
2019-04-29,14,10,24,8,13,12,0.5,94,7.5,1023,90.625,14,11,7,248,176,116,0,3,8.3,météo défavorable
2019-04-30,13,10,13,10,13,12,6.9,91,9.5,1020,84.125,13,10,10,296,353,353,0,3,8.3,météo défavorable
2019-05-01,13,6,18,4,13,11,1.9,96,7,1020,43.5,13,9,4,143,119,353,0,3,9.4,météo correcte
2019-05-02,10,8,16,5,10,8,0.8,93,5.5,1019,85.75,12,9,6,143,122,119,0,2,9.4,météo défavorable
2019-05-03,11,7,18,5,11,9,0.5,88,7,1021,64.125,11,7,4,143,116,353,0,2,12.6,météo défavorable
2019-05-04,10,7,21,0,10,10,0.4,81,10,1030,47.375,12,5,3,116,176,176,0,2,15.5,météo défavorable
2019-05-05,12,5,8,2,11,10,0.1,89,10,1030,37.625,12,6,3,113,116,176,0,3,14.5,météo très défavorable
2019-05-06,12,6,13,4,12,10,1.2,86,10,1027,63,12,7,4,116,353,353,0,3,13.6,météo défavorable
2019-05-07,11,7,22,5,10,9,0.7,95,9,1019,70.875,11,7,3,116,116,122,0,2,13.6,météo défavorable
2019-05-08,8,1,26,6,8,5,8,96,9.25,998,100,8,7,1,296,296,296,0,2,11.7,météo très défavorable
2019-05-09,12,6,23,4,12,10,0.4,93,9,1005,59,12,6,6,119,116,176,0,2,14.6,météo défavorable
2019-05-10,12,6,9,3,12,10,4.4,92,7.375,1011,52.125,12,8,4,116,116,356,0,2,14.6,météo défavorable
2019-05-11,13,7,12,4,11,11,0.8,93,7.375,1032,75.5,13,7,4,248,176,176,0,2,12.7,météo défavorable
2019-05-12,14,8,21,5,13,12,0,91,10,1036,16.5,14,8,8,116,116,116,0,4,15.8,météo correcte
2019-05-13,14,9,25,7,14,12,0,93,10,1037,19.625,14,8,9,116,116,113,0,4,15.8,météo correcte
2019-05-14,15,8,23,7,15,13,0,94,7,1035,58.5,15,10,6,143,119,119,0,3,12.8,météo correcte
2019-05-15,15,10,20,8,14,14,0,94,8,1027,44.625,15,11,8,143,116,119,0,4,14.6,météo correcte
2019-05-16,14,9,16,8,14,12,0.1,90,9,1022,82.25,14,9,8,119,119,119,0,3,11.9,météo défavorable
2019-05-17,15,9,16,8,15,11,0.9,97,7.375,1015,68,15,10,8,116,119,266,0,3,13.8,météo défavorable
2019-05-18,15,9,21,9,15,13,2.7,95,6.875,1011,71.375,15,11,7,248,116,353,0,3,14.7,météo défavorable
2019-05-19,13,8,21,6,12,12,2.7,96,5.375,1015,77.5,13,10,6,248,353,353,0,3,13.8,météo défavorable
2019-05-20,15,9,13,6,14,13,0.6,94,5,1018,86.625,15,11,8,248,176,176,0,3,12,météo défavorable
2019-05-21,16,13,9,7,16,15,2.1,92,8.875,1021,54.625,16,12,13,116,353,353,0,3,12.9,météo correcte
2019-05-22,16,12,13,9,16,14,0.4,92,10,1022,60.125,16,11,12,119,116,176,0,3,14.7,météo correcte
2019-05-23,14,9,10,9,13,12,1.8,96,7,1018,92.875,15,13,9,122,266,353,0,3,12.1,météo défavorable
2019-05-24,16,10,21,11,15,15,2.7,97,4.375,1021,82.5,16,14,9,248,266,176,0,3,13,météo défavorable
2019-05-25,17,14,17,12,17,15,0.6,97,8,1021,89.25,17,14,14,122,122,353,0,3,12.1,météo défavorable
2019-05-26,14,9,28,13,12,13,0.6,94,7.75,1017,76,14,14,6,122,176,116,0,3,13.9,météo défavorable
2019-05-27,13,8,32,9,13,12,1.3,90,9.875,1015,62.875,13,10,5,119,119,116,0,3,14.8,météo correcte
2019-05-28,13,9,17,8,13,13,1.1,91,9.375,1018,80.875,13,9,9,122,176,122,0,4,12.2,météo défavorable
2019-05-29,16,13,26,10,14,16,10.4,98,6.875,1016,96.125,16,15,12,266,302,353,0,3,12.2,météo défavorable
2019-05-30,19,14,24,14,19,17,0.2,86,9,1020,76.875,19,15,13,122,116,119,0,4,13.9,météo défavorable
2019-05-31,19,13,28,14,19,16,1.2,95,9.875,1020,88.625,19,15,12,122,116,353,0,4,13.1,météo défavorable
2019-06-01,18,13,18,11,15,15,2.7,97,5.875,1019,85.625,18,15,12,143,266,122,0,3,12.2,météo défavorable
2019-06-02,14,10,34,14,14,12,2.4,86,8.875,1007,82.375,14,13,7,119,119,176,0,3,13.1,météo défavorable
2019-06-03,14,8,21,8,14,11,3.7,93,10,1009,53.875,14,10,8,116,176,353,0,4,14,météo correcte
2019-06-04,12,8,21,8,11,12,24,97,7.125,1007,85.625,12,9,6,308,302,119,0,3,12.3,météo très défavorable
2019-06-05,13,6,22,8,13,11,3.7,94,8.75,1007,82.375,13,9,4,122,119,353,0,3,13.1,météo défavorable
2019-06-06,12,7,15,5,12,11,7.6,94,6.875,1008,69,12,9,5,143,176,356,0,3,13.1,météo défavorable
2019-06-07,16,9,19,6,15,13,2.4,95,9,1007,42.875,16,11,6,116,116,353,0,3,15.7,météo correcte
2019-06-08,14,8,28,8,13,12,1,93,9.875,1017,65.625,14,10,5,122,122,116,0,3,14,météo défavorable
2019-06-09,14,8,13,6,13,12,6.5,91,14.75,1019,49.875,14,10,8,143,116,356,0,3,14.9,météo correcte
2019-06-10,14,9,19,7,14,14,5.7,93,10.5,1021,61.375,14,11,7,176,116,176,0,3,14,météo correcte
2019-06-11,15,10,23,7,14,13,2.2,93,12.25,1023,62.125,15,11,7,116,176,353,0,3,14.9,météo correcte
2019-06-12,11,9,24,8,11,11,4.4,96,15.375,1020,89.625,11,10,6,176,296,266,0,2,12.3,météo défavorable
2019-06-13,14,10,20,10,11,13,1.9,96,13.875,1010,86.75,14,10,8,266,266,176,0,3,14,météo défavorable
2019-06-14,14,9,15,8,13,12,10.3,97,16.25,1006,84.875,14,10,8,143,353,356,0,3,12.4,météo défavorable
2019-06-15,14,8,17,6,14,11,8.4,90,13.375,1009,59.125,14,10,8,143,116,353,0,3,14.9,météo correcte
2019-06-16,15,10,26,8,15,15,3.3,93,13.75,1009,68.25,15,12,8,143,116,116,0,3,14,météo défavorable
2019-06-17,16,11,23,9,16,15,1.7,93,15.375,1013,60,16,13,11,116,116,116,0,4,14.9,météo correcte
2019-06-18,16,11,10,9,16,15,1,90,15,1014,42.125,16,12,10,116,116,116,0,3,15.7,météo correcte
2019-06-19,14,10,22,8,14,13,0.7,92,7.125,1011,68.25,14,12,8,248,119,116,0,3,14.1,météo défavorable
2019-06-20,14,8,22,8,13,13,0.8,92,7.875,1016,44.875,14,9,5,116,116,116,0,3,15.7,météo correcte
2019-06-21,15,11,14,7,13,14,0.2,95,7,1021,48,15,12,9,116,116,116,0,3,15.7,météo correcte
2019-06-22,17,12,22,10,16,15,0.5,86,6.125,1021,65.875,17,12,10,248,176,116,0,3,14.9,météo défavorable
2019-06-23,13,6,24,11,13,10,14.4,99,8.375,1015,100,13,13,6,296,296,302,0,3,12.4,météo défavorable
2019-06-24,19,15,12,14,19,19,15.4,94,6.125,1019,82.25,19,17,15,248,356,356,0,4,13.2,météo défavorable
2019-06-25,20,15,14,13,19,19,13.1,95,6.625,1025,78.125,20,17,15,248,353,356,0,4,12.4,météo défavorable
2019-06-26,20,14,23,13,18,19,2.6,90,7.75,1030,69.75,20,17,13,248,176,353,0,4,13.2,météo défavorable
2019-06-27,21,15,24,13,21,19,0,85,10,1030,16.75,24,17,15,116,116,113,0,5,16.5,météo favorable
2019-06-28,18,16,22,14,17,18,0,96,8.75,1023,59.625,18,16,16,116,200,122,0,5,14,météo correcte
2019-06-29,20,14,22,13,20,18,0,93,6.25,1017,58,20,15,12,248,116,116,0,4,16.5,météo correcte
2019-06-30,17,12,27,13,15,15,1.7,92,8.625,1018,78.125,17,14,11,122,119,176,0,4,12.3,météo défavorable
2019-07-01,16,11,22,12,15,16,0.4,94,10,1027,65.625,16,12,9,119,119,176,0,4,12.3,météo défavorable
2019-07-02,15,10,11,10,15,15,0.4,90,8,1029,57.5,15,11,9,116,122,353,0,3,14.9,météo correcte
2019-07-03,18,14,10,10,16,18,0,88,10,1030,39.625,19,13,14,116,119,116,0,4,16.4,météo correcte
2019-07-04,19,15,15,11,18,17,0,88,9,1029,36.375,19,14,15,116,119,116,0,5,15.7,météo correcte
2019-07-05,19,15,14,10,19,18,0.5,92,8,1024,49.5,19,15,14,143,176,176,0,5,14.9,météo favorable
2019-07-06,18,15,12,13,18,16,1.4,98,4.125,1018,100,18,16,15,143,122,296,0,4,12.3,météo défavorable
2019-07-07,19,13,9,12,17,18,0,91,7.75,1020,83,19,14,13,122,116,116,0,4,12.3,météo défavorable
2019-07-08,16,9,5,14,16,13,2.6,97,7.5,1021,90.75,16,15,9,266,296,353,0,3,12.3,météo défavorable
2019-07-09,21,16,12,15,21,20,1.7,89,7.875,1021,76.875,24,17,16,143,353,353,0,4,12.2,météo défavorable
2019-07-10,20,15,20,13,20,18,3.5,94,7.875,1019,82.125,20,17,14,122,119,353,0,4,13.1,météo défavorable
2019-07-11,18,14,19,15,18,18,0.5,95,6.125,1015,80.25,18,15,13,248,119,176,0,4,13.1,météo défavorable
2019-07-12,19,13,21,14,19,17,0.4,94,8.625,1024,73.875,19,15,12,116,116,353,0,4,13.9,météo défavorable
2019-07-13,18,14,15,11,16,18,0,91,6.75,1027,62.75,18,14,14,143,122,116,0,4,13.9,météo correcte
2019-07-14,20,15,8,11,19,20,0,94,7,1026,16.875,20,15,15,143,116,116,0,4,16.2,météo favorable
2019-07-15,20,14,18,12,20,18,0.3,95,5.625,1023,64.5,20,15,14,143,176,116,0,4,13.9,météo correcte
2019-07-16,20,14,8,14,19,19,7.5,91,6.5,1020,79.125,20,17,14,143,353,356,0,4,12.1,météo défavorable
2019-07-17,17,14,20,13,16,16,3.3,95,6.75,1016,79.5,17,16,12,143,296,176,0,4,12.1,météo défavorable
2019-07-18,17,12,23,11,16,16,0.8,91,7.875,1011,54.75,17,12,12,143,116,176,0,3,15.6,météo correcte
2019-07-19,20,14,21,14,20,18,9.4,96,8,1009,80.25,20,17,14,248,116,356,0,4,13.9,météo défavorable
2019-07-20,18,14,17,12,18,15,2.6,93,8.625,1014,82.875,18,14,12,296,119,122,0,4,13,météo défavorable
2019-07-21,19,11,28,12,19,14,3.1,96,7.5,1015,93.875,19,17,11,143,119,122,0,4,12,météo défavorable
2019-07-22,22,16,26,15,22,20,0,95,10,1017,45.875,25,18,16,119,116,116,0,4,15.6,météo favorable
2019-07-23,22,15,24,16,22,19,0,96,9,1017,47.375,24,17,14,122,116,116,0,4,15.6,météo favorable
2019-07-24,20,16,21,14,19,18,0.6,93,10,1009,55.5,20,15,16,353,116,116,0,5,14.7,météo correcte
2019-07-25,20,17,36,17,19,18,3.8,97,9.75,1006,97,20,17,17,122,296,353,0,4,12,météo défavorable
2019-07-26,18,12,21,16,18,16,3,92,9.875,1011,75.625,18,15,11,122,116,353,0,4,13.8,météo défavorable
2019-07-27,18,11,18,10,18,16,1.4,92,6.75,1012,42.125,18,13,10,143,116,176,0,4,15.6,météo favorable
2019-07-28,16,13,15,10,16,15,1.9,87,6.625,1012,65.625,16,13,12,248,353,176,0,3,12.8,météo défavorable
2019-07-29,19,12,9,11,18,15,10.8,98,7.125,1008,72.875,19,13,12,143,176,308,0,5,12.8,météo défavorable
2019-07-30,16,12,25,13,14,16,18.7,97,7.5,1012,87.125,16,14,10,308,302,353,0,3,11.9,météo très défavorable
2019-07-31,19,13,19,11,15,17,1.7,95,7.75,1018,79.5,19,15,12,143,119,353,0,4,12.8,météo défavorable
2019-08-01,19,15,7,11,18,19,1.3,81,9.875,1020,68.125,19,15,15,119,119,176,0,4,12.7,météo défavorable
2019-08-02,21,17,11,12,20,19,0.5,84,7.875,1020,37.125,21,15,17,143,119,116,0,4,15.7,météo correcte
2019-08-03,17,16,19,14,17,16,0.7,97,6,1018,87.25,17,15,16,143,122,176,0,4,12.7,météo défavorable
2019-08-04,18,15,22,11,17,15,6.6,96,5.75,1012,81,18,15,14,248,116,302,0,4,13.6,météo défavorable
2019-08-05,19,16,27,10,18,17,2.9,84,7.5,1007,67.5,19,14,16,248,116,176,0,4,13.6,météo défavorable
2019-08-06,17,15,26,12,15,15,3,90,9.875,1004,90.125,17,14,15,176,122,119,0,4,11.7,météo défavorable
2019-08-07,18,15,22,11,17,17,4,90,6.875,1008,62.875,18,15,14,143,353,176,0,5,14.4,météo correcte
2019-08-08,19,16,21,11,19,16,1.3,83,5.75,1009,62.875,19,14,16,143,176,176,0,4,10.5,météo correcte
2019-08-09,18,16,38,15,17,16,12.9,95,9.125,994,93,18,16,16,296,353,389,0,4,9.4,météo défavorable
2019-08-10,16,15,32,15,16,15,2.6,89,9.875,1003,99,16,14,13,122,122,122,0,4,9.4,météo défavorable
2019-08-11,15,12,18,12,14,14,3,91,6.875,1016,94,15,12,11,122,266,353,0,3,9.4,météo défavorable
2019-08-12,15,13,23,8,15,14,4,83,7.625,1018,59,15,11,12,143,176,176,0,3,10.4,météo correcte
2019-08-13,16,13,14,8,16,13,3.9,89,7,1019,76.375,17,14,13,143,119,353,0,3,9.3,météo défavorable
2019-08-14,19,16,31,15,19,16,3.6,95,7.25,1011,94,19,17,16,248,119,353,0,4,9.3,météo défavorable
2019-08-15,20,14,19,11,18,18,2,85,10,1015,66.75,20,15,13,116,116,353,0,4,10.5,météo défavorable
2019-08-16,19,16,23,15,19,16,5.7,92,9.625,1010,87.5,19,17,16,122,296,116,0,4,8.3,météo défavorable
2019-08-17,17,14,28,10,16,14,1.3,83,9.75,1001,70.5,17,11,12,116,116,176,0,3,8.3,météo défavorable
2019-08-18,15,14,28,9,14,14,1.2,90,10,1007,57.75,15,13,12,116,119,122,0,4,8.3,météo correcte
2019-08-19,15,13,24,9,15,13,0.6,84,8.875,1019,52.5,15,11,11,116,119,116,0,3,8.3,météo correcte
2019-08-20,16,14,23,7,16,15,3.4,89,10,1024,63.25,16,14,13,116,122,353,0,4,7.1,météo correcte
2019-08-21,15,14,25,11,15,14,1.6,93,6.875,1023,81,15,14,12,122,116,122,0,3,8.2,météo défavorable
2019-08-22,19,17,22,13,18,18,1.1,89,7,1022,80.625,19,17,17,143,122,353,0,4,7.1,météo défavorable
2019-08-23,19,16,25,12,19,16,0,84,5.5,1021,39.625,19,15,16,248,116,116,0,4,11.6,météo favorable
2019-08-24,21,18,17,13,20,19,0,86,5.25,1017,66.625,21,17,18,248,116,116,0,4,11.6,météo défavorable
2019-08-25,18,15,12,13,17,17,0.2,90,5.75,1020,72.375,18,14,15,143,119,176,0,4,7,météo défavorable
2019-08-26,20,14,12,8,18,18,0,84,7,1020,9.75,20,15,15,143,116,116,0,4,11.6,météo favorable
2019-08-27,17,15,21,13,16,15,0.4,93,5.5,1016,90.125,17,14,14,248,122,122,0,4,7,météo défavorable
2019-08-28,17,13,15,8,16,15,0.7,86,6.875,1014,63.375,17,13,12,143,176,176,0,3,8.1,météo correcte
2019-08-29,17,15,24,8,16,16,0.9,88,7,1015,61.75,17,14,13,143,119,353,0,3,7,météo correcte
2019-08-30,18,16,30,15,18,16,0,88,10,1014,82.625,18,15,16,119,122,119,0,4,6.9,météo défavorable
2019-08-31,15,12,27,10,15,12,3.3,86,9.625,1015,67.375,15,13,10,119,116,116,0,3,10.4,météo défavorable
2019-09-01,14,9,19,7,14,9,0.1,90,9,1023,37.25,14,11,9,143,116,116,0,4,10.4,météo correcte
2019-09-02,16,13,23,9,15,14,0.2,89,7,1023,56.875,16,13,12,143,122,116,0,3,9.2,météo correcte
2019-09-03,19,16,21,12,18,16,3.5,97,7.875,1022,89.625,19,17,16,143,353,296,0,4,6.9,météo défavorable
2019-09-04,15,11,35,8,15,11,0.8,88,9.875,1028,58.25,15,11,8,116,119,176,0,4,6.8,météo correcte
2019-09-05,16,12,23,7,14,13,0,85,10,1031,49.625,16,12,10,119,119,116,0,4,9.2,météo correcte
2019-09-06,15,12,27,12,15,12,0.3,90,10,1026,63.125,15,13,10,122,116,116,0,3,10.4,météo correcte
2019-09-07,15,12,14,7,15,14,0.5,87,7.75,1029,50.625,15,12,11,143,176,176,0,4,8,météo correcte
2019-09-08,16,13,9,7,16,14,1.3,95,6.875,1028,73.25,16,13,13,119,122,143,0,3,6.8,météo défavorable
2019-09-09,14,12,29,9,14,12,2.5,87,9,1020,54.5,14,12,9,263,116,176,0,3,9.2,météo correcte
2019-09-10,15,11,17,5,14,14,0.2,85,6,1022,54.375,15,12,10,143,116,119,0,3,9.1,météo correcte
2019-09-11,15,13,23,15,14,13,0.4,88,10,1023,79.625,15,15,12,122,119,176,0,3,7.8,météo défavorable
2019-09-12,19,14,22,15,19,14,1.6,93,8,1031,75.375,19,17,12,122,122,353,0,4,6.3,météo défavorable
2019-09-13,16,11,4,6,15,14,0,87,10,1037,23,16,10,12,116,116,116,0,4,10.3,météo correcte
2019-09-14,18,12,14,7,16,16,0,85,10,1036,10.625,18,13,11,116,116,116,0,4,11.6,météo favorable
2019-09-15,19,15,18,14,17,17,0.2,90,10,1027,92.25,19,16,15,119,122,176,0,4,6.2,météo défavorable
2019-09-16,15,0,11,0,0,0,0.3,95,6.75,1027,86.25,15,14,13,248,122,122,0,3,6.2,météo très défavorable
2019-09-17,16,11,10,6,14,13,0,85,7.75,1029,25.25,16,10,10,248,116,116,0,4,11.6,météo correcte
2019-09-18,18,12,4,7,17,14,0,82,9,1031,16.25,18,11,12,116,116,116,0,4,11.6,météo favorable
2019-09-19,19,13,10,8,17,14,0,86,10,1031,7.375,19,13,13,116,113,113,0,4,11.6,météo favorable
2019-09-20,17,13,30,9,17,13,0,89,9,1027,17.5,17,13,11,116,116,113,0,4,11.6,météo correcte
2019-09-21,17,16,26,13,17,16,1.4,90,9.875,1009,56.125,17,15,16,116,122,122,0,5,7.5,météo correcte
2019-09-22,16,13,19,13,16,13,9.4,93,7,1005,71.625,16,14,11,176,356,176,0,3,6.1,météo défavorable
2019-09-23,18,13,26,9,14,16,1.6,97,7.25,1006,63.25,18,16,11,143,176,119,0,4,6.1,météo correcte
2019-09-24,16,14,27,11,14,14,3,98,5.375,998,92.625,16,14,13,143,122,266,0,3,6,météo défavorable
2019-09-25,15,11,17,13,15,11,5.9,94,9.5,1000,94.125,15,15,11,122,122,119,0,3,6,météo défavorable
2019-09-26,14,12,27,11,14,12,3.9,92,9.625,998,73.125,14,13,10,122,119,116,0,3,7.4,météo défavorable
2019-09-27,14,11,28,11,14,11,12.6,91,8.125,1003,82.5,14,11,9,200,299,116,0,3,7.4,météo défavorable
2019-09-28,15,10,22,12,15,10,4.9,97,9.5,1006,95.5,15,12,8,122,119,122,0,3,6,météo défavorable
2019-09-29,16,12,22,11,15,12,6.4,92,8.125,1009,79.375,16,13,10,302,122,116,0,3,8.8,météo défavorable
2019-09-30,14,10,25,9,11,10,9.3,99,5,1009,83,14,13,8,143,122,299,0,3,5.9,météo défavorable
2019-10-01,12,10,27,11,12,10,2,96,6,1014,79.375,12,11,7,248,122,116,0,3,7.3,météo défavorable
2019-10-02,11,7,7,3,11,8,0,81,9,1022,39.375,11,5,7,116,116,116,0,3,10.2,météo défavorable
2019-10-03,15,12,36,10,13,12,3.2,96,9.625,1019,79.5,15,14,9,119,296,293,0,3,5.9,météo défavorable
2019-10-04,14,12,40,11,14,11,0.1,84,9,1009,69,14,11,9,116,122,116,0,3,7.3,météo défavorable
2019-10-05,15,13,22,12,15,11,6.5,96,6.625,1011,88,15,14,11,143,122,176,0,3,5.8,météo défavorable
2019-10-06,14,11,17,8,14,10,0.1,90,10,1016,38.375,14,10,9,116,116,116,0,4,8.7,météo correcte
2019-10-07,15,13,23,14,14,11,8.4,89,9.25,1010,49.875,15,14,12,302,116,116,0,3,8.7,météo correcte
2019-10-08,12,10,34,8,12,9,0.8,84,10,1005,39.25,12,8,7,116,122,116,0,3,5.7,météo défavorable
2019-10-09,11,9,31,6,11,8,1.2,88,10,1008,70.125,11,8,6,119,119,116,0,2,4.1,météo défavorable
2019-10-10,15,10,30,8,15,11,1.1,94,8.25,1009,66.625,15,12,8,119,116,116,0,4,5.7,météo défavorable
2019-10-11,13,10,24,10,13,9,6,90,8.375,1003,56.25,13,10,8,299,116,116,0,3,7.2,météo correcte
2019-10-12,13,9,17,5,13,9,1.1,90,6.75,1004,36.125,13,9,8,143,116,176,0,3,7.2,météo correcte
2019-10-13,12,9,15,8,12,8,7.9,92,6.625,1004,68.5,12,9,9,293,176,356,0,2,5.6,météo défavorable
2019-10-14,13,11,21,10,13,10,0.7,95,5.75,1005,86.5,13,11,9,122,122,143,0,4,4.1,météo défavorable
2019-10-15,12,10,23,9,12,11,2.1,89,7.625,1002,87.875,12,12,10,266,122,122,0,3,5.6,météo défavorable
2019-10-16,12,8,18,5,12,8,2.1,87,8.875,1001,34.25,12,8,6,143,116,116,0,2,7.1,météo défavorable
2019-10-17,11,10,24,7,11,7,0.8,91,10,1000,65.125,11,8,7,116,122,119,0,3,3.9,météo défavorable
2019-10-18,11,9,18,6,10,8,4,90,7.75,996,67.75,11,9,7,143,293,353,0,2,5.5,météo défavorable
2019-10-19,11,7,14,4,9,8,0.7,95,3.875,1009,77.25,11,8,5,248,122,116,0,2,5.5,météo défavorable
2019-10-20,10,7,24,5,10,5,0.1,94,6.75,1022,46.25,10,6,4,248,116,113,0,2,7.1,météo défavorable
2019-10-21,10,4,6,1,9,6,0,89,7,1025,14.375,10,5,3,143,116,116,0,2,8.7,météo très défavorable
2019-10-22,10,5,16,2,10,7,0,88,10,1024,63.75,10,6,4,119,122,119,0,3,5.4,météo très défavorable
2019-10-23,12,10,33,9,12,11,0.4,90,6.75,1017,97.375,12,10,7,122,122,248,0,2,3.8,météo défavorable
2019-10-24,11,8,19,6,11,7,0.5,92,6.875,1009,48.875,11,8,6,143,116,119,0,2,5.4,météo défavorable
2019-10-25,7,2,6,5,7,6,11.3,97,6.25,1011,71.75,7,6,6,143,302,293,0,3,3.8,météo très défavorable
2019-10-26,7,4,20,4,7,3,5.4,92,8.375,1018,59.875,7,5,2,296,176,113,0,2,5.4,météo très défavorable
2019-10-27,9,4,13,1,9,4,0,87,10,1028,13.75,9,4,4,113,116,116,0,3,8.7,météo très défavorable
2019-10-28,8,4,22,2,7,5,0,90,9,1028,29.5,8,4,1,116,119,116,0,3,7,météo très défavorable
2019-10-29,9,6,31,4,9,8,0,82,10,1024,51.25,9,5,2,116,116,122,0,3,7,météo défavorable
2019-10-30,8,2,30,7,8,4,1,88,8,1023,91.125,8,8,4,122,122,176,0,3,3.7,météo très défavorable
2019-10-31,12,9,17,8,12,12,2.2,98,7.875,1016,98.5,12,13,6,176,122,122,0,3,3.7,météo défavorable
2019-11-01,13,8,15,12,13,12,2.8,97,8.125,1001,91,13,13,11,119,122,200,0,1,3.7,météo défavorable
2019-11-02,10,5,36,5,10,8,23.9,95,6.125,979,89.375,10,9,5,143,308,302,0,1,3.6,météo très défavorable
2019-11-03,10,7,25,9,10,7,7.5,97,6.25,984,93.5,10,10,6,248,122,119,0,1,3.5,météo défavorable
2019-11-04,9,5,19,6,8,8,10.5,96,6.25,994,93.125,9,8,2,176,122,296,0,1,3.5,météo très défavorable
2019-11-05,10,5,20,6,9,6,0,91,9,1012,59,10,7,3,116,119,143,0,1,7,météo très défavorable
2019-11-06,7,4,21,4,6,5,9.7,94,9.25,1011,78.125,7,6,2,119,122,302,0,1,3.4,météo très défavorable
2019-11-07,6,-2,27,4,5,3,10,96,7.125,1003,98.625,7,5,0,143,296,302,0,1,3.4,météo très défavorable
2019-11-08,7,1,4,1,7,3,0,94,8,1014,38.625,7,4,1,143,116,116,0,1,6.9,météo très défavorable
2019-11-09,8,3,28,5,8,5,3.8,91,9.625,1009,59.75,8,6,0,119,176,116,0,1,5.2,météo très défavorable
2019-11-10,6,-0,16,-0,6,5,3.7,94,6.375,1018,57,6,7,1,143,116,122,0,1,8.7,météo très défavorable
2019-11-11,6,2,29,3,6,4,2.5,89,9.875,1007,58.25,6,3,-1,116,122,116,0,1,3.4,météo très défavorable
2019-11-12,7,2,29,3,7,2,0,81,10,1008,28.375,7,2,-2,116,116,116,0,1,8.7,météo très défavorable
2019-11-13,5,2,22,3,5,3,2.3,97,6.375,1007,85.625,5,4,0,122,143,119,1.2,1,5.1,météo très défavorable
2019-11-14,5,2,31,3,5,3,0.4,91,8.75,1014,54.25,5,3,-3,263,122,116,0,1,5.1,météo très défavorable
2019-11-15,6,1,24,1,6,2,0,88,9,1016,16.125,6,2,-4,113,116,116,0,1,8.7,météo très défavorable
2019-11-16,5,-0,5,-0,5,3,0,93,7,1015,75.625,5,3,0,143,122,122,0,1,3.3,météo très défavorable
2019-11-17,6,1,17,3,6,2,0,94,9,1020,67.5,6,4,2,122,122,116,0,1,5.1,météo très défavorable
2019-11-18,6,-1,11,-1,6,3,0,93,5.75,1020,41.625,6,4,0,143,116,116,0,1,6.9,météo très défavorable
2019-11-19,8,4,20,7,8,4,8.2,95,9.5,1012,72.625,8,7,5,122,176,116,0,1,5,météo très défavorable
2019-11-20,9,1,25,7,9,5,27.2,96,7.5,1003,79.125,9,8,4,122,302,308,0,1,3.1,météo très défavorable
2019-11-21,8,7,17,7,8,7,47.1,97,6.625,997,100,8,7,5,296,302,308,0,1,3.1,météo très défavorable
2019-11-22,8,3,17,6,8,4,4.4,98,7.625,991,82.75,8,6,2,200,176,143,0,1,5,météo très défavorable
2019-11-23,8,4,18,5,7,7,11.2,95,5,1001,99.75,8,7,3,302,296,266,0,1,3.1,météo très défavorable
2019-11-24,9,2,14,6,8,8,1.4,97,5.125,1002,98.75,9,7,4,248,122,122,0,1,3.1,météo très défavorable
2019-11-25,11,5,14,8,11,7,5.7,98,6,997,79.75,11,10,8,389,119,176,0,1,3.1,météo très défavorable
2019-11-26,9,3,23,8,8,7,1.5,98,8.5,995,87.875,9,7,4,122,122,353,0,1,3.1,météo très défavorable
2019-11-27,8,5,23,5,7,8,5.2,97,5.5,990,96.75,8,7,4,248,122,266,0,1,3,météo très défavorable
2019-11-28,8,2,4,4,8,6,1.5,96,4.625,1005,85,8,7,4,143,122,143,0,1,3,météo très défavorable
2019-11-29,7,2,12,3,6,3,0.1,92,9,1016,63,7,5,-0,119,119,116,0,1,4.9,météo très défavorable
2019-11-30,7,6,29,7,7,7,0.6,91,9,1020,98.625,7,6,3,176,266,122,0,1,3,météo très défavorable
2019-12-01,5,-0,10,1,4,1,0,96,6,1032,39.625,5,3,-2,143,119,116,0,1,6.8,météo très défavorable
2019-12-02,5,-1,5,-1,5,1,0,87,10,1034,21,5,1,1,116,116,116,0,1,8,météo très défavorable
2019-12-03,7,-0,16,1,7,4,0,95,7,1031,31.625,7,5,-1,143,116,116,0,1,6.8,météo très défavorable
2019-12-04,8,3,13,5,8,4,0.1,95,9,1020,39.5,8,7,3,116,143,113,0,1,4.9,météo très défavorable
2019-12-05,12,3,26,3,9,11,1.6,91,8.875,1021,77.5,12,10,3,143,122,122,0,1,3,météo très défavorable
2019-12-06,11,6,29,10,9,6,0.5,91,10,1011,76.375,11,10,5,122,116,116,0,1,6.8,météo défavorable
2019-12-07,10,5,18,6,9,9,1.2,94,8.875,1012,57.125,10,11,4,116,116,122,0,1,7.9,météo très défavorable
2019-12-08,9,-2,40,5,6,2,2.9,90,8.75,999,73.875,9,7,-1,116,122,296,0,1,3,météo très défavorable
2019-12-09,8,4,18,6,8,4,0.1,86,10,1022,36,8,5,1,116,116,116,0,1,7.9,météo très défavorable
2019-12-10,12,4,39,12,12,4,7.3,92,8.375,1016,85.375,12,11,-1,122,122,176,0,1,2.9,météo très défavorable
2019-12-11,5,1,25,3,5,2,0.4,87,9.875,1004,47.375,5,2,-1,200,116,116,0,1,6.8,météo très défavorable
2019-12-12,8,1,23,6,8,7,4.6,94,8.625,1001,89.75,8,7,4,143,122,122,0,1,2.9,météo très défavorable
2019-12-13,5,-0,33,3,5,4,2.3,80,8.75,986,73.875,5,4,-2,122,116,143,0,1,4.9,météo très défavorable
2019-12-14,4,-6,24,2,4,-2,3.7,98,6.5,988,80.375,4,1,-5,119,176,248,2.6,1,2.9,météo très défavorable
2019-12-15,4,-3,13,1,4,1,1.1,95,8,987,61.875,4,2,-2,143,119,122,0,1,4.9,météo très défavorable
2019-12-16,4,-1,8,-0,4,0,0.2,89,10,998,11.75,4,1,-3,116,116,116,0,1,7.8,météo très défavorable
2019-12-17,4,-0,6,-0,4,1,0,92,10,1002,19.5,4,2,-2,116,116,116,0,1,7.8,météo très défavorable
2019-12-18,11,1,41,6,9,11,15.7,95,8.75,1002,81,11,10,4,122,296,302,0,1,2.9,météo très défavorable
2019-12-19,9,5,13,5,9,7,8.2,97,8.25,988,71.25,9,8,3,143,119,302,0,1,2.9,météo très défavorable
2019-12-20,6,2,7,3,6,4,3.1,94,6.75,979,32.875,6,5,2,143,116,143,0,1,7.8,météo très défavorable
2019-12-21,6,2,7,3,5,4,0.5,95,3.375,976,70.25,6,5,0,263,116,143,0,1,6.8,météo très défavorable
2019-12-22,7,2,21,3,7,5,0.6,93,8.375,995,70,7,5,1,116,122,122,0,1,2.9,météo très défavorable
2019-12-23,7,0,19,4,7,4,0.1,93,9,1008,43.875,7,5,0,116,116,116,0,1,7.8,météo très défavorable
2019-12-24,8,3,21,6,8,4,0.5,93,9.375,1019,53.25,8,7,3,116,122,176,0,1,2.9,météo très défavorable
2019-12-25,5,1,16,1,4,3,0,90,10,1023,60.375,5,5,-1,116,119,122,0,1,4.8,météo très défavorable
2019-12-26,9,3,18,9,8,7,4.6,95,7.75,1016,97.875,10,10,4,122,296,122,0,1,2.9,météo très défavorable
2019-12-27,11,9,18,9,11,10,0,96,7.75,1027,89.875,11,10,7,122,119,122,0,1,4.9,météo défavorable
2019-12-28,10,9,29,9,10,10,0,90,10,1027,69.875,10,9,5,116,116,116,0,1,4.9,météo défavorable
2019-12-29,11,7,24,9,11,8,0,93,9,1025,60.625,11,9,6,119,116,116,0,1,6.8,météo défavorable
2019-12-30,10,6,9,6,10,9,0,96,5,1028,62.125,10,9,5,143,122,143,0,1,4.9,météo défavorable
2019-12-31,9,5,14,6,8,6,0,89,8,1031,87.5,9,7,4,122,122,143,0,1,2.9,météo très défavorable
2020-01-01,8,3,10,3,7,7,0,94,8,1029,53,8,6,1,143,116,119,0,1,6.8,météo très défavorable
2020-01-02,11,8,26,9,11,10,0.2,93,10,1018,91.5,11,10,6,122,122,119,0,1,2.9,météo défavorable
2020-01-03,7,3,16,4,6,4,0,88,10,1033,31.75,7,4,-1,116,116,116,0,1,7.9,météo très défavorable
2020-01-04,8,5,15,6,8,7,0.1,88,10,1034,73.625,8,6,3,119,116,116,0,1,6.8,météo très défavorable
2020-01-05,10,6,23,6,10,8,0.2,96,10,1031,78.875,10,8,4,176,122,119,0,1,3,météo défavorable
2020-01-06,9,5,27,9,9,5,5.1,95,9.625,1019,63.625,9,8,5,122,116,116,0,1,6.8,météo très défavorable
2020-01-07,14,5,31,10,14,13,1,94,9,1020,83.5,15,12,9,266,122,119,0,1,3,météo très défavorable
2020-01-08,7,2,14,6,7,4,0.6,88,9,1022,76.5,7,6,4,122,116,176,0,1,4.9,météo très défavorable
2020-01-09,5,1,15,2,5,2,6,95,5.5,1014,87.875,5,5,1,143,119,143,0,1,3,météo très défavorable
2020-01-10,7,-1,21,1,5,4,0,90,10,1023,43.25,8,6,-3,116,116,122,0,1,6.8,météo très défavorable
2020-01-11,12,5,35,11,11,7,8.3,93,7.25,1016,80.75,12,10,6,122,122,302,0,1,3,météo très défavorable
2020-01-12,7,2,17,6,7,3,3,94,9.625,1017,55.125,7,5,1,122,116,116,0,1,4.9,météo très défavorable
2020-01-13,8,2,58,7,8,3,2,92,9.5,1011,69.75,8,7,1,122,122,176,0.1,1,3,météo très défavorable
2020-01-14,5,1,18,2,5,2,1,97,8.625,990,65.625,5,4,0,119,248,116,0,1,3,météo très défavorable
2020-01-15,6,1,25,2,6,3,0,85,10,1007,17.875,6,3,-3,116,116,116,0,1,8.1,météo très défavorable
2020-01-16,11,5,40,8,11,5,1.2,91,8.75,1006,93.5,11,9,4,122,122,176,0,1,3.1,météo très défavorable
2020-01-17,5,0,20,2,5,2,0.3,90,10,1022,48.875,5,3,-2,122,116,113,0,1,6.8,météo très défavorable
2020-01-18,5,-0,5,-0,5,0,0,85,10,1038,9.125,5,2,-1,116,116,113,0,1,8.2,météo très défavorable
2020-01-19,7,-1,10,-1,5,2,0,77,10,1047,13.875,7,3,-3,116,116,116,0,1,8.2,météo très défavorable
2020-01-20,7,0,9,0,6,2,0,92,10,1048,7.75,7,4,-2,113,113,116,0,1,8.3,météo très défavorable
2020-01-21,7,1,6,4,7,5,0,95,6,1045,67.5,7,6,3,122,119,143,0,1,3.1,météo très défavorable
2020-01-22,10,6,7,6,9,8,0,96,3.5,1042,91.875,10,8,5,143,116,143,0,1,5,météo défavorable
2020-01-23,8,5,5,6,8,7,0,97,4.5,1037,84,8,7,7,119,119,143,0,1,3.3,météo très défavorable
2020-01-24,9,4,7,6,9,7,0.1,96,5,1028,68.375,9,7,6,143,116,116,0,1,6.9,météo très défavorable
2020-01-25,8,3,20,6,8,6,0.1,91,8,1019,79.5,8,5,4,143,119,122,0,1,3.3,météo très défavorable
2020-01-26,9,-1,20,8,5,3,1.9,90,8.875,1006,64.375,9,8,1,122,116,116,0,1,8.7,météo très défavorable
2020-01-27,5,0,18,1,5,2,0.9,90,8.75,997,62.875,5,2,-3,116,116,122,0,1,5.1,météo très défavorable
2020-01-28,4,-1,33,1,4,1,0.3,90,9,1004,46.25,4,1,-4,116,116,116,0.1,1,5.1,météo très défavorable
2020-01-29,9,1,25,2,8,5,0,92,9,1007,50.25,9,5,-2,116,116,116,0,1,6.9,météo très défavorable
2020-01-30,12,4,28,8,12,8,0.1,98,4,1005,89.75,12,10,7,248,122,119,0,1,5.1,météo très défavorable
2020-01-31,13,7,24,11,13,10,1.4,96,8,1001,91,13,10,9,122,266,122,0,1,3.4,météo défavorable
2020-02-01,8,4,42,6,8,5,0.2,93,10,1007,68.125,8,5,0,116,122,116,0,1,5.2,météo très défavorable
2020-02-02,10,4,28,7,10,7,3.8,92,9.75,1005,77.5,10,7,3,293,119,119,0,1,5.2,météo très défavorable
2020-02-03,6,3,28,4,6,3,0.1,87,10,1018,33.625,6,3,-1,116,116,116,0,1,6.9,météo très défavorable
2020-02-04,7,2,26,3,7,3,0.2,90,10,1036,35.5,7,3,-2,113,116,122,0,1,8.7,météo très défavorable
2020-02-05,8,1,13,1,7,4,0,93,9,1038,13.25,8,5,-0,116,116,116,0,1,8.7,météo très défavorable
2020-02-06,8,2,18,4,7,5,0,89,6.75,1031,76.875,8,4,1,143,122,119,0,1,3.5,météo très défavorable
2020-02-07,10,4,33,4,9,7,1,94,8,1019,83.375,10,8,3,122,266,122,0,1,5.2,météo très défavorable
2020-02-08,8,2,44,2,7,8,3.7,90,9.25,1007,78.625,9,8,-0,263,122,122,0,1,5.2,météo très défavorable
2020-02-09,12,5,50,12,10,6,12.7,93,8.125,994,93.75,12,11,1,122,302,119,0,1,3.5,météo très défavorable
2020-02-10,3,0,39,2,2,1,4.4,99,6.5,1002,72.75,3,2,-6,116,122,116,1.5,1,3.7,météo très défavorable
2020-02-11,3,0,41,1,3,1,1.2,82,7.125,1013,60,3,0,-5,119,116,116,0.2,1,5.3,météo très défavorable
2020-02-12,6,0,16,0,6,4,1.2,89,9.875,1014,59.875,6,4,-3,116,116,122,0,1,7,météo très défavorable
2020-02-13,8,2,23,4,8,4,3,93,8.875,1009,61.75,8,6,-0,200,116,176,0,1,7,météo très défavorable
2020-02-14,10,2,27,9,10,6,2,95,8.875,1010,62.25,10,9,3,122,116,176,0,1,5.4,météo très défavorable
2020-02-15,11,4,44,9,10,6,10.3,93,9.125,1007,87.5,11,9,1,122,122,119,0,1,3.7,météo très défavorable
2020-02-16,7,2,45,4,6,2,2.6,78,9.875,994,59.875,7,5,-4,116,116,116,0,1,5.4,météo très défavorable
2020-02-17,5,2,39,4,5,2,1,94,9,1016,79.125,5,3,-4,119,122,116,0.1,1,3.8,météo très défavorable
2020-02-18,6,1,35,5,6,2,0.9,91,9.75,1019,68.75,6,4,-3,122,176,116,0,1,3.8,météo très défavorable
2020-02-19,8,1,24,3,8,8,4.4,97,9.625,1020,93.625,8,8,2,122,122,122,0,1,3.8,météo très défavorable
2020-02-20,9,2,40,4,4,2,3.8,84,9,1019,74.5,9,8,-3,122,116,119,0.5,1,5.4,météo très défavorable
2020-02-21,10,2,29,7,10,10,2.2,93,8.875,1021,92.875,10,9,5,122,122,122,0,1,3.8,météo très défavorable
2020-02-22,10,4,35,6,6,6,1.4,88,8.375,1018,92.625,10,8,0,122,122,122,0,1,3.8,météo très défavorable
2020-02-23,11,4,24,8,6,5,6.1,91,5.625,1022,90.125,11,10,1,266,263,122,0,1,3.8,météo très défavorable
2020-02-24,11,2,37,11,8,4,5,90,8.5,1012,81.125,11,10,-0,122,122,116,0,1,6.9,météo très défavorable
2020-02-25,4,-0,41,2,4,0,2.1,86,8,1007,61.625,4,1,-6,116,116,119,0.3,1,8.5,météo très défavorable
2020-02-26,5,0,27,0,5,2,0.5,89,9.875,1012,75.625,5,1,-3,116,119,122,0,1,5.4,météo très défavorable
2020-02-27,6,0,20,0,6,2,0.3,87,7.375,1011,65.75,6,1,-2,143,116,176,0.1,1,8.5,météo très défavorable
2020-02-28,12,2,26,7,12,10,4.8,95,9.625,1009,96.375,12,10,7,122,122,353,0,1,5.4,météo très défavorable
2020-02-29,5,-6,55,-0,5,-2,2.1,90,7,980,82.25,5,4,-6,119,119,317,0.3,1,7,météo très défavorable
2020-03-01,5,-1,33,1,5,2,0.9,84,9.625,986,54.125,5,1,-3,119,116,116,0.4,2,8.5,météo très défavorable
2020-03-02,5,-1,33,-1,5,3,0.8,80,10,996,45.625,5,1,-3,116,119,116,0,2,7,météo très défavorable
2020-03-03,7,0,22,0,7,3,0.4,83,9.875,1009,50.125,7,1,-1,116,116,176,0,2,8.6,météo très défavorable
2020-03-04,6,2,12,2,6,5,1.1,97,6.75,1009,91.375,6,4,0,248,266,122,0,1,5.5,météo très défavorable
2020-03-05,7,-1,15,-1,7,3,2.3,86,9.875,1003,50.625,7,3,1,116,116,116,0,1,10.1,météo très défavorable
2020-03-06,7,0,35,3,7,4,1.3,91,9.875,1014,61.125,7,3,-3,122,299,116,0,2,7.1,météo très défavorable
2020-03-07,10,4,32,7,9,10,1.7,91,9.875,1014,96.75,10,9,6,122,122,122,0,2,5.6,météo très défavorable
2020-03-08,8,0,35,4,8,4,1.8,88,9,1006,77.375,8,5,-1,119,122,122,0,2,7.1,météo très défavorable
2020-03-09,10,3,28,3,6,7,10.3,98,8.125,1013,83.75,10,11,2,116,122,302,0,2,5.8,météo très défavorable
2020-03-10,12,5,31,11,10,7,3,93,8.75,1005,82.875,12,11,4,122,122,116,0,2,7.3,météo très défavorable
2020-03-11,9,2,33,5,8,5,2.2,87,7.75,1006,84.125,9,5,0,116,122,266,0,2,5.9,météo très défavorable
2020-03-12,6,-0,46,1,6,5,1.5,87,10,1013,63.25,6,4,-2,119,122,176,0,2,5.9,météo très défavorable
2020-03-13,7,-1,26,3,7,3,4.2,97,8.5,1016,79.5,7,7,1,122,122,296,0,1,7.3,météo très défavorable
2020-03-14,11,3,31,4,9,9,1.4,93,6,1010,85.25,11,9,3,143,122,119,0,2,5.9,météo très défavorable
2020-03-15,9,1,28,3,8,5,0.5,87,10,1017,50,9,4,2,119,122,116,0,2,10.2,météo très défavorable
2020-03-16,9,-0,30,-0,9,8,0.2,85,9,1019,58.625,9,7,1,116,122,122,0,3,7.4,météo très défavorable
2020-03-17,12,5,28,5,9,11,1.5,93,6.875,1021,85,12,10,6,143,122,122,0,2,6,météo très défavorable
2020-03-18,6,2,12,4,6,5,1.7,84,4.75,1028,85.625,6,6,3,176,266,266,0,2,6,météo très défavorable
2020-03-19,8,-1,19,-1,7,6,0.1,84,9,1031,32.625,8,3,1,116,122,116,0,2,10.2,météo très défavorable
2020-03-20,9,-3,24,-3,8,5,0.3,82,9,1032,56.75,9,3,-2,143,122,176,0,1,7.4,météo très défavorable
2020-03-21,7,3,28,3,7,6,0,75,10,1029,94.5,7,3,-0,122,122,122,0,2,6.1,météo très défavorable
2020-03-22,9,0,20,0,7,6,0,83,10,1027,73.5,9,4,2,116,119,122,0,2,7.5,météo très défavorable
2020-03-23,10,0,20,2,10,8,0,86,7.75,1026,63,10,6,4,143,119,122,0,3,6.1,météo très défavorable
2020-03-24,11,5,28,5,11,8,0,87,10,1020,47,11,6,5,119,116,116,0,2,11.6,météo très défavorable
2020-03-25,13,4,15,4,13,11,0.2,86,7.75,1023,49.25,13,9,7,143,119,116,0,3,10.2,météo correcte
2020-03-26,15,3,11,3,13,11,0.1,85,10,1025,19,15,9,7,116,113,176,0,3,10.2,météo correcte
2020-03-27,13,1,17,1,12,10,0,94,9,1029,23.125,13,7,3,143,116,116,0,3,10.3,météo très défavorable
2020-03-28,10,2,27,2,9,7,0.1,85,7.75,1039,54,10,5,3,116,176,116,0,2,9,météo très défavorable
2020-03-29,7,-0,24,-0,6,5,0,70,10,1047,26.75,7,0,-1,116,119,116,0,2,9,météo très défavorable
2020-03-30,9,-3,21,-2,8,8,0.2,79,9,1046,63.75,9,4,2,122,122,176,0,3,6.5,météo très défavorable
2020-03-31,9,-1,16,-1,9,8,0.3,90,6.5,1038,61.875,9,4,1,260,176,176,0,2,7.8,météo très défavorable
