DATE,MAX_TEMPERATURE_C,MIN_TEMPERATURE_C,WINDSPEED_MAX_KMH,TEMPERATURE_MORNING_C,TEMPERATURE_NOON_C,TEMPERATURE_EVENING_C,PRECIP_TOTAL_DAY_MM,HUMIDITY_MAX_PERCENT,VISIBILITY_AVG_KM,PRESSURE_MAX_MB,CLOUDCOVER_AVG_PERCENT,HEATINDEX_MAX_C,DEWPOINT_MAX_C,WINDTEMP_MAX_C,WEATHER_CODE_MORNING,WEATHER_CODE_NOON,WEATHER_CODE_EVENING,TOTAL_SNOW_MM,UV_INDEX,SUNHOUR,OPINION
2009-01-01,30,21,21,19,26,30,1.2,53,9.875,1016,23.375,29,15,21,113,113,116,,,,météo idéale
2009-01-02,25,16,16,16,18,25,9.4,76,7.375,1017,46.25,25,16,16,266,116,113,,,,météo correcte
2009-01-03,28,19,17,15,24,28,0,63,10,1016,8.375,27,11,18,113,113,113,,,,météo idéale
2009-01-04,32,20,5,14,29,31,0,62,10,1017,3.75,31,12,20,113,113,113,,,,météo idéale
2009-01-05,33,22,7,17,29,32,0,45,10,1015,3.625,31,10,22,113,113,113,,,,météo idéale
2009-01-06,34,23,9,18,30,34,0,44,10,1011,3.125,32,10,23,113,113,113,,,,météo idéale
2009-01-07,33,25,8,19,33,31,0,49,10,1011,17.375,33,15,25,113,113,116,,,,météo idéale
2009-01-08,31,22,18,22,26,31,0,48,10,1016,27.875,30,10,22,116,113,113,,,,météo idéale
2009-01-09,32,21,17,17,28,32,0,55,10,1018,4.125,30,12,21,113,113,113,,,,météo idéale
2009-01-10,30,21,15,19,27,29,0.4,66,9.875,1019,14.375,30,16,21,113,113,116,,,,météo idéale
2009-01-11,31,20,13,17,27,31,0,74,10,1016,9.25,31,16,20,113,113,113,,,,météo idéale
2009-01-12,35,23,8,19,31,32,0,68,10,1014,7.5,35,18,23,113,113,113,,,,météo favorable
2009-01-13,28,20,9,21,20,28,17.2,92,8.625,1011,44.25,29,18,20,293,299,116,,,,météo très défavorable
2009-01-14,32,22,11,18,28,32,0,74,10,1011,7.25,32,17,22,113,113,113,,,,météo idéale
2009-01-15,33,23,13,19,29,33,0,72,10,1012,8.5,33,17,23,113,113,113,,,,météo idéale
2009-01-16,36,25,5,20,33,35,0.1,54,10,1011,31.125,36,16,25,116,113,113,,,,météo favorable
2009-01-17,40,26,4,21,35,38,0,48,10,1007,12,40,15,26,113,113,113,,,,météo correcte
2009-01-18,26,22,23,23,22,23,0,70,10,1016,52.25,26,16,22,119,119,116,,,,météo correcte
2009-01-19,26,18,16,16,21,26,0,64,10,1019,28.875,26,12,18,116,116,113,,,,météo favorable
2009-01-20,30,19,12,14,26,30,0,65,10,1019,2.75,29,12,19,113,113,113,,,,météo idéale
2009-01-21,33,21,11,17,29,33,0,48,10,1018,3.75,32,11,21,113,113,113,,,,météo idéale
2009-01-22,35,22,10,20,29,35,0,52,10,1019,1.75,33,12,22,113,113,113,,,,météo idéale
2009-01-23,35,24,13,23,30,35,0,55,10,1017,6.625,36,16,24,113,113,113,,,,météo favorable
2009-01-24,35,25,13,23,31,35,0,56,10,1014,13.5,35,15,25,113,116,113,,,,météo favorable
2009-01-25,31,27,9,24,28,28,12.4,79,9,1011,29.75,35,23,27,113,353,356,,,,météo correcte
2009-01-26,36,24,12,21,30,36,0.9,69,9.875,1014,15.25,37,21,24,116,113,113,,,,météo favorable
2009-01-27,36,26,16,25,33,36,0,57,9.875,1014,12.625,38,18,26,113,200,113,,,,météo correcte
2009-01-28,33,24,18,23,30,32,0,72,10,1014,14.5,34,19,24,113,113,116,,,,météo idéale
2009-01-29,25,23,16,21,24,24,2.1,87,7,1010,79.625,27,21,23,266,266,119,,,,météo défavorable
2009-01-30,26,21,16,20,23,26,1.3,81,7.375,1007,61,27,18,21,122,266,116,,,,météo correcte
2009-01-31,34,22,15,20,28,34,0,65,10,1008,9,34,16,22,113,113,113,,,,météo idéale
2009-02-01,27,21,12,21,26,22,1.2,56,9.375,1014,30,27,13,21,116,113,263,,,,météo favorable
2009-02-02,35,19,9,18,27,35,4.4,63,9.5,1013,16.5,35,14,19,176,113,113,,,,météo favorable
2009-02-03,33,25,9,23,29,33,1.5,72,10,1010,16.5,35,20,25,113,113,113,,,,météo favorable
2009-02-04,33,23,13,20,29,33,0,57,10,1016,2.125,32,14,23,113,113,113,,,,météo idéale
2009-02-05,34,24,14,21,29,34,0,56,10,1014,3.25,34,15,24,113,113,113,,,,météo idéale
2009-02-06,33,25,17,23,30,32,0,49,10,1011,14.625,32,14,25,116,113,113,,,,météo idéale
2009-02-07,32,20,9,15,28,31,0,41,10,1016,2,30,8,20,113,113,113,,,,météo idéale
2009-02-08,34,20,8,19,27,34,0,55,10,1015,16.375,33,12,20,113,116,113,,,,météo favorable
2009-02-09,37,24,6,19,33,35,0,48,10,1012,3.5,36,13,24,113,113,113,,,,météo favorable
2009-02-10,35,25,15,23,31,28,28.8,71,8.875,1010,37.75,36,22,25,116,176,308,,,,météo très défavorable
2009-02-11,32,21,22,20,27,30,10.4,85,9.75,1011,31.125,31,22,21,116,113,113,,,,météo correcte
2009-02-12,31,19,5,16,27,29,0,60,10,1016,1.25,30,11,19,113,113,113,,,,météo idéale
2009-02-13,32,20,8,17,28,31,0,52,10,1012,0.125,32,12,20,113,113,113,,,,météo idéale
2009-02-14,32,22,9,18,28,32,0,56,10,1012,1.875,32,13,22,113,113,113,,,,météo idéale
2009-02-15,35,22,9,20,30,33,0,69,10,1012,8.875,35,17,22,113,113,113,,,,météo favorable
2009-02-16,29,22,9,21,23,29,4.8,83,9.625,1010,24.625,31,20,22,176,293,113,,,,météo correcte
2009-02-17,34,23,9,18,30,33,0,73,10,1013,7.125,34,17,23,113,113,113,,,,météo idéale
2009-02-18,35,25,7,21,33,34,0,60,10,1012,13.375,37,17,25,113,113,113,,,,météo favorable
2009-02-19,34,25,7,23,31,34,13.9,89,8.625,1011,23.375,41,24,25,356,386,386,,,,météo défavorable
2009-02-20,33,27,10,24,31,33,12.7,90,9.25,1008,20.5,42,26,27,176,386,386,,,,météo correcte
2009-02-21,27,24,17,25,24,24,40.7,95,7.875,1010,67.875,32,26,24,389,296,353,,,,météo très défavorable
2009-02-22,27,23,14,22,27,23,29.7,96,7.5,1009,67.875,31,25,23,353,356,302,,,,météo très défavorable
2009-02-23,24,17,11,16,21,24,2.3,87,7.625,1015,35.375,26,18,17,143,116,113,,,,météo favorable
2009-02-24,28,18,12,15,24,27,0,81,10,1018,0.25,28,15,18,113,113,113,,,,météo idéale
2009-02-25,28,19,12,16,25,28,0,74,10,1019,10.875,28,15,19,113,113,113,,,,météo idéale
2009-02-26,28,20,9,21,21,28,0.6,84,8.375,1016,50.75,29,18,20,116,266,113,,,,météo correcte
2009-02-27,28,20,10,18,24,28,0,93,7.5,1015,64.625,30,19,20,248,119,116,,,,météo correcte
2009-02-28,31,22,10,20,27,30,1.1,83,9.75,1015,38.75,33,20,22,116,176,119,,,,météo favorable
2009-03-01,29,25,11,22,29,27,4.1,80,9.375,1010,38,33,23,25,113,176,116,,,,météo favorable
2009-03-02,35,24,8,20,30,33,0.1,80,8,1011,16.375,37,22,24,143,113,116,,,,météo favorable
2009-03-03,32,24,14,22,28,32,0.6,73,9.875,1013,17.875,37,23,24,113,116,386,,,,météo favorable
2009-03-04,30,25,21,24,28,25,36.3,95,6.875,1009,43.125,37,26,25,356,356,356,,,,météo très défavorable
2009-03-05,28,20,15,19,24,28,1.5,81,9.875,1014,17.125,29,18,20,116,113,113,,,,météo idéale
2009-03-06,31,22,6,19,28,29,0,77,10,1016,10.125,32,18,22,113,113,113,,,,météo idéale
2009-03-07,30,21,8,19,28,29,0,78,10,1014,21,32,19,21,113,113,116,,,,météo idéale
2009-03-08,29,21,13,19,26,28,0,79,10,1015,12.75,29,17,21,113,113,113,,,,météo idéale
2009-03-09,28,20,13,19,25,27,0,77,10,1018,34.375,28,16,20,116,116,116,,,,météo favorable
2009-03-10,25,21,14,21,23,25,5.9,79,9.75,1018,52.5,27,21,21,119,122,353,,,,météo correcte
2009-03-11,25,20,9,20,23,25,44.1,97,6.875,1013,72.125,28,23,20,356,356,356,,,,météo très défavorable
2009-03-12,25,19,13,19,23,24,9.6,97,4.375,1010,65.25,27,22,19,248,353,176,,,,météo défavorable
2009-03-13,28,19,12,17,24,28,1.1,91,6.25,1012,44.25,30,20,19,248,113,113,,,,météo favorable
2009-03-14,31,22,13,19,27,31,0,77,10,1011,9.25,33,20,22,113,113,113,,,,météo idéale
2009-03-15,23,18,16,19,20,22,0.8,69,9.875,1021,11.375,25,17,18,176,113,113,,,,météo favorable
2009-03-16,24,14,11,11,20,24,0.5,69,9.875,1018,12.25,25,14,14,113,116,113,,,,météo favorable
2009-03-17,27,18,9,16,24,25,6.4,82,9.25,1017,8.375,27,15,18,113,113,113,,,,météo favorable
2009-03-18,27,17,9,14,23,26,0,62,10,1021,0,27,13,17,113,113,113,,,,météo idéale
2009-03-19,25,16,8,15,21,25,0,73,10,1020,12.875,26,16,16,116,113,113,,,,météo idéale
2009-03-20,29,19,7,16,25,28,0,88,6.875,1016,15.875,30,18,19,248,113,113,,,,météo idéale
2009-03-21,30,20,8,17,27,29,0,83,9,1015,0.25,30,17,20,143,113,113,,,,météo idéale
2009-03-22,31,21,6,18,28,30,0,73,10,1013,2.25,32,17,21,113,113,113,,,,météo idéale
2009-03-23,31,21,13,18,27,29,0,74,10,1013,11.125,31,18,21,113,113,116,,,,météo idéale
2009-03-24,30,21,12,19,26,28,0,80,10,1017,11.25,31,18,21,113,113,113,,,,météo idéale
2009-03-25,28,19,10,18,24,26,0,73,10,1016,24.25,28,15,19,113,119,116,,,,météo correcte
2009-03-26,31,22,7,20,28,29,0,75,10,1012,28.125,33,19,22,113,116,116,,,,météo favorable
2009-03-27,29,20,9,18,26,28,0,82,10,1012,6.875,29,17,20,113,113,113,,,,météo idéale
2009-03-28,32,20,5,15,28,30,0,67,10,1010,0.125,31,18,20,113,113,113,,,,météo idéale
2009-03-29,33,20,7,18,28,31,0,61,10,1008,0,34,17,20,113,113,113,,,,météo idéale
2009-03-30,34,22,7,20,30,32,0,55,10,1010,3,35,16,22,113,113,113,,,,météo favorable
2009-03-31,27,21,18,20,25,23,3.1,78,9.875,1015,15.75,29,18,21,113,113,353,,,,météo favorable
2009-04-01,25,19,12,19,22,23,0.6,66,10,1019,23,26,16,19,116,113,113,,,,météo idéale
2009-04-02,26,17,13,15,21,25,0,68,10,1017,11.75,27,13,16,113,116,113,,,,météo favorable
2009-04-03,31,19,10,16,26,29,1.9,67,9.5,1014,16.625,33,21,19,113,113,200,,,,météo idéale
2009-04-04,24,21,13,22,24,21,20.3,93,7.625,1014,38.5,26,21,21,176,353,113,,,,météo très défavorable
2009-04-05,25,14,6,12,20,23,0,91,6.25,1017,28,26,15,14,248,113,113,,,,météo favorable
2009-04-06,28,16,7,11,24,25,0,74,10,1016,0,28,15,16,113,113,113,,,,météo idéale
2009-04-07,28,17,9,11,25,26,0,72,10,1016,2.5,28,17,17,113,113,113,,,,météo idéale
2009-04-08,26,18,12,18,23,25,0,83,10,1019,6.25,27,17,18,113,113,113,,,,météo idéale
2009-04-09,26,17,13,15,23,24,0,84,9,1019,6,26,15,17,143,113,113,,,,météo idéale
2009-04-10,26,15,5,12,22,23,0,76,10,1020,0.25,26,14,15,113,113,113,,,,météo idéale
2009-04-11,29,17,7,14,24,26,0,64,10,1017,0,29,16,16,113,113,113,,,,météo idéale
2009-04-12,28,18,7,15,24,25,0,64,10,1017,0,28,14,18,113,113,113,,,,météo idéale
2009-04-13,30,18,6,13,27,27,0,71,10,1016,1,30,16,18,113,113,113,,,,météo idéale
2009-04-14,25,18,14,18,22,23,0,78,10,1022,13.125,26,15,18,113,113,113,,,,météo idéale
2009-04-15,24,14,10,13,20,22,0,67,10,1025,4.625,25,12,13,113,113,113,,,,météo favorable
2009-04-16,26,15,12,13,21,22,0,66,10,1022,0.375,26,13,15,113,113,113,,,,météo idéale
2009-04-17,28,16,10,14,23,25,0,77,10,1019,0.125,28,15,16,113,113,113,,,,météo idéale
2009-04-18,27,21,11,19,25,24,2.3,79,9.875,1014,39.375,28,20,21,113,119,176,,,,météo correcte
2009-04-19,20,15,12,17,15,17,4.3,78,9.125,1022,26.75,20,18,15,113,263,113,,,,météo correcte
2009-04-20,18,10,9,9,15,16,0,79,10,1025,3.5,18,7,9,113,113,113,,,,météo favorable
2009-04-21,17,11,9,9,15,16,1.6,80,9.875,1023,18.5,17,13,10,113,113,176,,,,météo correcte
2009-04-22,23,15,5,13,21,21,1.6,95,7.375,1019,55.875,25,17,15,353,116,122,,,,météo correcte
2009-04-23,27,17,4,13,23,23,0,84,10,1016,19,28,17,17,113,113,113,,,,météo idéale
2009-04-24,25,17,9,15,22,23,0,82,10,1019,12.875,26,16,17,113,113,113,,,,météo idéale
2009-04-25,27,18,9,16,24,24,0,83,10,1019,34,28,17,18,122,113,113,,,,météo favorable
2009-04-26,26,18,8,15,23,23,0,78,10,1021,6.375,27,15,18,113,113,113,,,,météo idéale
2009-04-27,26,16,8,14,22,21,0,79,10,1020,0.125,27,14,16,113,113,113,,,,météo idéale
2009-04-28,27,16,5,13,23,21,0,73,10,1018,0,27,13,16,113,113,113,,,,météo idéale
2009-04-29,27,16,5,10,23,21,0,74,10,1016,0,27,13,16,113,113,113,,,,météo idéale
2009-04-30,25,15,10,14,21,23,0,77,10,1022,4,26,15,15,113,113,113,,,,météo idéale
2009-05-01,24,15,10,14,20,21,0,80,10,1022,8.125,25,13,14,113,113,116,,,,météo idéale
2009-05-02,23,12,8,10,19,20,0,77,10,1021,6,25,14,12,113,113,113,,,,météo favorable
2009-05-03,25,15,9,12,21,22,0,88,9,1018,1.375,26,16,14,143,113,113,,,,météo idéale
2009-05-04,26,16,8,15,22,22,0.3,92,8.625,1013,23.875,27,17,16,248,113,116,,,,météo idéale
2009-05-05,21,15,14,15,18,18,0.1,73,10,1016,12.75,22,16,14,113,113,113,,,,météo favorable
2009-05-06,21,10,4,6,18,15,0,69,10,1018,5.75,23,8,11,113,113,113,,,,météo favorable
2009-05-07,22,10,7,7,17,16,0,72,10,1017,8.625,23,9,10,113,113,113,,,,météo favorable
2009-05-08,23,13,5,9,19,17,0,72,10,1018,14.375,24,10,13,113,113,113,,,,météo favorable
2009-05-09,24,12,9,10,19,20,0,81,10,1016,2.25,25,14,12,113,113,113,,,,météo favorable
2009-05-10,25,15,11,13,21,22,0,79,10,1014,2.5,26,17,14,113,113,113,,,,météo idéale
2009-05-11,26,21,11,19,23,24,7.2,95,6.75,1011,59.5,29,23,21,143,353,353,,,,météo correcte
2009-05-12,22,20,16,18,22,22,13.9,97,8.5,1013,88.375,25,20,20,353,353,122,,,,météo défavorable
2009-05-13,20,17,16,18,20,17,9.3,98,5,1011,97.125,20,20,17,248,356,266,,,,météo défavorable
2009-05-14,15,11,19,12,12,13,1.4,89,6.625,1019,80,15,12,9,266,119,116,,,,météo défavorable
2009-05-15,16,7,6,5,12,10,0,90,8.75,1020,17.75,16,7,6,248,113,113,,,,météo correcte
2009-05-16,17,8,16,6,13,15,0,79,10,1019,8.375,17,9,6,113,113,113,,,,météo correcte
2009-05-17,21,11,13,10,16,17,0,87,10,1016,18.25,22,13,9,113,116,113,,,,météo favorable
2009-05-18,20,16,12,15,19,19,7.6,97,7.5,1021,73.625,20,17,16,296,116,116,,,,météo défavorable
2009-05-19,20,12,12,11,17,18,0,94,5.625,1023,48,23,15,11,248,113,113,,,,météo favorable
2009-05-20,23,18,15,17,20,23,3.1,97,5.25,1018,76.875,26,22,18,266,353,353,,,,météo défavorable
2009-05-21,27,21,18,20,24,26,2.4,93,9.875,1015,25.25,29,21,21,116,113,113,,,,météo idéale
2009-05-22,27,20,17,19,24,25,0,94,10,1016,19.75,29,20,20,116,113,113,,,,météo idéale
2009-05-23,27,19,13,19,23,25,0,95,7.875,1016,27.875,28,20,19,248,113,113,,,,météo idéale
2009-05-24,26,19,9,19,23,24,0.6,89,9.75,1015,26.375,28,20,19,116,116,176,,,,météo favorable
2009-05-25,24,18,8,17,22,21,0.5,96,5.125,1011,66.625,26,19,18,248,119,116,,,,météo défavorable
2009-05-26,18,16,19,18,17,16,0.8,83,6.375,1019,46.5,18,18,16,266,113,113,,,,météo favorable
2009-05-27,12,10,13,8,11,11,0.2,70,10,1023,25.25,12,7,8,113,116,113,,,,météo défavorable
2009-05-28,16,8,10,8,12,13,0.4,78,9.875,1027,15,16,6,6,113,113,113,,,,météo correcte
2009-05-29,15,10,12,10,13,14,0.1,69,9.625,1026,13.875,15,6,8,113,113,113,,,,météo correcte
2009-05-30,11,10,15,9,11,11,29.9,97,7.625,1023,89.125,11,11,8,302,296,296,,,,météo très défavorable
2009-05-31,11,7,15,8,8,10,5.1,96,7.5,1018,74.25,11,9,5,266,122,116,,,,météo défavorable
2009-06-01,14,7,15,5,11,12,0,94,9,1020,21.5,14,7,5,143,113,113,,,,météo correcte
2009-06-02,12,6,15,5,9,8,0,86,10,1026,9.375,12,5,3,113,116,113,,,,météo défavorable
2009-06-03,14,4,15,3,10,11,0,90,9,1026,10.375,14,6,2,143,113,116,,,,météo correcte
2009-06-04,16,7,17,6,12,14,0,88,9,1019,27.5,16,9,5,143,116,116,,,,météo correcte
2009-06-05,17,9,17,8,14,14,0,93,6.875,1023,16.625,17,9,8,248,113,113,,,,météo correcte
2009-06-06,15,7,6,5,12,12,0,84,10,1026,0.75,15,8,6,113,113,113,,,,météo correcte
2009-06-07,15,6,9,5,11,12,0,94,6.875,1027,27.75,15,8,4,248,116,113,,,,météo correcte
2009-06-08,17,8,9,6,13,14,0,91,6.375,1023,22.125,17,10,7,143,113,113,,,,météo correcte
2009-06-09,14,7,8,6,11,10,0,92,6.625,1021,7.875,14,7,6,143,113,113,,,,météo correcte
2009-06-10,16,6,6,3,12,10,0,79,10,1022,6.875,16,6,5,113,113,113,,,,météo correcte
2009-06-11,14,7,11,6,11,12,0,95,7.25,1027,22,14,8,5,248,113,113,,,,météo correcte
2009-06-12,15,6,6,4,11,11,0,92,6.625,1029,1.875,15,7,5,143,113,113,,,,météo correcte
2009-06-13,16,6,14,5,12,14,0,92,9,1026,2.125,16,10,4,143,113,113,,,,météo correcte
2009-06-14,18,9,14,8,14,16,0,96,6.625,1018,34.375,18,11,7,248,113,113,,,,météo favorable
2009-06-15,14,11,9,10,14,14,5.4,96,5.375,1016,56.125,14,13,10,248,263,293,,,,météo correcte
2009-06-16,16,11,15,12,13,13,8.2,94,8.25,1021,39.5,16,13,10,266,113,113,,,,météo correcte
2009-06-17,16,7,11,5,12,14,0,85,9.375,1020,8.25,16,11,6,113,113,113,,,,météo correcte
2009-06-18,18,10,14,10,14,16,0,97,4.875,1019,47.375,18,12,9,248,113,113,,,,météo favorable
2009-06-19,20,12,22,11,16,20,0.1,93,10,1016,25.625,22,16,10,116,113,116,,,,météo favorable
2009-06-20,22,18,24,18,21,22,2,93,8.375,1012,72.75,25,21,18,119,122,353,,,,météo défavorable
2009-06-21,20,13,15,18,14,13,31.2,97,6.25,1015,98.875,20,20,12,356,356,266,,,,météo très défavorable
2009-06-22,15,11,17,11,12,15,3.9,95,9.75,1016,63,15,12,9,122,116,113,,,,météo correcte
2009-06-23,14,8,19,9,11,12,0,79,10,1022,22.375,14,9,6,113,113,113,,,,météo correcte
2009-06-24,12,4,6,3,9,6,0,84,10,1027,0.125,12,3,3,113,113,113,,,,météo très défavorable
2009-06-25,14,4,5,0,10,8,0,81,10,1026,2.25,14,3,3,113,113,113,,,,météo correcte
2009-06-26,13,6,7,4,10,10,0,67,10,1027,53.875,13,4,4,116,122,113,,,,météo correcte
2009-06-27,14,4,11,3,9,12,0,68,10,1026,2.625,14,6,1,113,113,113,,,,météo correcte
2009-06-28,16,10,19,9,14,16,2.8,95,9.625,1021,63,16,15,8,116,119,296,,,,météo correcte
2009-06-29,17,14,24,17,15,14,75.8,97,7.125,1011,74,17,17,13,308,122,113,,,,météo très défavorable
2009-06-30,15,8,18,8,11,12,0,73,10,1015,0.125,15,7,5,113,113,113,,,,météo correcte
2009-07-01,17,8,7,5,14,14,0,81,10,1017,16.25,17,10,8,119,113,113,,,,météo correcte
2009-07-02,15,7,8,7,12,11,0,90,8,1021,10.125,15,8,6,143,116,113,,,,météo correcte
2009-07-03,17,6,5,4,12,11,0,77,10,1021,6.25,17,8,5,113,113,113,,,,météo correcte
2009-07-04,17,7,16,7,13,15,0,75,10,1019,21.125,17,9,6,113,116,116,,,,météo correcte
2009-07-05,17,13,12,13,14,16,29.1,99,7.75,1016,87.375,17,17,12,353,356,356,,,,météo très défavorable
2009-07-06,20,18,17,18,19,19,12,98,9,1016,91.75,20,19,18,353,356,353,,,,météo défavorable
2009-07-07,22,17,9,16,20,20,2.1,99,4.125,1015,69.125,25,20,17,248,119,143,,,,météo défavorable
2009-07-08,16,11,21,12,11,11,0.8,90,8,1023,58.375,16,15,8,266,119,113,,,,météo correcte
2009-07-09,12,4,6,3,8,8,0,81,10,1024,0.875,12,5,2,113,113,113,,,,météo très défavorable
2009-07-10,14,5,12,1,11,11,0,87,10,1018,11.5,14,6,4,113,116,113,,,,météo correcte
2009-07-11,10,5,13,5,7,7,0.3,94,8,1023,38.625,10,5,3,143,119,113,,,,météo très défavorable
2009-07-12,13,4,14,3,9,11,0,90,8,1020,2.25,13,7,1,143,113,113,,,,météo correcte
2009-07-13,15,7,14,6,12,13,0,95,6.625,1024,35.75,15,9,6,248,113,113,,,,météo correcte
2009-07-14,13,5,6,4,9,9,0,92,8,1029,10.25,13,6,3,143,113,113,,,,météo correcte
2009-07-15,14,7,9,7,11,12,0.8,75,9.375,1025,35,14,7,5,263,116,113,,,,météo correcte
2009-07-16,13,6,9,4,10,11,0,93,7.375,1021,21.375,13,8,5,143,116,113,,,,météo correcte
2009-07-17,15,7,8,5,12,13,0,95,5.875,1024,37.75,15,11,6,248,116,113,,,,météo correcte
2009-07-18,16,7,11,6,12,14,0,88,6.75,1027,21.25,16,11,5,113,113,119,,,,météo correcte
2009-07-19,17,10,13,9,15,16,0,97,4.75,1024,69.25,17,13,9,248,122,113,,,,météo défavorable
2009-07-20,15,10,15,10,13,15,0.1,90,10,1021,25.25,15,12,8,116,113,116,,,,météo correcte
2009-07-21,18,15,36,16,18,15,48.5,97,6,1009,87.75,18,18,13,122,356,305,,,,météo très défavorable
2009-07-22,11,7,21,9,9,8,4.7,83,9.75,1020,24.125,11,10,5,113,113,113,,,,météo défavorable
2009-07-23,8,1,18,1,5,6,0,72,10,1025,3.75,8,1,-4,113,113,113,,,,météo très défavorable
2009-07-24,9,0,13,-2,5,6,0,73,10,1027,0.5,9,1,-4,113,113,113,,,,météo très défavorable
2009-07-25,11,1,14,0,7,9,0,79,10,1025,0.25,11,4,-2,113,113,113,,,,météo très défavorable
2009-07-26,14,3,7,2,9,10,0,88,8,1024,3.375,14,6,1,143,113,113,,,,météo correcte
2009-07-27,15,5,6,3,11,10,0,85,10,1023,0.75,15,7,4,113,113,113,,,,météo correcte
2009-07-28,16,7,8,3,13,13,0,83,10,1021,19.5,16,8,7,116,116,113,,,,météo correcte
2009-07-29,13,4,8,3,9,9,0,85,7,1024,2.875,13,6,3,143,113,113,,,,météo correcte
2009-07-30,14,4,8,2,10,11,0,74,10,1027,9.375,14,4,3,113,113,113,,,,météo correcte
2009-07-31,14,4,14,3,9,12,0,74,10,1026,23.75,14,4,1,116,116,113,,,,météo correcte
2009-08-01,11,5,13,4,9,11,0.1,83,9.375,1022,49.875,11,8,2,113,119,122,,,,météo très défavorable
2009-08-02,13,9,15,9,10,13,1.3,96,5.625,1022,72.75,13,10,7,248,119,116,,,,météo défavorable
2009-08-03,17,7,10,5,13,15,0,90,6.625,1023,4,17,11,6,143,113,113,,,,météo correcte
2009-08-04,19,10,17,9,15,18,0,95,7.875,1020,37.625,19,13,8,248,113,116,,,,météo favorable
2009-08-05,18,16,18,15,17,17,24.6,99,7.125,1010,92.25,18,18,16,296,356,302,,,,météo très défavorable
2009-08-06,17,10,12,10,13,14,1.6,77,9.875,1021,1.75,17,13,8,113,113,113,,,,météo correcte
2009-08-07,15,9,12,8,11,14,0,74,10,1021,12.875,15,9,8,113,113,113,,,,météo correcte
2009-08-08,16,11,19,10,13,14,0,75,10,1025,16.5,16,7,9,116,113,113,,,,météo correcte
2009-08-09,12,8,16,8,10,11,0,78,10,1026,23.625,12,5,6,116,113,116,,,,météo défavorable
2009-08-10,16,5,8,2,12,14,0,69,10,1026,1.625,16,6,5,113,113,113,,,,météo correcte
2009-08-11,18,7,15,5,13,17,0,81,10,1024,0,18,12,5,113,113,113,,,,météo favorable
2009-08-12,21,10,23,9,16,20,0,93,7.875,1022,26.125,23,15,8,116,113,116,,,,météo favorable
2009-08-13,21,14,9,14,16,21,0.3,98,7.5,1018,43.125,23,17,13,248,116,113,,,,météo favorable
2009-08-14,26,18,21,17,21,26,0,93,6.625,1015,38,28,20,18,248,113,113,,,,météo favorable
2009-08-15,29,22,27,22,26,27,0,79,10,1005,17.875,30,20,22,113,113,122,,,,météo idéale
2009-08-16,23,10,23,21,20,10,39.5,96,7.625,1012,64.625,25,19,8,353,356,356,,,,météo très défavorable
2009-08-17,16,8,15,7,12,14,2.6,81,9.75,1019,14.375,16,8,5,116,113,113,,,,météo correcte
2009-08-18,16,8,18,7,12,15,0,67,10,1019,36.75,16,9,5,116,113,119,,,,météo correcte
2009-08-19,12,10,18,9,12,12,15.8,96,8.875,1014,99.5,12,12,9,296,296,353,,,,météo défavorable
2009-08-20,11,9,18,8,11,11,2.5,90,8.875,1025,89.25,11,8,6,119,119,119,,,,météo défavorable
2009-08-21,15,8,8,7,12,14,0,89,9,1026,24.625,15,9,8,143,116,113,,,,météo correcte
2009-08-22,16,8,13,7,12,15,0,84,10,1021,21.5,16,10,6,113,116,113,,,,météo correcte
2009-08-23,20,11,10,7,17,18,0,91,6.875,1017,15.375,20,13,11,248,113,113,,,,météo favorable
2009-08-24,23,13,11,11,19,21,0,91,7.875,1020,18.75,25,16,13,248,113,113,,,,météo favorable
2009-08-25,23,13,9,12,19,22,0,90,9,1022,4.625,25,17,13,143,113,113,,,,météo favorable
2009-08-26,25,17,14,16,21,24,0,94,6.625,1019,35.125,26,18,17,248,113,113,,,,météo favorable
2009-08-27,26,18,12,16,23,25,0,93,7.5,1019,32.75,28,20,18,248,113,113,,,,météo favorable
2009-08-28,27,18,17,16,23,25,0,90,6.875,1018,16.75,28,19,18,248,113,113,,,,météo idéale
2009-08-29,28,20,24,19,25,27,0,90,10,1014,12.5,30,19,20,116,113,113,,,,météo idéale
2009-08-30,30,21,21,20,26,28,0,84,10,1011,3.75,32,21,21,113,113,113,,,,météo idéale
2009-08-31,28,21,15,20,26,26,8.8,83,9.375,1010,22,30,23,21,113,113,356,,,,météo correcte
2009-09-01,21,17,14,18,18,17,14,97,9.5,1012,95.625,22,20,17,353,353,353,,,,météo défavorable
2009-09-02,18,16,14,16,17,17,60.3,98,4.875,1013,99.25,18,17,16,356,359,356,,,,météo très défavorable
2009-09-03,20,17,21,16,19,19,16,97,8.75,1015,76.125,20,18,17,293,122,116,,,,météo très défavorable
2009-09-04,18,15,15,15,17,18,0.4,90,8.375,1020,75.125,18,14,15,122,122,116,,,,météo défavorable
2009-09-05,20,12,7,9,17,18,0,92,6.5,1019,19.875,20,13,12,248,113,113,,,,météo favorable
2009-09-06,22,13,9,10,19,21,0,82,10,1016,13,23,16,12,113,113,113,,,,météo favorable
2009-09-07,17,15,17,15,17,15,12.9,97,6.75,1006,62.125,17,17,15,119,389,299,,,,météo correcte
2009-09-08,12,9,18,10,10,11,1.2,76,9.875,1018,48.875,12,10,7,116,119,116,,,,météo défavorable
2009-09-09,13,7,9,5,10,11,0,76,10,1026,40.25,13,5,6,116,116,113,,,,météo correcte
2009-09-10,15,6,12,3,12,14,0,74,10,1032,1.5,15,6,4,113,113,113,,,,météo correcte
2009-09-11,13,7,13,5,11,12,0.5,84,9.375,1033,45,13,10,5,113,119,122,,,,météo correcte
2009-09-12,18,12,14,11,15,17,3.7,96,8.25,1027,46.25,18,12,11,296,113,113,,,,météo favorable
2009-09-13,20,11,7,8,17,19,0,88,8,1023,14,20,13,11,143,113,113,,,,météo favorable
2009-09-14,23,13,13,11,19,22,0,94,8.75,1021,21.875,24,16,12,248,113,113,,,,météo favorable
2009-09-15,25,14,10,13,21,23,0,91,7.875,1017,24.625,26,18,14,248,113,113,,,,météo favorable
2009-09-16,24,18,19,16,23,22,1.9,88,9.375,1018,29.25,26,18,18,176,113,176,,,,météo idéale
2009-09-17,18,13,25,15,14,16,54.7,97,7.375,1019,70.25,18,16,12,176,308,302,,,,météo très défavorable
2009-09-18,16,12,23,14,12,13,11.8,96,6,1013,88.25,16,16,10,266,122,122,,,,météo défavorable
2009-09-19,18,11,19,9,15,17,0,86,8,1019,27.5,18,11,9,143,116,113,,,,météo favorable
2009-09-20,19,10,8,6,16,18,0,75,10,1020,6.75,19,11,9,113,113,113,,,,météo favorable
2009-09-21,21,11,10,7,17,19,0,73,10,1019,2.5,23,13,11,113,113,113,,,,météo favorable
2009-09-22,22,12,22,9,18,18,0.1,90,9,1016,29,23,14,11,143,113,119,,,,météo favorable
2009-09-23,14,8,21,9,10,14,2.7,95,8,1022,78.5,14,9,5,266,122,116,,,,météo défavorable
2009-09-24,17,8,8,5,14,16,0,81,9,1025,0.375,17,9,7,143,113,113,,,,météo correcte
2009-09-25,19,10,15,7,16,19,0,78,10,1022,2,19,11,8,113,113,113,,,,météo favorable
2009-09-26,25,13,6,9,21,23,0,85,9,1013,1.75,26,17,13,143,113,113,,,,météo favorable
2009-09-27,20,15,30,14,20,15,1.2,84,9,1014,34.625,22,15,13,113,116,266,,,,météo favorable
2009-09-28,14,8,22,7,11,13,5.6,83,7.875,1027,48.125,14,9,4,266,113,113,,,,météo correcte
2009-09-29,14,6,14,2,12,13,0,67,10,1032,0,14,5,4,113,113,113,,,,météo correcte
2009-09-30,16,8,15,5,14,15,0,79,8,1032,34.125,16,8,6,143,119,116,,,,météo correcte
2009-10-01,18,12,12,11,15,17,0.1,82,10,1023,63.25,18,10,11,116,116,116,,,,météo correcte
2009-10-02,22,12,4,7,18,20,0,79,9,1021,4.125,23,13,11,143,113,113,,,,météo favorable
2009-10-03,23,12,9,8,19,22,0,73,10,1021,12.875,25,14,12,113,113,113,,,,météo favorable
2009-10-04,26,14,12,12,21,26,0,83,9,1016,10.5,27,19,14,143,113,113,,,,météo favorable
2009-10-05,29,26,21,24,29,26,16,88,9.5,1006,37.625,35,25,26,353,353,353,,,,météo très défavorable
2009-10-06,21,18,20,18,20,20,2,89,8.125,1020,39,23,18,18,263,116,113,,,,météo favorable
2009-10-07,19,12,15,11,16,18,0,65,10,1027,8.25,19,8,11,113,113,113,,,,météo favorable
2009-10-08,20,11,11,7,17,19,0,70,10,1026,2.5,20,10,9,113,113,113,,,,météo favorable
2009-10-09,23,13,13,9,19,22,0,71,10,1022,0.5,25,12,11,113,113,113,,,,météo favorable
2009-10-10,27,17,23,14,23,27,0.2,75,9.875,1015,21.875,29,21,16,116,113,113,,,,météo idéale
2009-10-11,25,17,21,20,17,19,74.9,95,8.75,1009,28.875,26,19,17,356,299,113,,,,météo très défavorable
2009-10-12,22,13,12,9,19,21,0,64,10,1014,0.75,23,13,12,113,113,113,,,,météo favorable
2009-10-13,25,15,14,11,21,24,0,72,10,1013,6.75,26,16,14,113,113,113,,,,météo idéale
2009-10-14,21,14,21,12,18,19,0,80,10,1013,18.25,23,14,14,116,116,113,,,,météo favorable
2009-10-15,19,12,14,9,16,17,0,77,10,1019,50.125,19,8,11,122,116,116,,,,météo favorable
2009-10-16,19,11,12,9,16,18,0,61,10,1022,18.5,19,8,9,116,113,113,,,,météo favorable
2009-10-17,23,12,12,7,19,22,0,76,10,1019,8.125,25,12,12,113,113,113,,,,météo favorable
2009-10-18,24,14,15,10,21,23,0,80,9,1018,12.5,25,14,14,143,113,113,,,,météo favorable
2009-10-19,26,17,9,14,23,25,0,74,10,1014,7,27,15,17,113,113,113,,,,météo idéale
2009-10-20,26,17,11,12,23,24,0,78,9,1014,9.25,26,13,17,143,113,116,,,,météo idéale
2009-10-21,25,18,15,15,23,23,0,65,10,1013,9.125,26,14,18,113,113,113,,,,météo idéale
2009-10-22,26,15,6,12,22,25,0,79,9,1014,6,26,16,15,143,113,113,,,,météo idéale
2009-10-23,30,19,17,15,26,29,0,69,10,1010,6.125,31,19,19,113,113,113,,,,météo idéale
2009-10-24,22,13,28,15,13,19,9.4,69,9.5,1016,28.875,25,18,11,299,113,113,,,,météo correcte
2009-10-25,24,13,12,9,20,23,0,68,10,1016,6.5,25,14,13,113,113,113,,,,météo favorable
2009-10-26,23,16,18,14,21,21,0,56,10,1019,19.75,24,8,15,113,116,113,,,,météo favorable
2009-10-27,25,14,13,10,20,24,0,59,10,1019,4.125,25,12,13,113,113,113,,,,météo favorable
2009-10-28,32,18,6,13,27,31,0,73,10,1015,9.875,35,21,18,113,113,113,,,,météo favorable
2009-10-29,35,25,11,20,31,33,0,81,9,1013,3.75,39,22,25,143,113,113,,,,météo favorable
2009-10-30,36,27,18,24,32,35,0,71,10,1008,7.625,43,24,27,113,113,113,,,,météo correcte
2009-10-31,36,27,16,24,33,34,0,71,10,1009,5.875,38,22,27,113,113,113,,,,météo favorable
2009-11-01,34,26,16,23,31,33,0,64,10,1007,11.125,37,19,26,113,113,113,,,,météo favorable
2009-11-02,37,27,21,24,33,36,0.6,62,9.875,1006,16.375,42,22,27,113,113,200,,,,météo correcte
2009-11-03,26,16,15,19,16,16,50,95,6,1011,70.625,29,23,16,356,356,353,,,,météo très défavorable
2009-11-04,17,14,19,13,16,16,85.8,97,6.25,1010,83.875,17,16,13,356,308,356,,,,météo très défavorable
2009-11-05,17,16,10,15,16,16,61.9,99,7,1010,86.375,17,16,16,353,308,308,,,,météo très défavorable
2009-11-06,18,15,13,14,17,17,47.3,92,7,1009,66.875,18,15,15,116,116,113,,,,météo très défavorable
2009-11-07,22,17,21,19,19,20,2.5,95,5.375,1011,66.875,23,18,17,266,116,113,,,,météo défavorable
2009-11-08,16,12,12,8,16,16,0.1,77,10,1015,25.375,16,12,12,116,116,113,,,,météo correcte
2009-11-09,26,14,5,8,23,26,0,74,10,1013,17.125,27,19,14,113,113,116,,,,météo favorable
2009-11-10,24,17,16,14,21,22,0,56,10,1015,8.5,25,13,16,113,113,113,,,,météo idéale
2009-11-11,26,17,11,12,23,26,0,73,10,1015,3.875,27,16,16,113,113,113,,,,météo idéale
2009-11-12,29,20,8,15,26,29,0,84,9,1012,8.625,32,22,20,143,113,113,,,,météo idéale
2009-11-13,26,23,11,20,26,23,33,98,7.625,1008,52.125,29,24,23,176,356,356,,,,météo très défavorable
2009-11-14,27,23,13,21,25,26,23.3,93,8.125,1011,37.125,30,24,23,356,176,176,,,,météo très défavorable
2009-11-15,26,20,14,19,23,26,0.1,84,8,1014,36,28,21,20,116,116,113,,,,météo favorable
2009-11-16,27,19,12,16,24,27,0,77,10,1015,0.25,28,18,19,113,113,113,,,,météo idéale
2009-11-17,29,22,13,19,27,29,7,92,8.375,1008,48.125,35,26,22,248,353,386,,,,météo correcte
2009-11-18,30,26,10,24,28,30,36.9,95,6.5,1006,64.125,38,27,26,356,356,176,,,,météo très défavorable
2009-11-19,26,23,22,25,24,24,20.1,95,8.875,1009,40.375,29,25,23,386,356,113,,,,météo très défavorable
2009-11-20,21,18,17,17,20,20,2.5,82,9.625,1014,9.375,23,17,18,113,113,176,,,,météo favorable
2009-11-21,20,18,15,16,20,20,33.9,99,6.125,1011,86.75,20,20,18,353,359,266,,,,météo très défavorable
2009-11-22,29,21,9,21,25,29,13.2,98,8.875,1008,59.25,33,24,21,353,116,113,,,,météo défavorable
2009-11-23,26,23,12,21,24,26,50.6,99,6.375,1007,59,29,24,23,359,359,116,,,,météo très défavorable
2009-11-24,30,21,11,19,25,30,0.8,90,8.875,1008,26.875,36,26,21,143,176,113,,,,météo favorable
2009-11-25,33,25,7,22,31,33,0.8,86,9,1006,10.875,43,27,25,143,113,113,,,,météo correcte
2009-11-26,26,22,15,24,24,22,20.1,98,6.625,1012,58.875,29,24,22,356,266,116,,,,météo très défavorable
2009-11-27,28,20,12,19,24,28,8,87,9.75,1012,45,33,25,20,353,353,386,,,,météo correcte
2009-11-28,26,23,11,22,25,26,69.5,96,8,1007,52.875,29,23,23,353,119,113,,,,météo très défavorable
2009-11-29,31,23,17,20,28,31,0.6,87,6,1006,46.25,40,26,23,248,116,113,,,,météo correcte
2009-11-30,24,16,14,16,20,24,94.1,81,9,1012,17.625,26,22,16,113,113,113,,,,météo très défavorable
2009-12-01,28,17,10,13,23,28,0,72,10,1012,2.5,31,23,16,113,113,113,,,,météo idéale
2009-12-02,27,20,9,19,20,27,31.7,97,8.375,1008,40.25,30,23,20,353,305,113,,,,météo très défavorable
2009-12-03,24,18,18,18,22,23,0.1,69,7.625,1016,7.625,25,19,18,113,113,113,,,,météo idéale
2009-12-04,22,16,12,14,19,22,0.6,69,9.375,1019,9.375,25,13,15,113,113,113,,,,météo favorable
2009-12-05,20,15,14,12,19,20,1.2,80,9.75,1014,12.5,20,16,15,113,113,176,,,,météo favorable
2009-12-06,24,16,15,13,21,23,1.4,83,8,1014,21,26,17,16,143,116,113,,,,météo favorable
2009-12-07,21,16,17,15,20,20,0,81,10,1017,19.875,22,15,16,113,116,113,,,,météo favorable
2009-12-08,25,17,11,14,22,25,0,78,10,1017,10.5,27,17,17,113,113,116,,,,météo idéale
2009-12-09,28,19,10,16,25,27,0,80,10,1016,8.75,29,19,19,113,113,113,,,,météo idéale
2009-12-10,30,21,13,18,27,29,0.3,83,9,1014,10.875,31,20,21,143,113,113,,,,météo idéale
2009-12-11,22,20,13,20,20,20,30.4,96,8.125,1012,51.75,22,20,20,299,296,113,,,,météo très défavorable
2009-12-12,24,20,18,18,23,24,3.6,80,9.625,1015,28.75,26,17,20,113,353,113,,,,météo correcte
2009-12-13,25,17,10,14,22,24,0,80,10,1016,6.75,26,16,17,113,113,113,,,,météo idéale
2009-12-14,28,18,10,13,24,27,0.8,73,9.875,1013,9.625,30,20,18,113,113,176,,,,météo idéale
2009-12-15,29,22,6,16,27,29,0.2,78,10,1015,3.875,30,19,22,113,113,113,,,,météo idéale
2009-12-16,28,20,10,20,24,28,0,75,10,1015,14.125,30,20,20,113,113,113,,,,météo idéale
2009-12-17,29,21,13,19,26,29,0,72,10,1015,7,31,20,21,113,113,113,,,,météo idéale
2009-12-18,32,22,14,19,27,32,0,79,10,1014,7.625,37,23,22,113,113,113,,,,météo favorable
2009-12-19,31,27,18,23,31,30,11.6,80,8.75,1012,19.625,38,26,27,113,176,176,,,,météo correcte
2009-12-20,27,24,9,23,26,26,33.9,96,7.375,1013,41.875,30,25,24,359,299,176,,,,météo très défavorable
2009-12-21,30,22,11,20,27,30,0.2,91,7.875,1013,39.375,35,23,22,248,116,113,,,,météo favorable
2009-12-22,31,24,10,21,29,29,4.5,85,9.625,1014,43,36,25,24,116,119,176,,,,météo correcte
2009-12-23,29,25,12,24,28,28,11.3,94,9.125,1013,43.125,35,26,25,353,353,176,,,,météo correcte
2009-12-24,30,25,13,23,28,26,42.6,93,5.625,1010,62.875,37,27,25,248,263,359,,,,météo très défavorable
2009-12-25,28,21,12,22,23,28,23.6,98,8.125,1010,86,32,25,21,296,353,353,,,,météo très défavorable
2009-12-26,27,24,13,22,27,24,53.9,97,7.25,1008,63,32,26,24,356,356,302,,,,météo très défavorable
2009-12-27,29,21,12,20,26,29,1.2,93,8.625,1007,45.375,34,24,21,248,113,116,,,,météo favorable
2009-12-28,32,23,8,21,29,32,0,87,9,1006,5.875,38,24,23,143,113,113,,,,météo favorable
2009-12-29,28,23,5,22,27,26,0.7,88,9.125,1005,32.875,32,24,23,116,200,113,,,,météo correcte
2009-12-30,28,21,15,21,25,27,0.4,83,7.25,1012,35,28,22,21,122,113,113,,,,météo favorable
2009-12-31,28,20,11,17,25,28,0,65,10,1016,13.875,29,17,20,113,113,113,,,,météo idéale
2010-01-01,31,19,9,17,26,30,0,73,10,1014,0.875,33,20,19,113,113,113,,,,météo idéale
2010-01-02,31,22,11,18,28,31,0,69,10,1014,0,32,19,22,113,113,113,,,,météo idéale
2010-01-03,33,23,10,19,30,33,0,69,10,1013,6.625,37,21,23,113,113,113,,,,météo favorable
2010-01-04,32,26,8,24,29,31,21.4,91,8.125,1009,33.75,41,27,26,353,356,356,,,,météo très défavorable
2010-01-05,32,26,5,24,30,32,6.3,92,5.75,1006,56,42,27,26,248,386,386,,,,météo correcte
2010-01-06,27,22,22,26,22,24,61.3,97,7.75,1012,40.75,32,26,22,389,263,113,,,,météo très défavorable
2010-01-07,22,17,14,18,21,20,0,65,10,1017,16.125,25,14,17,113,113,116,,,,météo favorable
2010-01-08,25,18,9,18,21,24,2.8,87,9.875,1014,22.125,27,20,18,113,113,353,,,,météo idéale
2010-01-09,31,23,6,19,29,30,11.9,93,9.125,1011,37.75,38,25,23,353,353,386,,,,météo correcte
2010-01-10,29,26,9,23,29,28,17.4,90,8,1008,30.5,35,25,26,176,356,176,,,,météo très défavorable
2010-01-11,32,24,9,22,29,31,0.3,86,6.25,1009,47.875,36,23,24,248,113,113,,,,météo favorable
2010-01-12,25,21,18,23,21,21,22.5,96,8.75,1011,29.625,28,23,21,353,299,116,,,,météo très défavorable
2010-01-13,27,16,7,13,23,27,0,73,10,1016,1.625,27,16,16,113,113,113,,,,météo idéale
2010-01-14,29,19,7,15,25,29,0,66,10,1016,1.375,30,16,19,113,113,113,,,,météo idéale
2010-01-15,29,20,8,17,26,29,0,69,10,1018,6.875,30,17,20,113,116,113,,,,météo favorable
2010-01-16,31,20,5,20,26,30,0.5,77,9.375,1015,30.875,31,17,20,116,116,113,,,,météo favorable
2010-01-17,33,23,5,19,29,33,0,72,10,1013,4.25,35,19,23,113,113,113,,,,météo favorable
2010-01-18,33,24,13,20,30,31,1.4,73,10,1012,5,38,24,24,113,113,113,,,,météo favorable
2010-01-19,27,25,14,23,26,27,6.1,91,9.75,1005,22.875,29,23,25,353,113,113,,,,météo favorable
2010-01-20,29,20,8,17,26,29,0,77,10,1012,8.75,30,18,20,113,113,113,,,,météo idéale
2010-01-21,33,22,5,16,29,32,0,67,10,1015,6.375,33,17,22,113,113,113,,,,météo idéale
2010-01-22,32,22,8,19,29,32,0,61,10,1016,8.25,33,17,22,113,113,113,,,,météo idéale
2010-01-23,32,21,14,18,28,31,0,67,10,1015,3.75,32,16,21,113,113,113,,,,météo idéale
2010-01-24,33,23,9,19,30,32,0,77,10,1014,11.75,35,19,23,113,116,113,,,,météo favorable
2010-01-25,32,25,14,21,30,31,2,82,8.75,1014,21.5,35,21,25,143,176,113,,,,météo favorable
2010-01-26,31,24,9,21,28,31,8.4,84,8.875,1014,15.625,35,22,24,176,176,176,,,,météo correcte
2010-01-27,30,24,9,21,29,30,4.2,84,8.125,1012,25.875,33,21,24,248,176,113,,,,météo favorable
2010-01-28,33,24,8,21,30,32,0,78,10,1011,13.75,35,19,24,113,113,113,,,,météo favorable
2010-01-29,35,25,6,21,31,34,0,81,8.75,1007,23.375,37,21,25,248,113,113,,,,météo favorable
2010-01-30,36,25,8,21,32,35,0,72,10,1010,4.75,38,19,25,113,113,113,,,,météo favorable
2010-01-31,32,26,8,24,31,31,5.3,81,9.5,1011,15.375,38,25,26,113,386,113,,,,météo correcte
2010-02-01,30,25,9,24,27,30,7.1,92,9.5,1010,19.5,36,26,25,176,386,386,,,,météo correcte
2010-02-02,29,27,15,25,28,28,44.3,95,5.125,1007,62,37,27,27,356,359,356,,,,météo très défavorable
2010-02-03,32,28,22,27,30,32,13,81,9.25,1004,31.375,40,26,28,116,353,176,,,,météo défavorable
2010-02-04,30,25,13,26,28,29,48.1,97,6.125,1008,49.25,38,27,25,356,356,356,,,,météo très défavorable
2010-02-05,25,23,17,22,24,25,153.7,99,5.5,1010,75.875,28,25,23,176,356,308,,,,météo très défavorable
2010-02-06,28,26,12,24,27,27,220.9,98,5.75,1006,73,33,27,26,308,359,116,,,,météo très défavorable
2010-02-07,33,25,13,23,30,33,9.2,94,7.5,1007,32.25,47,29,25,248,386,386,,,,météo défavorable
2010-02-08,30,25,13,25,28,29,3.8,91,9,1011,14.625,34,27,25,143,113,113,,,,météo favorable
2010-02-09,30,21,6,16,27,30,0,75,10,1010,0.125,32,20,21,113,113,113,,,,météo idéale
2010-02-10,32,21,6,17,29,31,0,74,10,1008,2.625,34,21,21,113,113,113,,,,météo idéale
2010-02-11,32,23,8,20,29,32,0,79,10,1011,2.25,37,23,23,113,113,113,,,,météo favorable
2010-02-12,32,24,8,23,29,32,0.2,85,10,1013,30.875,39,24,24,116,113,116,,,,météo favorable
2010-02-13,34,26,8,24,31,32,4.2,86,9.5,1011,23.875,41,25,26,176,113,176,,,,météo correcte
2010-02-14,28,25,11,23,27,27,21.4,92,8.125,1010,24.125,32,24,25,176,176,176,,,,météo très défavorable
2010-02-15,27,21,10,21,26,25,18.5,94,8.875,1011,52.75,31,24,21,353,353,356,,,,météo très défavorable
2010-02-16,22,20,16,18,21,21,41.2,98,7.25,1013,71.5,25,21,20,302,296,113,,,,météo très défavorable
2010-02-17,23,18,15,16,21,23,0,88,10,1016,54.75,25,19,18,116,122,119,,,,météo correcte
2010-02-18,31,21,13,21,25,31,0,83,10,1015,39.125,37,24,21,116,113,113,,,,météo favorable
2010-02-19,32,25,17,24,29,31,1.1,85,9.75,1013,20.625,38,26,25,113,116,113,,,,météo favorable
2010-02-20,29,25,14,25,27,29,41,93,6.625,1010,48,37,27,25,356,359,356,,,,météo très défavorable
2010-02-21,27,25,3,24,26,27,31,98,8,1010,67,33,26,25,353,356,293,,,,météo très défavorable
2010-02-22,30,25,9,24,28,28,11.4,96,4.5,1009,69,38,27,25,248,353,353,,,,météo défavorable
2010-02-23,27,23,12,23,24,25,2.2,95,9.75,1011,51.875,29,25,23,176,119,113,,,,météo correcte
2010-02-24,24,18,15,17,21,22,0,83,10,1020,3.125,25,17,18,113,113,113,,,,météo idéale
2010-02-25,22,14,8,12,19,21,0,82,10,1023,0.75,23,14,14,113,113,113,,,,météo favorable
2010-02-26,25,16,8,13,21,23,0,79,10,1020,17.125,26,17,16,116,113,113,,,,météo idéale
2010-02-27,27,18,10,15,24,27,0,82,10,1017,1.875,29,20,18,113,113,113,,,,météo idéale
2010-02-28,27,18,12,16,24,26,0,84,10,1019,5.25,29,19,18,113,113,113,,,,météo idéale
2010-03-01,30,19,8,17,26,29,0,83,10,1018,5.375,32,20,19,113,113,113,,,,météo idéale
2010-03-02,28,21,8,20,26,26,2.8,82,9.875,1015,18.375,31,23,21,113,116,386,,,,météo favorable
2010-03-03,29,22,8,21,28,27,16.7,94,8.625,1014,25,33,24,22,353,113,176,,,,météo très défavorable
2010-03-04,29,21,7,19,27,29,1.3,91,6.75,1015,31,32,22,21,143,176,113,,,,météo favorable
2010-03-05,30,21,8,18,27,30,0,80,10,1016,3.75,33,21,21,113,113,113,,,,météo idéale
2010-03-06,30,22,10,20,26,30,0,78,10,1015,18.625,32,21,22,116,113,113,,,,météo idéale
2010-03-07,28,21,9,18,26,28,0,83,10,1015,2.125,30,20,21,113,113,113,,,,météo idéale
2010-03-08,28,20,10,19,25,28,0,84,10,1012,5,30,20,20,113,113,116,,,,météo idéale
2010-03-09,29,22,10,20,26,29,0.8,92,7.25,1014,52.25,32,22,22,248,119,113,,,,météo correcte
2010-03-10,30,22,9,19,28,28,2.5,82,9.625,1013,23.25,33,22,22,113,113,176,,,,météo idéale
2010-03-11,28,20,13,19,25,27,0.3,79,7.875,1011,3.125,28,21,20,113,113,113,,,,météo idéale
2010-03-12,27,19,7,16,24,26,0,88,7.875,1012,20.375,28,18,19,248,113,113,,,,météo idéale
2010-03-13,23,20,8,19,22,23,1.3,77,9.75,1010,30.25,25,18,20,116,116,176,,,,météo favorable
2010-03-14,29,20,12,18,26,27,0.2,90,8.75,1009,18.25,30,19,20,248,113,113,,,,météo idéale
2010-03-15,25,15,8,13,21,25,0,59,10,1016,0.5,26,13,14,113,113,113,,,,météo idéale
2010-03-16,28,17,8,14,23,27,0,60,10,1020,2.875,28,16,17,113,113,113,,,,météo idéale
2010-03-17,30,19,15,18,25,30,0,62,10,1017,6.125,33,20,19,113,113,113,,,,météo idéale
2010-03-18,27,23,12,22,24,27,20.5,89,8.875,1012,38.75,30,24,23,353,386,356,,,,météo très défavorable
2010-03-19,25,22,6,22,24,25,35.6,97,8.125,1013,68.125,29,24,22,353,356,353,,,,météo très défavorable
2010-03-20,28,21,9,20,26,27,0.6,95,6.25,1014,46.25,31,22,21,248,113,113,,,,météo favorable
2010-03-21,30,21,9,18,26,29,4.1,88,6.625,1011,21.25,33,23,21,143,113,386,,,,météo favorable
2010-03-22,24,17,12,17,21,23,3,88,9.75,1007,33.375,25,21,17,119,113,113,,,,météo favorable
2010-03-23,27,17,9,15,23,25,0,74,10,1013,2,27,17,17,113,113,113,,,,météo idéale
2010-03-24,27,17,11,15,23,26,0,64,10,1019,5,28,16,17,113,113,113,,,,météo idéale
2010-03-25,26,17,14,16,22,25,0,80,10,1021,0,27,16,17,113,113,113,,,,météo idéale
2010-03-26,26,17,12,17,21,26,0,83,10,1020,43.625,28,20,17,116,119,116,,,,météo correcte
2010-03-27,28,21,11,19,25,27,0.8,89,7.75,1018,50,31,22,21,143,119,176,,,,météo correcte
2010-03-28,28,20,11,19,25,27,0.1,89,9,1017,12.75,30,20,20,143,113,113,,,,météo idéale
2010-03-29,29,20,7,18,26,27,0,87,8.75,1015,26.125,30,20,20,248,116,113,,,,météo favorable
2010-03-30,30,20,5,16,27,27,0,78,10,1016,3,31,18,20,113,113,113,,,,météo idéale
2010-03-31,29,19,8,16,26,28,0,75,10,1015,1.75,30,18,19,113,113,113,,,,météo idéale
2010-04-01,31,20,6,17,27,28,0,73,10,1013,3.25,32,19,20,113,113,113,,,,météo idéale
2010-04-02,30,20,8,17,27,28,0,81,10,1013,6.5,32,20,20,113,113,113,,,,météo idéale
2010-04-03,22,18,13,19,19,18,0.8,77,8.75,1019,34.875,25,19,18,116,116,116,,,,météo favorable
2010-04-04,20,14,18,14,18,19,0,66,10,1025,4.125,20,12,12,113,113,113,,,,météo favorable
2010-04-05,20,11,12,10,17,19,0,80,10,1029,8.25,20,11,10,116,113,113,,,,météo favorable
2010-04-06,22,13,8,10,19,20,0,84,9,1027,0.375,25,12,12,143,113,113,,,,météo favorable
2010-04-07,23,14,10,11,19,21,0,87,8.75,1025,15.25,25,12,13,248,113,113,,,,météo favorable
2010-04-08,22,14,9,12,20,21,0,85,10,1025,29.625,25,15,14,113,116,116,,,,météo favorable
2010-04-09,24,16,12,14,21,22,0,84,10,1025,15.875,25,15,16,113,113,113,,,,météo idéale
2010-04-10,26,15,10,13,22,23,0,82,10,1023,0.125,26,15,15,113,113,113,,,,météo idéale
2010-04-11,26,16,11,14,22,24,0,79,10,1019,0.625,27,16,16,113,113,113,,,,météo idéale
2010-04-12,27,17,10,13,23,24,0,76,10,1017,25.375,28,16,17,116,116,116,,,,météo favorable
2010-04-13,25,19,11,18,23,22,2.3,84,9.875,1017,43.625,27,19,19,113,119,353,,,,météo correcte
2010-04-14,18,12,14,17,14,12,34.3,97,7,1018,90.25,18,18,11,353,296,308,,,,météo très défavorable
2010-04-15,17,10,15,9,13,17,3.6,95,8,1018,48.125,17,12,8,116,119,113,,,,météo correcte
2010-04-16,22,12,5,9,18,19,0,89,6.625,1016,0,24,13,12,143,113,113,,,,météo favorable
2010-04-17,19,15,10,12,18,18,3.6,93,9.75,1014,40,19,18,14,116,116,353,,,,météo favorable
2010-04-18,28,21,13,19,26,26,4.8,96,6.5,1013,39.25,32,24,21,248,113,386,,,,météo favorable
2010-04-19,26,22,7,21,26,25,12.9,96,9.25,1011,50.125,30,24,22,353,353,386,,,,météo correcte
2010-04-20,26,20,14,20,23,24,4,96,7.375,1010,37.625,28,21,20,248,116,113,,,,météo favorable
2010-04-21,23,15,13,15,20,21,0,78,10,1012,18,25,16,15,113,116,113,,,,météo favorable
2010-04-22,21,16,19,16,20,19,0,84,10,1018,18.75,21,14,16,113,116,113,,,,météo favorable
2010-04-23,16,10,14,10,14,14,0,80,10,1026,2.75,16,7,9,113,113,113,,,,météo correcte
2010-04-24,18,8,11,7,14,17,0,73,10,1025,13.375,18,12,6,113,113,116,,,,météo favorable
2010-04-25,19,14,11,14,18,18,0.3,92,8.625,1019,50.75,19,16,13,143,116,119,,,,météo favorable
2010-04-26,18,14,13,14,15,17,1.3,94,6.625,1017,59.375,18,14,13,119,266,113,,,,météo correcte
2010-04-27,21,10,4,6,18,16,0,80,9,1020,4.625,21,10,10,113,113,113,,,,météo favorable
2010-04-28,22,10,4,5,18,17,0,72,10,1022,0.625,23,10,10,113,113,113,,,,météo favorable
2010-04-29,23,11,5,7,19,18,0,83,10,1024,0.125,25,13,11,113,113,113,,,,météo favorable
2010-04-30,23,12,8,6,19,19,0,81,10,1020,0,25,12,12,113,113,113,,,,météo favorable
2010-05-01,22,12,8,10,18,18,3.7,83,9.75,1018,12.875,23,13,12,113,113,113,,,,météo favorable
2010-05-02,23,13,8,12,19,20,0,80,10,1016,23.125,25,14,13,116,113,113,,,,météo favorable
2010-05-03,17,14,12,14,15,16,18.3,94,8.5,1014,43.5,17,14,14,299,176,116,,,,météo très défavorable
2010-05-04,21,13,13,13,17,18,6.1,93,9.375,1014,25.375,23,13,13,176,113,113,,,,météo favorable
2010-05-05,22,12,12,10,18,20,0,89,8.375,1015,19.875,24,16,12,143,113,116,,,,météo favorable
2010-05-06,19,14,15,14,17,17,0.3,98,4.875,1019,74.75,19,16,14,248,119,116,,,,météo défavorable
2010-05-07,16,10,12,9,14,14,0,70,10,1024,27.125,16,8,8,116,116,113,,,,météo correcte
2010-05-08,16,8,11,7,13,13,0,77,10,1028,6.125,16,6,6,113,113,113,,,,météo correcte
2010-05-09,17,8,6,5,14,13,0,77,10,1031,0,17,7,7,113,113,113,,,,météo correcte
2010-05-10,18,8,8,4,15,14,0,76,10,1029,1.625,18,8,8,113,113,113,,,,météo favorable
2010-05-11,18,8,11,6,14,15,0,82,9.375,1027,7.875,18,10,7,113,113,113,,,,météo favorable
2010-05-12,20,11,6,9,16,16,0,92,6.25,1024,29.625,20,12,10,248,113,113,,,,météo favorable
2010-05-13,21,11,12,9,17,18,0,89,8.375,1022,16.125,23,14,11,143,116,113,,,,météo favorable
2010-05-14,21,13,17,12,18,19,0,93,6.5,1018,29.375,23,15,12,248,113,116,,,,météo favorable
2010-05-15,21,15,8,15,18,19,1,98,4.375,1016,84.375,22,17,15,248,122,176,,,,météo défavorable
2010-05-16,16,13,20,12,15,15,1.7,79,7.375,1022,61.25,16,13,12,119,116,116,,,,météo correcte
2010-05-17,12,10,16,9,11,11,30.2,97,7.75,1022,70.125,12,11,9,263,302,299,,,,météo très défavorable
2010-05-18,14,13,21,12,14,14,54.4,97,6.375,1018,97.25,14,13,11,308,266,296,,,,météo très défavorable
2010-05-19,17,15,8,14,16,16,2.6,99,1.75,1017,99.75,17,16,15,248,266,266,,,,météo défavorable
2010-05-20,21,16,9,15,19,19,0.7,98,4.125,1021,92,21,17,16,248,116,122,,,,météo défavorable
2010-05-21,21,17,9,17,20,20,0.4,94,6.625,1021,83.125,23,18,17,143,119,119,,,,météo défavorable
2010-05-22,20,17,14,17,18,20,0.7,93,10,1019,68.625,20,18,17,116,122,116,,,,météo défavorable
2010-05-23,20,18,12,17,20,20,30.1,97,7.5,1014,67.5,20,19,18,353,353,308,,,,météo très défavorable
2010-05-24,19,14,10,14,17,17,15.6,94,8.25,1017,51.25,19,15,14,113,113,113,,,,météo défavorable
2010-05-25,17,12,11,12,14,13,1.8,94,7.25,1018,30.625,17,13,10,143,113,113,,,,météo correcte
2010-05-26,18,10,9,7,15,16,0,88,10,1025,3.125,18,13,10,113,113,113,,,,météo favorable
2010-05-27,17,12,12,11,14,17,0.4,97,4.875,1029,72.375,17,15,11,248,116,119,,,,météo défavorable
2010-05-28,20,17,14,15,19,19,1.5,90,8.875,1026,71.875,20,17,17,119,116,122,,,,météo défavorable
2010-05-29,17,16,13,15,17,17,41.8,98,7.625,1017,93.375,17,17,16,353,302,302,,,,météo très défavorable
2010-05-30,15,13,23,12,15,15,5.4,97,4.75,1022,93.125,15,14,11,266,266,122,,,,météo défavorable
2010-05-31,13,9,9,7,12,12,0,91,8,1029,52.375,13,8,7,143,122,116,,,,météo correcte
2010-06-01,14,6,10,5,11,9,0,89,9,1030,4.875,14,8,4,143,113,113,,,,météo correcte
2010-06-02,15,7,9,6,11,13,0.1,98,3.75,1025,65,15,12,6,248,116,143,,,,météo défavorable
2010-06-03,19,10,9,10,15,14,0,94,6,1023,9,19,14,9,143,113,143,,,,météo favorable
2010-06-04,17,13,13,12,16,15,0,94,6,1023,43,17,13,12,143,116,116,,,,météo correcte
2010-06-05,17,8,13,7,13,14,0,90,6.125,1025,28.875,17,11,7,143,113,113,,,,météo correcte
2010-06-06,17,8,12,8,14,15,0,88,8.375,1022,0.375,17,11,7,143,113,113,,,,météo correcte
2010-06-07,18,9,5,7,14,13,0,93,6.25,1023,25.375,18,12,8,248,113,113,,,,météo favorable
2010-06-08,16,8,13,7,13,14,0,95,5.75,1028,24.75,16,11,6,248,113,113,,,,météo correcte
2010-06-09,12,6,14,6,9,10,0,80,10,1031,5.875,12,6,3,113,113,113,,,,météo défavorable
2010-06-10,12,5,14,4,9,11,0,91,10,1030,36.875,12,8,2,113,119,119,,,,météo très défavorable
2010-06-11,17,9,19,8,13,15,0,93,9,1028,22.125,17,11,7,143,113,113,,,,météo correcte
2010-06-12,14,12,14,11,14,14,25.1,98,8.25,1023,93.625,14,14,11,296,356,389,,,,météo très défavorable
2010-06-13,17,15,15,14,17,17,15.6,99,3.625,1020,94.25,17,16,15,248,143,302,,,,météo défavorable
2010-06-14,17,16,22,15,17,17,13,93,8.875,1013,71.375,17,16,16,116,116,356,,,,météo défavorable
2010-06-15,19,15,12,15,17,18,1.6,99,3.25,1015,77,19,17,15,248,116,143,,,,météo défavorable
2010-06-16,18,16,16,15,18,18,10.4,96,7.375,1014,89.75,18,17,16,296,353,353,,,,météo défavorable
2010-06-17,16,14,10,13,16,16,1.5,96,5.875,1016,86.25,16,14,14,143,119,119,,,,météo défavorable
2010-06-18,18,16,12,15,18,18,5.3,96,8.625,1014,65.5,18,17,16,119,116,296,,,,météo défavorable
2010-06-19,16,13,16,15,14,13,1.7,95,7.75,1014,47.75,16,16,12,116,116,113,,,,météo correcte
2010-06-20,15,7,8,6,11,10,0,83,10,1018,10.25,15,7,5,116,113,113,,,,météo correcte
2010-06-21,12,6,10,5,9,9,0,86,10,1021,2.625,12,4,5,113,113,113,,,,météo défavorable
2010-06-22,14,4,10,2,10,11,0,76,10,1024,2.5,14,7,3,113,113,113,,,,météo correcte
2010-06-23,18,9,22,8,14,17,0.1,79,9.375,1019,17.375,18,15,6,113,113,119,,,,météo favorable
2010-06-24,20,16,20,20,18,16,14,96,8.625,1018,54.75,20,20,15,302,176,113,,,,météo défavorable
2010-06-25,14,10,15,9,12,13,0,59,10,1025,4.5,14,6,8,113,113,113,,,,météo correcte
2010-06-26,15,12,19,11,14,15,9.6,98,8.875,1023,74.75,15,15,10,119,296,302,,,,météo défavorable
2010-06-27,15,12,18,12,13,12,35.4,97,7.5,1021,98.875,15,15,10,308,296,122,,,,météo très défavorable
2010-06-28,13,6,7,6,10,8,0.1,91,9,1027,13.25,13,9,4,143,113,113,,,,météo correcte
2010-06-29,11,5,8,2,10,11,0.4,93,7.75,1025,32.375,11,10,4,113,116,143,,,,météo très défavorable
2010-06-30,17,11,6,11,13,16,13.2,98,6.75,1021,76.5,17,15,11,293,386,248,,,,météo défavorable
2010-07-01,18,14,12,14,16,17,0.7,98,2.875,1019,83.5,18,16,14,263,143,143,,,,météo défavorable
2010-07-02,20,17,12,16,19,19,0.7,97,3.5,1017,71.375,20,19,17,248,116,263,,,,météo défavorable
2010-07-03,24,18,15,18,21,22,0.1,93,6.625,1017,33.375,26,20,18,143,113,113,,,,météo favorable
2010-07-04,24,18,20,18,21,22,0,88,10,1016,6.125,26,19,18,113,113,113,,,,météo idéale
2010-07-05,22,19,15,17,21,21,0.5,93,9.25,1011,30.75,24,20,19,113,122,113,,,,météo correcte
2010-07-06,23,20,16,19,22,22,3.2,96,6.125,1012,73,25,21,20,266,263,353,,,,météo défavorable
2010-07-07,20,14,30,20,16,14,17,97,8.875,1019,53.5,20,20,14,356,353,113,,,,météo très défavorable
2010-07-08,15,6,8,6,11,12,0,80,10,1021,0.375,15,8,5,113,113,113,,,,météo correcte
2010-07-09,17,10,12,10,14,15,0,76,10,1023,5.125,17,10,9,113,113,113,,,,météo correcte
2010-07-10,16,7,9,7,12,14,0,88,8,1024,0.875,16,11,6,113,113,113,,,,météo correcte
2010-07-11,17,13,13,12,15,16,5.1,97,7.25,1017,70.5,17,16,12,119,266,389,,,,météo défavorable
2010-07-12,13,5,19,7,7,8,3.6,71,9.625,1019,24.25,13,12,2,113,119,113,,,,météo correcte
2010-07-13,11,2,17,1,7,9,0,68,10,1021,2.5,11,3,-2,113,113,113,,,,météo très défavorable
2010-07-14,10,2,13,1,7,7,0,83,10,1026,3.25,10,3,-1,113,113,113,,,,météo très défavorable
2010-07-15,9,2,10,1,7,8,0,89,9,1035,17.375,9,3,-1,143,113,116,,,,météo très défavorable
2010-07-16,8,0,12,0,5,7,0,85,10,1040,6,8,1,-3,113,113,113,,,,météo très défavorable
2010-07-17,7,2,16,1,5,6,4,89,7.75,1039,47.5,7,4,-2,116,116,296,,,,météo très défavorable
2010-07-18,9,7,12,6,9,9,23.7,99,7.75,1032,100,9,9,5,302,296,296,,,,météo très défavorable
2010-07-19,7,5,19,4,6,6,5.1,96,4.25,1019,96.25,7,6,2,266,266,266,,,,météo très défavorable
2010-07-20,13,3,10,4,9,10,0.2,82,9.125,1019,20.375,13,7,1,113,113,113,,,,météo correcte
2010-07-21,12,6,17,4,9,10,0.4,93,6.375,1017,21.75,12,7,4,263,116,113,,,,météo défavorable
2010-07-22,13,4,7,3,10,10,0,89,7,1024,2.375,13,7,3,143,113,113,,,,météo correcte
2010-07-23,12,3,8,0,9,10,0,74,10,1028,1.5,12,4,2,113,113,113,,,,météo très défavorable
2010-07-24,10,5,14,3,8,9,3.9,91,9.625,1023,42.25,10,8,1,116,116,296,,,,météo très défavorable
2010-07-25,12,7,22,8,9,11,25.5,96,8.25,1021,45.875,12,8,4,356,116,113,,,,météo très défavorable
2010-07-26,14,5,12,4,10,12,0,80,10,1026,0.125,14,7,2,113,113,113,,,,météo correcte
2010-07-27,15,5,14,4,11,13,0,84,10,1026,0,15,8,3,113,113,113,,,,météo correcte
2010-07-28,17,10,11,10,14,14,2.6,92,9.875,1021,45.25,17,11,10,353,116,116,,,,météo correcte
2010-07-29,15,8,9,7,13,14,3.3,88,10,1022,54.75,15,12,7,113,116,353,,,,météo correcte
2010-07-30,20,16,18,16,19,19,65.4,99,5.5,1014,73.75,20,19,16,356,359,359,,,,météo très défavorable
2010-07-31,15,9,19,10,11,11,12.7,94,9.75,1018,32.375,15,14,6,116,113,113,,,,météo correcte
2010-08-01,11,5,13,3,10,7,0,82,10,1027,18.75,11,3,2,113,113,116,,,,météo très défavorable
2010-08-02,10,3,12,2,8,7,0,78,10,1033,34.875,10,3,1,116,116,116,,,,météo très défavorable
2010-08-03,10,2,14,0,8,6,0,86,8,1037,15,10,2,-1,143,113,113,,,,météo très défavorable
2010-08-04,9,1,13,0,7,6,0,86,9,1037,12.875,9,2,-2,143,116,113,,,,météo très défavorable
2010-08-05,12,5,9,3,9,7,0.1,92,9,1035,32.75,12,6,3,143,113,113,,,,météo très défavorable
2010-08-06,14,6,13,4,12,11,0,92,6.5,1028,36.5,14,9,4,248,113,113,,,,météo correcte
2010-08-07,15,8,10,4,13,11,0,89,7,1022,16.75,15,10,8,143,113,113,,,,météo correcte
2010-08-08,12,9,15,9,11,10,0.7,92,9.875,1025,45.25,12,9,8,119,116,113,,,,météo défavorable
2010-08-09,15,8,8,3,13,10,0,84,9,1027,11.625,15,7,7,113,113,113,,,,météo correcte
2010-08-10,17,8,13,5,15,13,0,78,10,1029,13.75,17,9,6,116,113,113,,,,météo correcte
2010-08-11,14,7,14,5,12,13,0.3,92,9.875,1024,35,14,13,5,116,116,113,,,,météo correcte
2010-08-12,17,11,22,16,11,13,75.3,99,4.25,1015,92.5,17,17,9,359,302,266,,,,météo très défavorable
2010-08-13,10,6,22,6,7,8,2.7,93,8.5,1030,78.625,10,9,2,119,122,116,,,,météo défavorable
2010-08-14,10,5,12,3,9,7,0.3,93,6.125,1031,65.125,10,5,3,248,116,113,,,,météo très défavorable
2010-08-15,13,5,14,3,11,10,0,92,6.5,1032,36.375,13,7,3,248,113,113,,,,météo correcte
2010-08-16,17,8,19,6,14,14,0,90,9,1025,8.875,17,12,5,116,113,113,,,,météo correcte
2010-08-17,18,11,15,9,16,15,0,92,7.625,1023,29.25,19,13,9,116,113,113,,,,météo favorable
2010-08-18,22,14,14,12,19,19,0,93,7.75,1018,38.625,25,17,13,248,113,116,,,,météo favorable
2010-08-19,21,16,17,15,19,16,0.2,95,8,1022,33.125,21,16,16,143,116,113,,,,météo favorable
2010-08-20,18,10,7,7,16,13,0,75,10,1023,0.375,18,9,9,113,113,113,,,,météo favorable
2010-08-21,22,12,9,9,18,19,0,89,9,1019,3.5,25,17,11,113,113,113,,,,météo favorable
2010-08-22,26,17,14,15,22,22,0,96,6.5,1014,37.5,27,20,17,248,113,113,,,,météo favorable
2010-08-23,26,18,15,16,24,23,0,92,8.75,1009,27.25,28,20,18,248,113,113,,,,météo idéale
2010-08-24,19,13,23,12,17,16,0,80,10,1017,25.875,19,17,11,116,113,113,,,,météo favorable
2010-08-25,19,12,15,10,17,16,0,79,9,1017,19.75,19,13,10,143,113,113,,,,météo favorable
2010-08-26,21,13,9,10,18,17,0,92,7.75,1018,21.5,21,15,13,248,113,113,,,,météo favorable
2010-08-27,22,13,9,11,20,20,0,93,6.5,1015,61.75,25,18,13,248,116,119,,,,météo correcte
2010-08-28,24,18,9,17,20,23,0.7,97,4.375,1012,65.75,26,21,18,248,116,113,,,,météo défavorable
2010-08-29,19,15,25,17,15,16,1.1,93,6.75,1022,69.875,19,19,13,119,122,113,,,,météo défavorable
2010-08-30,15,10,18,9,14,15,15.6,98,8.875,1024,75.125,15,15,8,116,353,356,,,,météo défavorable
2010-08-31,21,17,8,15,19,20,40.8,99,7,1014,84.25,24,20,17,353,356,389,,,,météo très défavorable
2010-09-01,17,13,18,15,15,13,42.5,98,6,1018,97.75,17,17,11,356,296,296,,,,météo très défavorable
2010-09-02,17,14,15,12,16,16,29.1,100,7.75,1020,100,17,16,12,302,302,296,,,,météo très défavorable
2010-09-03,14,11,18,13,12,11,11.1,98,6,1017,81,14,14,9,302,266,266,,,,météo défavorable
2010-09-04,13,7,26,5,10,12,0.3,87,8,1021,46.875,13,10,3,116,119,116,,,,météo correcte
2010-09-05,20,10,5,5,18,15,0,83,8,1025,0,20,13,10,113,113,113,,,,météo favorable
2010-09-06,20,13,8,8,19,16,0,82,10,1027,0,20,14,13,113,113,113,,,,météo favorable
2010-09-07,21,13,8,8,19,18,0,78,10,1026,0.5,24,14,13,113,113,113,,,,météo favorable
2010-09-08,21,13,11,9,19,19,0,84,10,1024,7.625,24,15,12,113,113,113,,,,météo favorable
2010-09-09,24,15,12,12,21,21,0,90,8.75,1020,19.375,26,19,14,248,113,113,,,,météo idéale
2010-09-10,24,17,14,15,22,21,0.5,92,8.625,1016,29.125,26,19,17,248,113,116,,,,météo idéale
2010-09-11,20,17,19,17,19,17,15.5,98,8.25,1017,35.875,20,17,17,356,113,113,,,,météo défavorable
2010-09-12,19,12,17,9,17,17,0.2,84,10,1017,17,19,14,11,113,113,116,,,,météo favorable
2010-09-13,16,13,18,12,15,15,9.5,98,6.5,1012,97.375,16,15,12,266,296,266,,,,météo défavorable
2010-09-14,17,11,21,10,15,15,6,92,8.625,1019,42.375,17,12,8,122,113,113,,,,météo correcte
2010-09-15,20,13,4,7,19,16,0,74,10,1020,7.25,20,12,13,113,113,113,,,,météo favorable
2010-09-16,21,14,11,8,20,18,0,79,10,1019,11.25,24,14,15,116,113,113,,,,météo favorable
2010-09-17,17,12,17,9,16,14,0,73,10,1026,9.125,17,9,10,113,113,113,,,,météo correcte
2010-09-18,18,9,13,4,15,15,0,76,10,1027,8.25,18,11,7,113,113,113,,,,météo favorable
2010-09-19,22,11,12,7,19,19,0,80,10,1022,6.75,25,15,10,113,113,113,,,,météo favorable
2010-09-20,26,16,9,12,23,24,0,83,9,1015,8.375,27,21,16,143,113,113,,,,météo idéale
2010-09-21,24,20,19,17,24,22,2.8,89,6,1008,11.625,26,20,20,143,113,113,,,,météo idéale
2010-09-22,25,17,15,16,23,21,0.1,87,7.5,1012,43.875,26,18,17,119,113,113,,,,météo favorable
2010-09-23,21,16,18,14,20,19,1.6,84,9.875,1017,22.75,24,16,16,116,200,113,,,,météo correcte
2010-09-24,21,14,10,11,20,19,0,82,7.625,1019,25.875,25,15,14,248,113,113,,,,météo favorable
2010-09-25,22,16,12,12,22,20,0.1,83,9,1017,35.625,25,16,16,143,113,116,,,,météo favorable
2010-09-26,23,16,13,12,22,20,3,87,8.75,1016,11.875,25,15,16,143,113,113,,,,météo favorable
2010-09-27,22,14,17,11,18,20,0.3,89,10,1014,41.125,25,17,13,119,116,116,,,,météo favorable
2010-09-28,21,17,20,15,20,17,2.5,95,7.5,1009,54.125,24,17,17,353,116,113,,,,météo favorable
2010-09-29,16,13,20,11,15,15,0.5,84,9.375,1013,52.5,16,11,11,119,119,119,,,,météo correcte
2010-09-30,20,12,12,8,18,18,0,73,8,1017,13.625,20,12,11,143,116,113,,,,météo favorable
2010-10-01,19,13,19,10,18,13,0,74,10,1022,45.625,19,10,12,116,116,116,,,,météo favorable
2010-10-02,18,10,10,5,17,15,0,74,6.5,1026,28.875,18,9,9,248,113,113,,,,météo favorable
2010-10-03,21,14,9,8,20,17,0,69,9.25,1020,24.375,22,11,13,113,113,113,,,,météo favorable
2010-10-04,22,15,8,8,22,19,0,67,10,1020,7.625,24,13,15,113,113,113,,,,météo favorable
2010-10-05,24,16,7,9,23,21,0,68,10,1017,14.375,25,15,16,116,113,113,,,,météo idéale
2010-10-06,26,18,9,13,25,22,0,76,10,1013,18.375,27,16,18,116,113,113,,,,météo idéale
2010-10-07,21,17,24,14,21,18,4.9,92,9.625,1016,36.25,21,15,17,353,176,113,,,,météo favorable
2010-10-08,20,13,12,11,16,19,0.3,91,5.75,1023,36.625,20,14,12,143,116,113,,,,météo favorable
2010-10-09,23,16,11,10,21,20,0.3,83,6.5,1026,34.25,25,15,16,248,113,113,,,,météo favorable
2010-10-10,22,15,14,11,21,19,0,71,9,1028,27.25,24,12,15,143,119,116,,,,météo correcte
2010-10-11,23,15,14,10,20,20,0,67,10,1026,0.625,25,13,14,113,113,113,,,,météo favorable
2010-10-12,25,14,15,10,21,22,0,70,10,1021,1.625,25,15,13,113,113,113,,,,météo favorable
2010-10-13,27,16,15,12,25,22,0.3,84,8.375,1016,25.875,28,19,16,113,113,263,,,,météo idéale
2010-10-14,24,19,8,17,19,22,6.5,96,9.75,1011,70.375,26,20,19,293,353,353,,,,météo défavorable
2010-10-15,20,15,13,14,18,19,0.3,84,7.75,1016,55.625,20,16,15,143,116,113,,,,météo correcte
2010-10-16,21,16,15,11,20,20,0,79,7.5,1020,49.875,21,14,16,248,116,116,,,,météo favorable
2010-10-17,21,15,15,8,19,18,0,66,10,1023,7,21,11,14,113,113,113,,,,météo favorable
2010-10-18,23,15,4,7,22,20,0,62,10,1021,0.375,25,12,15,113,113,113,,,,météo favorable
2010-10-19,25,18,7,9,24,23,0,62,10,1020,0,26,15,18,113,113,113,,,,météo idéale
2010-10-20,27,19,11,12,25,24,0,66,10,1016,1.125,27,16,19,113,113,113,,,,météo idéale
2010-10-21,29,19,10,14,27,26,0,64,10,1013,1.5,30,18,19,113,113,113,,,,météo idéale
2010-10-22,25,19,21,17,24,22,0,70,10,1014,8.75,26,15,19,113,113,113,,,,météo idéale
2010-10-23,23,14,14,9,21,21,0,68,10,1016,5,25,13,14,113,113,113,,,,météo favorable
2010-10-24,25,16,12,11,22,22,0,62,10,1016,20.625,25,14,16,116,113,116,,,,météo idéale
2010-10-25,24,17,10,9,22,22,0,62,10,1019,7.125,25,13,17,113,113,113,,,,météo idéale
2010-10-26,23,17,12,10,22,21,0,66,8,1020,0.25,24,12,17,143,113,113,,,,météo favorable
2010-10-27,24,16,13,9,22,22,0,66,10,1016,29.375,25,13,16,116,116,119,,,,météo favorable
2010-10-28,27,18,11,12,25,24,0,69,10,1013,4.625,27,14,18,113,113,113,,,,météo idéale
2010-10-29,22,17,23,14,22,19,15.7,98,8,1008,51.75,25,19,17,116,176,356,,,,météo défavorable
2010-10-30,22,15,23,8,21,19,6.2,61,9.5,1013,11,23,12,13,113,113,113,,,,météo favorable
2010-10-31,25,18,29,11,24,21,0,51,10,1017,1.375,25,11,18,113,113,113,,,,météo idéale
2010-11-01,26,18,13,10,23,24,0,65,10,1022,3,26,16,18,113,113,113,,,,météo idéale
2010-11-02,28,20,13,13,27,26,0,58,10,1019,9.75,28,18,20,113,113,113,,,,météo idéale
2010-11-03,30,22,11,15,29,27,0,60,10,1012,14.25,30,17,22,116,113,113,,,,météo idéale
2010-11-04,26,21,14,14,26,21,0.8,88,8.125,1011,33.5,27,19,21,113,116,263,,,,météo favorable
2010-11-05,28,20,18,14,26,24,1.3,80,7.5,1014,34.5,27,17,20,248,113,113,,,,météo favorable
2010-11-06,28,19,10,11,26,27,0,58,10,1013,11.875,28,17,19,113,113,113,,,,météo idéale
2010-11-07,32,22,21,15,30,28,0,54,10,1008,1.625,32,16,22,113,113,113,,,,météo idéale
2010-11-08,31,23,24,17,29,25,0.1,63,10,1009,24.625,32,17,23,113,113,119,,,,météo idéale
2010-11-09,20,13,23,12,18,18,20.4,86,8,1020,46.625,20,13,11,302,113,113,,,,météo très défavorable
2010-11-10,23,16,10,7,21,21,0,59,10,1024,3.5,24,12,16,113,113,113,,,,météo favorable
2010-11-11,24,15,9,8,24,21,0,56,10,1024,1.125,25,11,15,113,113,113,,,,météo idéale
2010-11-12,24,17,10,9,22,22,0,61,10,1025,0,25,12,17,113,113,113,,,,météo idéale
2010-11-13,25,18,9,10,23,23,0,65,10,1022,0,25,13,18,113,113,113,,,,météo idéale
2010-11-14,26,18,14,12,25,23,0,71,8.75,1017,19,26,13,18,248,113,113,,,,météo idéale
2010-11-15,25,18,14,13,24,23,0.1,74,8.75,1019,35,26,13,18,248,113,113,,,,météo favorable
2010-11-16,25,19,15,13,23,23,0,71,7.5,1017,37.5,25,14,19,248,113,113,,,,météo favorable
2010-11-17,25,18,12,12,23,24,0,67,7.5,1015,39.5,26,13,18,248,113,116,,,,météo favorable
2010-11-18,29,22,5,11,27,25,0,62,10,1012,9.625,28,14,22,113,113,113,,,,météo idéale
2010-11-19,28,22,12,16,27,24,0,55,10,1010,27.75,27,15,22,113,113,116,,,,météo idéale
2010-11-20,29,23,9,16,28,27,0,58,10,1013,25.25,29,15,23,116,113,113,,,,météo idéale
2010-11-21,30,23,12,16,29,28,0,59,10,1013,11.125,30,16,23,113,113,113,,,,météo idéale
2010-11-22,29,22,14,16,27,27,0,62,10,1013,6.375,29,15,22,113,113,113,,,,météo idéale
2010-11-23,27,19,11,16,22,24,2.2,80,9.875,1013,46.75,27,16,19,116,116,176,,,,météo favorable
2010-11-24,27,20,11,16,25,26,1.6,81,7.625,1012,46.875,27,17,20,266,176,116,,,,météo favorable
2010-11-25,30,23,8,14,28,28,0,64,9,1014,1.625,29,16,23,143,113,113,,,,météo idéale
2010-11-26,30,23,9,16,29,29,0,65,10,1013,2.625,30,16,23,113,113,113,,,,météo idéale
2010-11-27,33,25,8,18,33,30,0,53,10,1010,8.25,33,17,25,116,113,113,,,,météo idéale
2010-11-28,24,17,21,16,17,23,2.1,88,9.75,1013,49,25,17,17,119,296,113,,,,météo correcte
2010-11-29,27,19,9,12,24,25,0,70,9,1013,13.625,27,14,19,143,113,113,,,,météo idéale
2010-11-30,30,23,5,13,29,27,0,44,10,1014,5,29,12,23,113,113,113,,,,météo idéale
2010-12-01,31,21,10,17,28,30,0,46,10,1011,15.4286,29,13,21,116,116,113,,,,météo favorable
2010-12-02,33,22,10,17,29,33,0.9,58,10,1006,7.875,34,18,22,113,113,113,,,,météo idéale
2010-12-03,29,21,16,17,27,28,0.1,60,10,1009,14.375,29,17,21,113,113,113,,,,météo idéale
2010-12-04,30,20,17,17,26,30,0,50,10,1012,11.25,31,16,20,113,113,113,,,,météo idéale
2010-12-05,31,21,14,17,28,30,0,53,10,1014,6.875,30,13,21,113,113,113,,,,météo idéale
2010-12-06,31,21,15,18,27,30,0,57,10,1015,12.875,30,12,21,116,113,113,,,,météo idéale
2010-12-07,35,23,8,18,31,33,0,57,10,1009,1.875,36,16,23,113,113,113,,,,météo favorable
2010-12-08,29,22,19,19,27,28,0,49,10,1010,1.875,27,11,22,113,113,113,,,,météo idéale
2010-12-09,31,19,13,15,27,30,0,42,10,1010,7.75,29,9,19,113,113,113,,,,météo idéale
2010-12-10,35,23,14,18,30,35,0.1,47,10,1006,1.875,35,15,23,113,113,113,,,,météo favorable
2010-12-11,35,25,13,20,32,33,2.8,75,8.5,1003,11.625,37,20,25,143,113,116,,,,météo favorable
2010-12-12,22,13,25,18,14,14,7.5,96,9.375,1012,63.625,22,19,11,353,296,113,,,,météo correcte
2010-12-13,24,14,13,8,21,24,0,59,10,1014,2.875,24,8,14,113,113,113,,,,météo favorable
2010-12-14,29,18,9,13,25,28,0,45,10,1011,1.375,27,9,17,113,113,113,,,,météo idéale
2010-12-15,31,21,11,14,28,30,0,50,10,1014,0.75,30,10,21,113,113,113,,,,météo idéale
2010-12-16,32,20,11,16,27,31,0,68,10,1014,2.375,31,15,20,113,113,113,,,,météo idéale
2010-12-17,33,23,9,19,30,33,0,63,10,1010,9.375,34,17,23,113,113,113,,,,météo idéale
2010-12-18,29,26,21,20,29,28,3,61,9.75,1009,27.375,31,19,26,113,353,176,,,,météo correcte
2010-12-19,25,21,21,18,25,23,52.7,93,8.75,1010,51.25,27,21,21,353,353,308,,,,météo très défavorable
2010-12-20,30,21,14,18,27,29,10.2,87,8.625,1014,52.625,30,20,21,119,113,119,,,,météo correcte
2010-12-21,33,23,6,18,30,32,0,60,10,1015,4.375,34,18,23,113,113,113,,,,météo idéale
2010-12-22,34,25,11,21,31,33,0,70,10,1013,9.25,34,19,25,113,113,113,,,,météo idéale
2010-12-23,33,23,13,19,30,33,0,67,10,1009,7.75,35,19,23,113,113,116,,,,météo favorable
2010-12-24,30,25,9,22,28,29,21.5,88,8.625,1006,40.125,34,24,25,356,353,176,,,,météo très défavorable
2010-12-25,33,23,13,19,30,32,0.2,63,10,1010,0.875,32,18,23,113,113,113,,,,météo idéale
2010-12-26,35,24,6,18,32,34,0,46,10,1012,1,35,13,24,113,113,113,,,,météo favorable
2010-12-27,35,25,8,20,32,34,0,50,10,1011,3.125,35,14,25,113,113,113,,,,météo favorable
2010-12-28,33,23,14,20,29,32,0,61,10,1011,2,32,15,23,113,113,113,,,,météo idéale
2010-12-29,31,22,18,19,27,31,0,80,9,1011,16.375,32,18,22,143,113,116,,,,météo idéale
2010-12-30,31,21,17,19,26,31,0,70,10,1012,4,30,17,21,113,113,113,,,,météo idéale
2010-12-31,31,22,14,19,27,31,0.3,75,9.875,1011,17,32,17,22,113,113,116,,,,météo idéale
2011-01-01,28,21,9,19,25,28,12.4,91,8.5,1012,39.875,30,20,21,356,263,116,,,,météo correcte
2011-01-02,31,22,15,20,28,30,0.2,78,10,1011,25.375,31,18,22,116,116,116,,,,météo favorable
2011-01-03,27,23,17,20,25,26,13,78,9,1009,42.875,29,21,23,116,353,356,,,,météo défavorable
2011-01-04,30,23,14,19,27,29,7.4,83,9.25,1009,50.875,32,20,23,353,353,176,,,,météo correcte
2011-01-05,32,26,14,19,29,30,2.5,80,8.625,1009,12.125,33,22,26,143,176,113,,,,météo favorable
2011-01-06,32,25,15,17,29,31,0,51,10,1012,4.75,31,15,25,113,113,113,,,,météo idéale
2011-01-07,36,25,6,21,32,33,0,49,10,1011,21.5,38,17,25,113,113,113,,,,météo favorable
2011-01-08,36,26,9,23,35,34,0.6,54,8.75,1012,30.625,37,16,26,116,113,113,,,,météo favorable
2011-01-09,35,27,15,23,33,33,0.4,55,9.875,1012,20.625,35,17,27,116,113,113,,,,météo favorable
2011-01-10,34,24,11,19,33,32,0,59,10,1011,15.125,35,18,24,113,113,113,,,,météo favorable
2011-01-11,32,24,10,21,28,30,2.6,64,9.75,1008,30.375,32,19,24,113,176,116,,,,météo favorable
2011-01-12,29,24,17,18,28,28,0.8,70,8.75,1006,25.25,30,19,24,143,116,176,,,,météo favorable
2011-01-13,32,24,9,18,30,31,0.1,70,9,1007,25.5,33,19,24,143,116,116,,,,météo favorable
2011-01-14,35,27,10,21,33,34,0,69,9,1009,17.25,36,21,27,143,113,116,,,,météo favorable
2011-01-15,37,28,13,22,36,35,0,61,10,1011,9.125,38,19,28,113,113,113,,,,météo favorable
2011-01-16,37,28,17,22,35,37,0.4,64,9.875,1006,5.5,38,20,28,113,113,113,,,,météo favorable
2011-01-17,30,22,14,18,29,29,7.2,74,8.875,1011,25.5,31,18,22,176,176,176,,,,météo favorable
2011-01-18,34,24,13,19,31,33,0.3,54,9.875,1013,22.75,35,18,24,113,113,113,,,,météo favorable
2011-01-19,37,26,9,21,33,34,0,71,10,1009,7.375,39,21,26,113,113,113,,,,météo favorable
2011-01-20,32,23,17,20,30,31,13.3,63,9.25,1012,18,32,22,23,113,113,113,,,,météo défavorable
2011-01-21,32,22,14,18,29,31,0,61,10,1015,25.625,31,14,22,116,116,113,,,,météo favorable
2011-01-22,34,25,12,20,32,33,3.5,64,9.75,1014,21.75,35,19,25,113,113,113,,,,météo favorable
2011-01-23,35,26,12,21,32,34,0.9,68,9.75,1016,27.625,37,21,26,113,116,116,,,,météo favorable
2011-01-24,37,27,9,22,35,34,0,64,10,1014,16.125,39,20,27,113,113,113,,,,météo favorable
2011-01-25,37,29,9,24,35,36,0,61,10,1012,20.375,41,21,29,113,113,113,,,,météo correcte
2011-01-26,32,27,14,24,32,30,18.5,83,8.625,1009,37.375,38,24,27,356,356,116,,,,météo très défavorable
2011-01-27,35,27,11,22,33,32,0,57,10,1010,17.375,35,20,27,113,113,116,,,,météo favorable
2011-01-28,33,28,19,23,33,32,1,65,9.75,1011,28.875,36,20,28,176,113,113,,,,météo favorable
2011-01-29,37,29,6,22,36,35,0,57,10,1015,12.5,40,20,29,113,113,113,,,,météo correcte
2011-01-30,35,28,10,25,33,34,0,68,10,1013,33,39,22,28,116,116,116,,,,météo favorable
2011-01-31,32,28,8,25,32,31,12.4,78,9.375,1009,44.25,38,25,28,353,356,116,,,,météo correcte
2011-02-01,33,25,10,21,30,31,2.7,69,9.875,1012,20.375,35,19,25,113,113,113,,,,météo favorable
2011-02-02,33,21,13,16,29,31,0,61,10,1017,0,32,15,21,113,113,113,,,,météo idéale
2011-02-03,35,23,12,18,32,33,0.2,68,10,1012,15.875,38,21,23,113,113,116,,,,météo favorable
2011-02-04,35,25,13,23,32,33,3.1,75,9.75,1010,11,37,21,25,113,113,113,,,,météo favorable
2011-02-05,37,27,9,21,35,35,0.2,55,10,1009,4.75,37,18,27,113,113,113,,,,météo favorable
2011-02-06,32,22,16,19,28,31,0,60,10,1014,2.75,33,17,22,113,113,113,,,,météo idéale
2011-02-07,34,24,13,21,31,28,36.3,70,9.375,1013,27.25,36,22,24,113,113,353,,,,météo très défavorable
2011-02-08,22,20,19,18,22,22,13.6,95,6.25,1012,75.875,25,21,20,266,266,263,,,,météo défavorable
2011-02-09,27,20,19,17,24,24,2.8,81,10,1012,68.25,28,19,20,122,119,353,,,,météo défavorable
2011-02-10,27,20,13,16,24,26,0,77,10,1012,38.5,28,17,20,119,116,116,,,,météo favorable
2011-02-11,29,22,11,17,28,28,0.5,73,9.875,1013,33.5,30,18,22,116,116,119,,,,météo favorable
2011-02-12,32,22,8,19,31,27,6.6,69,9.375,1012,27.25,35,20,22,116,176,176,,,,météo favorable
2011-02-13,30,24,10,18,28,30,3.6,83,7.5,1014,30,31,21,24,248,176,113,,,,météo favorable
2011-02-14,30,21,13,18,28,29,0,65,10,1019,1.875,30,16,21,113,113,113,,,,météo idéale
2011-02-15,30,21,10,16,28,29,0,54,10,1018,1.5,29,12,21,113,113,113,,,,météo idéale
2011-02-16,32,21,10,17,29,31,0,70,10,1015,13,34,19,21,113,113,116,,,,météo idéale
2011-02-17,34,25,10,21,32,33,0,74,10,1015,24.875,37,20,25,113,113,116,,,,météo favorable
2011-02-18,34,26,12,22,33,31,0,68,10,1015,38.875,37,20,26,116,113,116,,,,météo favorable
2011-02-19,31,24,14,21,28,27,10.9,90,9.375,1015,33.75,34,22,24,353,176,176,,,,météo correcte
2011-02-20,29,23,14,20,26,28,3.3,88,8.5,1017,58.25,31,21,23,248,353,353,,,,météo correcte
2011-02-21,29,21,11,21,25,29,5.5,94,7.75,1016,59.625,32,22,21,296,176,116,,,,météo correcte
2011-02-22,30,23,13,20,28,29,3.8,79,9.375,1015,24.875,33,21,23,113,176,113,,,,météo favorable
2011-02-23,27,23,11,21,26,26,25.6,92,7.5,1009,53.125,30,24,23,356,356,356,,,,météo très défavorable
2011-02-24,25,21,15,19,24,24,0.9,89,6.75,1009,81.375,27,21,21,266,119,119,,,,météo défavorable
2011-02-25,25,19,16,18,21,25,0.7,90,8,1013,75,27,19,19,122,266,119,,,,météo défavorable
2011-02-26,28,20,14,16,25,27,0,79,7.75,1017,16,28,17,20,248,113,113,,,,météo idéale
2011-02-27,29,21,12,16,27,27,0,69,10,1018,0,28,15,21,113,113,113,,,,météo idéale
2011-02-28,30,21,12,16,28,28,0,56,10,1018,0,29,15,21,113,113,113,,,,météo idéale
2011-03-01,29,20,13,17,26,28,0,78,9,1017,3.875,29,16,20,143,113,113,,,,météo idéale
2011-03-02,29,20,14,17,26,29,0,74,10,1016,3.125,30,17,20,113,113,113,,,,météo idéale
2011-03-03,30,21,11,17,28,29,0,73,10,1017,6.875,31,18,21,113,113,113,,,,météo idéale
2011-03-04,30,22,13,18,28,29,0,73,10,1018,4.875,30,17,22,113,113,113,,,,météo idéale
2011-03-05,30,22,12,18,28,29,0.2,78,9.875,1018,21.875,30,18,22,113,176,116,,,,météo favorable
2011-03-06,32,21,11,18,26,29,0,80,10,1015,36.125,33,18,21,119,116,116,,,,météo favorable
2011-03-07,32,22,9,21,28,29,0,67,10,1013,23.375,32,17,22,113,113,116,,,,météo idéale
2011-03-08,33,24,6,22,33,30,0.1,68,10,1015,38.875,35,19,24,116,116,116,,,,météo favorable
2011-03-09,34,25,6,21,33,31,0,66,10,1014,15.875,36,18,25,113,113,113,,,,météo favorable
2011-03-10,32,24,8,20,31,30,1.1,76,9.75,1013,22.875,34,19,24,113,113,116,,,,météo idéale
2011-03-11,34,24,5,20,33,31,0,72,10,1011,6.5,36,19,24,113,113,113,,,,météo favorable
2011-03-12,34,25,8,21,32,32,0,75,10,1010,6.375,35,20,25,113,113,113,,,,météo favorable
2011-03-13,23,15,18,15,20,22,0.5,64,10,1017,26.75,24,16,13,116,113,113,,,,météo favorable
2011-03-14,25,15,8,10,22,22,0,55,10,1018,0.25,25,9,15,113,113,113,,,,météo idéale
2011-03-15,27,16,10,12,24,25,0,64,10,1018,8.75,26,12,16,113,113,113,,,,météo idéale
2011-03-16,29,19,9,16,27,27,0,70,10,1019,11.625,29,15,19,113,113,113,,,,météo idéale
2011-03-17,22,19,8,18,19,22,6.6,91,9.375,1013,53.25,25,19,19,119,302,116,,,,météo correcte
2011-03-18,29,20,17,16,26,25,0,84,8,1018,16.75,28,17,20,143,113,113,,,,météo idéale
2011-03-19,27,17,6,12,26,24,0,49,10,1021,0.75,26,11,17,113,113,113,,,,météo idéale
2011-03-20,27,18,9,13,26,24,0,58,10,1020,11.375,27,15,18,113,116,113,,,,météo favorable
2011-03-21,30,21,9,17,28,28,0,68,10,1015,15.75,32,19,21,113,119,113,,,,météo correcte
2011-03-22,31,22,13,20,28,29,3.9,86,9.375,1013,17.875,33,20,22,176,176,113,,,,météo favorable
2011-03-23,30,23,6,20,28,26,8.2,89,9,1013,19.25,33,23,23,176,176,356,,,,météo correcte
2011-03-24,23,17,17,16,23,23,0.3,87,10,1018,58.625,25,18,17,119,119,116,,,,météo correcte
2011-03-25,21,19,16,17,20,20,42.8,98,8.125,1016,79.125,24,21,19,119,308,356,,,,météo très défavorable
2011-03-26,24,19,12,19,21,23,3.3,96,9,1013,62.625,26,19,19,353,116,116,,,,météo correcte
2011-03-27,24,15,13,12,22,20,0.3,73,9.875,1016,16.75,25,15,15,113,113,116,,,,météo idéale
2011-03-28,24,17,15,15,22,21,0,76,10,1020,12.625,25,13,17,113,113,113,,,,météo idéale
2011-03-29,25,16,11,12,22,22,0,68,10,1021,0,26,14,16,113,113,113,,,,météo idéale
2011-03-30,27,18,8,14,25,24,0,75,10,1019,0.875,27,16,18,113,113,113,,,,météo idéale
2011-03-31,29,21,5,16,28,26,0,79,9,1015,1.875,30,19,21,143,113,113,,,,météo idéale
2011-04-01,29,22,10,18,27,25,0,79,10,1015,9.75,29,18,22,113,113,113,,,,météo idéale
2011-04-02,29,21,8,17,28,25,0,76,10,1017,4.5,29,18,21,113,113,113,,,,météo idéale
2011-04-03,30,21,5,17,28,26,0.7,79,8.875,1014,11.75,30,20,21,143,113,113,,,,météo idéale
2011-04-04,25,20,14,18,24,22,1.6,87,10,1014,18.5,26,18,20,113,113,113,,,,météo idéale
2011-04-05,26,18,14,10,24,21,0,55,10,1016,1.625,25,10,18,113,113,113,,,,météo idéale
2011-04-06,27,17,7,14,25,23,0,58,10,1018,3.5,27,14,17,113,113,113,,,,météo idéale
2011-04-07,29,18,7,14,26,24,0,65,10,1018,16.25,29,16,18,113,113,116,,,,météo idéale
2011-04-08,28,20,11,16,26,24,0,66,10,1022,9.875,28,17,20,113,113,113,,,,météo idéale
2011-04-09,24,15,11,12,22,21,0,85,8.75,1024,16.625,25,14,15,248,113,113,,,,météo idéale
2011-04-10,26,17,10,14,24,22,0,83,8.75,1020,14.25,26,15,17,248,113,113,,,,météo idéale
2011-04-11,28,18,6,15,25,23,0,80,10,1016,9.75,28,18,18,113,116,113,,,,météo favorable
2011-04-12,28,20,6,16,26,23,0,73,10,1010,17,28,17,20,113,113,113,,,,météo idéale
2011-04-13,28,19,15,16,25,24,0,81,9,1008,7.75,28,18,19,143,113,113,,,,météo idéale
2011-04-14,24,21,18,19,22,22,7.2,93,9.625,1014,68.5,26,20,21,356,353,122,,,,météo défavorable
2011-04-15,20,18,21,16,19,19,1.1,71,10,1018,82,20,15,18,119,122,119,,,,météo défavorable
2011-04-16,24,16,16,15,20,21,0.1,88,8,1020,47.75,25,16,16,143,116,113,,,,météo favorable
2011-04-17,23,17,15,16,19,20,9.4,96,9.25,1018,53.875,25,18,17,356,353,113,,,,météo correcte
2011-04-18,21,11,9,8,18,15,0,61,10,1023,0,21,8,10,113,113,113,,,,météo favorable
2011-04-19,23,13,8,10,21,18,0.6,61,9.875,1022,7.5,24,11,13,113,113,113,,,,météo favorable
2011-04-20,18,15,8,14,17,17,43.5,99,5.625,1017,70.5,18,18,15,356,356,389,,,,météo très défavorable
2011-04-21,23,16,6,15,20,19,0,96,4.25,1012,63,25,18,16,248,116,113,,,,météo correcte
2011-04-22,25,18,14,15,23,22,22.3,96,4.5,1010,82,27,23,18,248,353,359,,,,météo très défavorable
2011-04-23,20,14,18,15,18,14,0,91,10,1022,25.5,20,20,13,116,113,113,,,,météo favorable
2011-04-24,20,13,5,6,19,14,0,66,10,1022,0,20,8,13,113,113,113,,,,météo favorable
2011-04-25,23,14,4,9,21,15,0,82,10,1022,1.5,25,13,14,113,113,113,,,,météo favorable
2011-04-26,24,15,7,11,22,18,0,78,10,1023,0,25,14,15,113,113,113,,,,météo idéale
2011-04-27,24,14,11,12,21,19,0,82,10,1022,7.5,25,16,14,113,113,113,,,,météo favorable
2011-04-28,24,16,9,14,22,20,0,91,7.75,1020,36.75,26,17,16,248,116,116,,,,météo favorable
2011-04-29,23,18,12,15,22,20,5.3,91,8.625,1016,30.75,25,19,18,143,176,353,,,,météo favorable
2011-04-30,19,16,11,16,17,17,5.4,97,8,1014,63.625,19,17,16,353,266,113,,,,météo correcte
2011-05-01,15,12,24,11,15,12,2.1,97,4.625,1022,80.875,15,13,10,143,266,266,,,,météo défavorable
2011-05-02,16,8,14,6,14,12,0,87,10,1027,34.875,16,9,6,116,116,113,,,,météo correcte
2011-05-03,18,9,5,6,16,12,0,85,8,1028,0.375,18,9,9,143,113,113,,,,météo favorable
2011-05-04,19,11,12,8,17,15,0,89,7,1024,2.75,19,12,10,143,113,113,,,,météo favorable
2011-05-05,21,12,13,10,18,16,0,90,6.25,1018,39.875,21,13,10,248,113,113,,,,météo favorable
2011-05-06,20,12,10,11,18,15,0,91,6.5,1021,27.625,20,13,11,248,113,113,,,,météo favorable
2011-05-07,22,12,10,10,19,17,0,87,9,1019,6.625,25,14,12,113,113,113,,,,météo favorable
2011-05-08,20,16,19,15,19,16,0,92,6.25,1022,59.75,20,15,16,248,113,116,,,,météo correcte
2011-05-09,19,11,12,9,17,16,0,88,9,1021,28,19,12,10,143,116,116,,,,météo favorable
2011-05-10,23,14,8,12,20,20,0.8,95,5.75,1015,49,25,19,14,176,200,263,,,,météo correcte
2011-05-11,24,19,10,17,23,20,5.3,97,5.875,1017,84.25,26,21,19,353,122,353,,,,météo défavorable
2011-05-12,22,16,11,15,20,18,0,94,5,1020,60.75,25,17,16,248,113,113,,,,météo correcte
2011-05-13,20,14,13,13,19,17,0,90,7.75,1020,30.125,20,15,13,143,116,113,,,,météo favorable
2011-05-14,19,13,14,13,18,15,0,87,9,1023,14.75,19,13,12,113,113,113,,,,météo favorable
2011-05-15,18,12,12,10,17,14,0,90,6.5,1026,38.5,18,12,10,248,113,113,,,,météo favorable
2011-05-16,18,11,11,9,16,14,0,90,6,1025,12.875,18,12,9,143,113,113,,,,météo favorable
2011-05-17,18,11,13,10,16,14,0,91,6.75,1022,22.625,18,11,10,248,113,113,,,,météo favorable
2011-05-18,19,11,9,10,17,13,0,93,7.75,1020,22.75,19,14,10,248,113,113,,,,météo favorable
2011-05-19,20,13,12,11,18,16,0,93,6,1019,8.5,20,15,12,143,113,113,,,,météo favorable
2011-05-20,22,14,12,13,20,17,0,94,8.75,1019,23.125,25,15,14,248,113,113,,,,météo favorable
2011-05-21,21,13,13,12,19,17,0,91,6,1020,5.375,24,15,12,143,113,113,,,,météo favorable
2011-05-22,23,17,11,16,20,20,6.2,94,7.375,1016,41.75,25,20,17,116,353,176,,,,météo correcte
2011-05-23,17,12,13,13,16,14,0.6,93,10,1022,27.625,17,17,11,116,113,113,,,,météo correcte
2011-05-24,20,15,16,13,17,20,57.4,99,5.375,1019,75.625,20,20,14,353,356,308,,,,météo très défavorable
2011-05-25,19,13,22,14,14,13,39,96,7.375,1021,78.5,19,19,11,296,119,119,,,,météo très défavorable
2011-05-26,17,11,9,10,16,13,0,95,4.25,1026,48.375,17,13,10,248,113,113,,,,météo correcte
2011-05-27,16,10,12,8,15,15,0,94,6.25,1028,64.75,16,12,9,248,116,119,,,,météo correcte
2011-05-28,16,9,14,8,15,12,0,93,9,1027,11.125,16,11,8,143,113,113,,,,météo correcte
2011-05-29,16,9,12,8,14,12,0,93,5.5,1024,42.625,16,11,7,248,119,113,,,,météo correcte
2011-05-30,16,9,9,8,14,10,0,95,5.5,1022,37.875,16,12,8,248,113,113,,,,météo correcte
2011-05-31,16,12,11,12,15,14,0.4,95,9,1022,53,16,12,11,116,116,116,,,,météo correcte
2011-06-01,17,10,6,8,16,10,0,91,9,1021,13.625,17,11,10,143,113,113,,,,météo correcte
2011-06-02,16,12,8,10,13,14,0.4,97,6,1017,61.875,16,14,11,143,122,143,,,,météo correcte
2011-06-03,15,12,17,11,15,12,0.5,97,5.25,1025,69.75,15,13,10,248,116,119,,,,météo défavorable
2011-06-04,12,5,10,4,10,6,0,90,9,1029,4.125,12,5,3,143,113,113,,,,météo très défavorable
2011-06-05,12,9,12,8,12,10,1.5,93,8.25,1020,55.125,12,9,7,116,113,113,,,,météo défavorable
2011-06-06,12,10,10,9,11,11,5.1,97,7.75,1015,73.125,12,10,8,116,266,296,,,,météo défavorable
2011-06-07,11,8,18,8,10,10,0.3,96,10,1016,73.125,11,8,5,119,119,119,,,,météo défavorable
2011-06-08,14,7,9,5,12,8,0,91,8,1017,28,14,9,7,143,116,113,,,,météo correcte
2011-06-09,17,8,11,5,14,12,0,94,7,1020,11.625,17,11,7,143,113,113,,,,météo correcte
2011-06-10,18,10,13,7,15,13,0,86,10,1021,7,18,11,10,113,113,113,,,,météo favorable
2011-06-11,18,10,15,9,16,14,0,93,7,1020,0.625,18,12,8,143,113,113,,,,météo favorable
2011-06-12,19,10,12,9,16,14,0,95,7,1020,21.375,19,14,8,143,113,116,,,,météo favorable
2011-06-13,14,7,14,8,12,9,0,86,10,1027,4.125,14,12,5,113,113,113,,,,météo correcte
2011-06-14,15,6,18,5,13,12,0,90,10,1026,16.875,15,9,4,113,113,116,,,,météo correcte
2011-06-15,22,14,20,11,19,18,0.7,97,8.625,1017,46.5,25,17,12,248,116,116,,,,météo favorable
2011-06-16,19,16,17,14,18,18,10.6,99,9.25,1013,76,19,18,16,119,353,356,,,,météo défavorable
2011-06-17,18,16,13,14,17,17,15.9,98,7.875,1015,87.875,18,17,16,356,122,119,,,,météo défavorable
2011-06-18,20,17,17,15,19,19,2.2,98,2,1016,86.875,20,19,17,266,266,266,,,,météo défavorable
2011-06-19,23,20,12,18,22,22,39.4,99,5.25,1008,70.875,25,21,20,359,356,143,,,,météo très défavorable
2011-06-20,17,16,19,15,17,16,7.3,96,9,1012,71,17,16,16,353,353,353,,,,météo défavorable
2011-06-21,16,14,20,13,16,16,1.8,95,9.75,1019,70,16,14,13,119,122,176,,,,météo défavorable
2011-06-22,15,13,14,11,15,15,8.8,96,8.25,1020,83.125,15,15,11,353,266,353,,,,météo défavorable
2011-06-23,15,10,19,12,11,10,5.9,96,7.25,1020,66.75,15,15,8,266,116,116,,,,météo défavorable
2011-06-24,14,7,8,6,13,10,0,92,7,1024,3.625,14,9,7,143,113,113,,,,météo correcte
2011-06-25,13,7,16,6,11,11,0,96,6.75,1027,48.75,13,9,4,248,113,119,,,,météo correcte
2011-06-26,9,3,14,2,7,5,0,89,10,1030,8.375,9,4,-1,113,113,113,,,,météo très défavorable
2011-06-27,10,1,14,0,8,6,0,82,10,1026,0,10,2,-2,113,113,113,,,,météo très défavorable
2011-06-28,12,2,10,1,9,7,0,87,10,1023,6.5,12,5,0,113,113,113,,,,météo très défavorable
2011-06-29,13,5,15,4,11,9,0,94,8,1020,9,13,6,2,143,113,113,,,,météo correcte
2011-06-30,13,6,18,5,11,9,0,97,6.75,1022,34.125,13,8,5,248,113,113,,,,météo correcte
2011-07-01,10,2,12,1,8,6,0,69,10,1027,4,10,1,-2,113,113,113,,,,météo très défavorable
2011-07-02,10,2,13,1,8,5,0,80,10,1028,4.125,10,1,-1,113,113,113,,,,météo très défavorable
2011-07-03,9,2,20,2,8,5,0,79,10,1030,2.5,9,0,-1,113,113,113,,,,météo très défavorable
2011-07-04,10,2,9,-1,8,4,0,79,10,1028,0.5,10,1,2,113,113,113,,,,météo très défavorable
2011-07-05,11,2,10,1,9,5,0,83,10,1024,0,11,3,0,113,113,113,,,,météo très défavorable
2011-07-06,12,4,4,0,11,4,0,85,10,1024,0,12,4,3,113,113,113,,,,météo très défavorable
2011-07-07,14,5,6,2,11,5,0,82,10,1024,0,14,5,3,113,113,113,,,,météo correcte
2011-07-08,15,6,8,5,13,10,0,87,10,1022,15.375,15,9,5,113,113,116,,,,météo correcte
2011-07-09,16,7,12,6,12,13,0.1,89,10,1017,28.375,16,10,5,113,116,116,,,,météo correcte
2011-07-10,18,13,6,12,15,14,1.4,96,5.125,1016,72.375,18,15,12,266,119,143,,,,météo défavorable
2011-07-11,19,13,10,13,17,16,0.1,97,4.25,1017,65.875,19,16,12,248,113,116,,,,météo défavorable
2011-07-12,19,15,7,14,17,17,0.4,94,4.125,1016,59.375,19,16,15,143,263,119,,,,météo correcte
2011-07-13,20,12,18,12,17,17,0.1,96,8.75,1016,54,20,15,11,119,113,116,,,,météo favorable
2011-07-14,20,15,14,15,18,19,8.5,98,5.75,1012,89.375,20,19,15,356,353,248,,,,météo défavorable
2011-07-15,22,20,17,18,21,21,44.4,99,5.5,1007,87.375,25,21,20,359,356,356,,,,météo très défavorable
2011-07-16,18,12,19,12,13,12,33.1,97,8.375,1020,59.625,18,18,10,302,119,113,,,,météo très défavorable
2011-07-17,14,7,21,7,13,12,0,83,10,1022,16.625,14,9,5,116,113,113,,,,météo correcte
2011-07-18,14,9,19,8,14,13,0.2,94,10,1023,54.625,14,11,7,116,119,119,,,,météo correcte
2011-07-19,13,7,15,9,10,9,0,94,8,1020,41.125,13,12,4,119,113,113,,,,météo correcte
2011-07-20,12,5,12,4,10,8,0,91,6,1021,17.5,12,7,3,143,113,116,,,,météo très défavorable
2011-07-21,13,5,9,4,11,7,0,95,5.5,1025,35.25,13,8,3,248,113,113,,,,météo correcte
2011-07-22,14,7,8,2,12,9,0,89,10,1029,0,14,9,6,113,113,113,,,,météo correcte
2011-07-23,16,7,9,5,13,11,0,95,7,1027,5.375,16,11,5,143,113,113,,,,météo correcte
2011-07-24,18,10,15,9,14,17,0.2,98,4.5,1025,53.25,18,16,9,248,116,143,,,,météo favorable
2011-07-25,23,17,27,16,21,20,0,97,10,1018,48.5,25,19,17,122,116,113,,,,météo favorable
2011-07-26,16,9,12,9,14,12,12.4,88,9.125,1022,11.625,16,15,7,113,113,113,,,,météo correcte
2011-07-27,14,9,12,8,12,13,1,82,9.875,1021,39.5,14,10,8,116,116,353,,,,météo correcte
2011-07-28,18,15,8,13,17,17,10.1,98,5.375,1013,90.25,18,16,16,353,266,263,,,,météo défavorable
2011-07-29,16,12,18,10,14,12,0,95,6.5,1016,50.75,16,11,10,248,113,116,,,,météo correcte
2011-07-30,11,6,22,5,10,9,0,86,10,1021,26.375,11,7,2,116,116,113,,,,météo défavorable
2011-07-31,11,4,19,3,9,8,0,90,10,1025,23.375,11,6,0,116,116,113,,,,météo très défavorable
2011-08-01,9,7,17,5,8,8,4,93,8,1023,85.375,9,7,3,263,266,296,,,,météo défavorable
2011-08-02,11,4,14,4,8,8,3.1,93,8.625,1017,42.875,11,5,0,116,113,113,,,,météo très défavorable
2011-08-03,13,5,21,5,11,10,0.5,90,9,1020,27,13,6,2,116,113,113,,,,météo correcte
2011-08-04,11,4,10,2,10,8,0,86,10,1024,9,11,4,2,113,113,113,,,,météo très défavorable
2011-08-05,15,6,17,4,12,11,0,84,10,1021,8.375,15,8,3,113,113,113,,,,météo correcte
2011-08-06,17,10,12,5,15,14,0,87,9,1020,2.75,17,12,9,143,113,113,,,,météo correcte
2011-08-07,20,13,10,11,18,18,0,95,7,1016,43.25,20,17,12,116,113,143,,,,météo favorable
2011-08-08,18,15,14,13,17,17,1.7,96,5,1017,89.25,18,16,14,119,266,266,,,,météo défavorable
2011-08-09,18,15,18,13,17,17,1.1,94,8,1021,73.625,18,16,14,116,119,119,,,,météo défavorable
2011-08-10,20,14,17,13,16,19,0.2,91,9,1021,46.125,20,17,13,116,119,116,,,,météo correcte
2011-08-11,21,16,14,14,19,20,0.3,97,4.25,1017,82.75,21,19,16,248,116,119,,,,météo défavorable
2011-08-12,23,20,13,20,21,22,11.2,98,7.875,1011,63,25,21,20,353,356,176,,,,météo correcte
2011-08-13,20,12,27,13,15,13,6.8,93,9.375,1020,57.5,20,19,10,353,116,176,,,,météo correcte
2011-08-14,15,9,21,8,13,13,0,76,10,1022,16.875,15,9,6,113,113,113,,,,météo correcte
2011-08-15,18,11,10,10,15,16,0.5,91,8,1017,80.25,18,15,10,122,119,119,,,,météo défavorable
2011-08-16,17,16,22,16,17,16,31.8,99,7.625,1013,78.75,17,17,16,356,359,119,,,,météo très défavorable
2011-08-17,16,11,11,9,13,14,0.1,94,6.5,1019,42.25,16,13,10,248,113,113,,,,météo correcte
2011-08-18,15,12,11,10,15,14,3.8,97,7.875,1014,74,15,14,11,119,200,353,,,,météo défavorable
2011-08-19,11,10,24,11,10,10,1.7,96,5,1023,77.375,11,11,7,122,266,119,,,,météo défavorable
2011-08-20,11,5,20,3,10,8,0,81,9,1030,7,11,3,2,143,113,113,,,,météo très défavorable
2011-08-21,10,4,9,2,9,8,0,84,9,1034,6.25,10,2,3,143,113,113,,,,météo très défavorable
2011-08-22,11,4,11,1,10,9,0,75,10,1033,22.5,11,5,2,113,113,116,,,,météo très défavorable
2011-08-23,14,6,12,3,12,12,0,85,9,1029,15.375,14,9,3,143,113,116,,,,météo correcte
2011-08-24,17,9,15,7,15,15,0,92,8,1024,30.75,17,12,7,116,116,116,,,,météo correcte
2011-08-25,17,12,16,9,16,14,0,90,8,1024,20.5,17,11,10,143,116,113,,,,météo correcte
2011-08-26,17,9,16,7,13,14,0,93,8.75,1025,45.75,17,12,6,116,116,113,,,,météo correcte
2011-08-27,17,11,13,10,15,16,12.8,99,8.25,1017,69.375,17,16,9,119,353,356,,,,météo défavorable
2011-08-28,17,9,15,7,15,14,0,93,8.75,1016,28.5,17,12,7,248,113,113,,,,météo correcte
2011-08-29,18,10,13,7,16,15,0,89,8,1016,5.75,18,12,8,143,113,113,,,,météo favorable
2011-08-30,17,10,18,7,16,13,0,87,10,1026,4.5,17,9,8,113,113,113,,,,météo correcte
2011-08-31,15,7,10,4,13,11,0,74,10,1032,0,15,7,6,113,113,113,,,,météo correcte
2011-09-01,15,7,14,4,13,12,0,84,8,1031,3.25,15,9,5,143,113,113,,,,météo correcte
2011-09-02,17,8,22,5,14,14,0,78,10,1027,0.5,17,11,4,113,113,113,,,,météo correcte
2011-09-03,22,14,22,11,20,20,0,87,10,1016,15.375,25,17,13,116,113,113,,,,météo favorable
2011-09-04,22,15,17,15,19,19,3.9,96,6.375,1012,56.625,25,18,15,143,113,353,,,,météo correcte
2011-09-05,17,10,17,7,15,14,0,83,10,1023,4.125,17,9,7,113,113,113,,,,météo correcte
2011-09-06,17,10,12,6,16,14,0,71,10,1024,0,17,9,9,113,113,113,,,,météo correcte
2011-09-07,18,10,16,6,16,15,0,74,10,1022,3.125,18,10,8,113,113,113,,,,météo favorable
2011-09-08,19,11,13,8,17,16,0,75,10,1020,13.75,19,11,9,113,113,113,,,,météo favorable
2011-09-09,21,14,6,8,19,17,0,85,10,1018,11.5,24,13,14,113,116,113,,,,météo favorable
2011-09-10,22,15,19,12,20,18,0.1,87,9,1023,37.5,25,15,15,143,116,113,,,,météo favorable
2011-09-11,18,11,7,7,17,15,0,79,10,1029,3.5,18,10,10,113,113,113,,,,météo favorable
2011-09-12,21,11,12,7,18,17,0,75,10,1025,0.125,21,13,10,113,113,113,,,,météo favorable
2011-09-13,18,12,19,10,17,15,0,72,10,1026,6,18,11,10,113,113,113,,,,météo favorable
2011-09-14,18,10,20,7,15,15,0,75,10,1028,1.5,18,11,7,113,113,113,,,,météo favorable
2011-09-15,22,12,17,9,19,20,0,83,10,1023,17,25,17,11,116,113,116,,,,météo favorable
2011-09-16,26,17,17,15,23,21,21.5,95,9,1016,46.5,28,21,17,353,353,299,,,,météo très défavorable
2011-09-17,20,15,26,19,17,15,59.6,99,6.25,1022,49.875,20,20,15,359,266,113,,,,météo très défavorable
2011-09-18,14,11,18,9,13,13,0.5,89,10,1025,55.125,14,11,9,116,119,119,,,,météo correcte
2011-09-19,19,12,12,10,17,16,0,84,9,1023,24.625,19,12,11,143,113,113,,,,météo favorable
2011-09-20,20,12,9,8,18,17,0,79,10,1023,4.25,20,11,12,113,113,113,,,,météo favorable
2011-09-21,21,14,7,7,19,18,0,72,10,1021,1,21,13,14,113,113,113,,,,météo favorable
2011-09-22,22,15,12,8,20,19,0,78,10,1017,19.75,25,15,15,113,119,113,,,,météo correcte
2011-09-23,16,13,19,11,16,15,0.4,84,10,1025,54.25,16,12,11,119,119,116,,,,météo correcte
2011-09-24,20,13,12,9,17,18,0.2,87,6.25,1026,55,20,15,12,248,116,113,,,,météo correcte
2011-09-25,22,14,14,10,20,20,0,87,10,1025,14.5,25,17,12,116,113,113,,,,météo favorable
2011-09-26,26,18,8,14,25,22,0,87,8,1022,7.625,27,18,18,143,113,113,,,,météo idéale
2011-09-27,25,18,13,14,24,23,0,84,8,1023,15.25,27,19,18,143,113,113,,,,météo idéale
2011-09-28,25,16,19,13,21,22,0,78,10,1019,6.375,26,18,16,116,113,113,,,,météo idéale
2011-09-29,29,21,19,16,27,24,0.1,81,8,1013,9.125,31,21,21,143,113,113,,,,météo idéale
2011-09-30,19,16,20,13,19,17,25.4,97,7.875,1015,51.375,19,17,16,356,356,356,,,,météo très défavorable
2011-10-01,20,14,15,13,17,19,2.5,94,9,1013,76.125,20,17,13,119,266,119,,,,météo défavorable
2011-10-02,22,17,13,14,21,20,0,84,6.75,1018,31.125,25,16,17,143,113,113,,,,météo favorable
2011-10-03,17,10,14,7,15,15,0,79,9,1024,4.75,17,12,8,143,113,113,,,,météo correcte
2011-10-04,15,12,15,10,14,14,1.3,91,7.125,1022,49,15,12,10,263,119,263,,,,météo correcte
2011-10-05,21,13,8,8,19,19,0,87,7,1019,6.75,21,15,13,143,113,113,,,,météo favorable
2011-10-06,24,15,15,10,22,22,0,82,8,1017,4.125,26,18,15,143,113,113,,,,météo idéale
2011-10-07,21,19,10,17,20,20,86.2,99,7.5,1011,61.75,21,21,19,119,356,308,,,,météo très défavorable
2011-10-08,26,20,13,18,23,23,18.8,97,8.625,1009,62.75,28,22,20,296,293,356,,,,météo très défavorable
2011-10-09,20,16,20,14,17,17,0.3,90,5.25,1010,70.75,20,14,16,248,116,113,,,,météo défavorable
2011-10-10,21,14,9,10,20,19,0.1,88,5.25,1013,59.375,21,16,14,248,116,116,,,,météo correcte
2011-10-11,21,17,12,13,20,20,0.4,87,8,1017,39.125,21,17,17,143,353,113,,,,météo correcte
2011-10-12,20,14,17,12,16,20,0.5,87,10,1013,61.375,20,18,13,122,122,119,,,,météo correcte
2011-10-13,24,18,16,17,23,22,1.6,93,6.25,1010,71.25,25,19,18,248,116,116,,,,météo défavorable
2011-10-14,20,17,13,15,18,19,0.6,92,4.75,1013,61.875,20,16,17,143,266,113,,,,météo correcte
2011-10-15,23,16,7,11,21,21,0,83,7,1015,7.375,25,15,16,143,113,113,,,,météo favorable
2011-10-16,25,18,9,12,24,21,0,75,10,1016,3,25,15,18,113,113,113,,,,météo idéale
2011-10-17,22,16,14,12,21,19,0,77,10,1020,7.625,25,15,16,113,113,113,,,,météo favorable
2011-10-18,22,15,14,11,20,20,0,75,10,1022,20.625,25,15,14,116,113,113,,,,météo favorable
2011-10-19,23,17,8,12,20,21,0,80,10,1024,22.75,25,16,17,116,116,113,,,,météo favorable
2011-10-20,24,18,9,13,23,22,0,80,7,1022,1.375,26,17,18,143,113,113,,,,météo idéale
2011-10-21,25,18,12,13,23,24,0,82,8.75,1018,14.875,26,18,18,248,113,113,,,,météo idéale
2011-10-22,27,23,12,17,27,24,3.5,78,9.5,1017,23.75,29,20,23,116,176,176,,,,météo favorable
2011-10-23,24,20,10,18,22,23,5.5,94,7.5,1019,51.75,26,20,20,263,263,176,,,,météo correcte
2011-10-24,24,21,12,17,24,21,9.9,95,6.625,1015,69.375,26,21,21,248,353,356,,,,météo défavorable
2011-10-25,18,17,24,18,17,17,67.1,98,6.875,1013,74.125,18,18,17,308,302,293,,,,météo très défavorable
2011-10-26,20,14,14,11,19,18,0,87,10,1017,25,20,14,13,116,113,113,,,,météo favorable
2011-10-27,20,13,9,6,18,18,0,73,10,1016,0,20,13,12,113,113,113,,,,météo favorable
2011-10-28,24,18,9,7,23,21,0,73,10,1014,0.75,25,16,18,113,113,113,,,,météo idéale
2011-10-29,19,17,12,16,18,18,1.2,95,6.375,1015,46.125,19,18,17,116,266,143,,,,météo correcte
2011-10-30,20,15,15,10,19,18,0,84,8.75,1021,21.5,20,13,13,248,113,113,,,,météo favorable
2011-10-31,20,14,13,8,19,18,0,75,9,1025,1.125,20,13,13,143,113,113,,,,météo favorable
2011-11-01,21,14,17,8,19,19,0,73,10,1025,1.125,21,14,13,113,113,113,,,,météo favorable
2011-11-02,25,16,16,11,22,23,0,77,10,1023,10,26,18,16,113,116,113,,,,météo favorable
2011-11-03,26,18,15,14,24,24,0,75,10,1020,1.875,27,18,18,113,113,113,,,,météo idéale
2011-11-04,28,20,16,15,26,26,0,76,10,1016,8.625,29,20,20,113,113,113,,,,météo idéale
2011-11-05,29,22,9,17,27,26,2.4,82,9.75,1014,14.5,31,22,22,176,113,113,,,,météo idéale
2011-11-06,26,18,17,18,23,23,1.1,91,9.875,1016,28.25,27,20,18,353,113,113,,,,météo idéale
2011-11-07,28,20,15,15,25,25,0,82,10,1016,12.875,29,21,20,116,113,113,,,,météo idéale
2011-11-08,29,20,15,15,26,27,0,72,10,1013,4.25,31,21,20,113,113,113,,,,météo idéale
2011-11-09,28,24,15,21,28,24,66.1,94,7.375,1007,27.5,32,23,24,113,356,359,,,,météo très défavorable
2011-11-10,22,16,16,11,21,19,0.1,64,10,1017,1.125,24,16,16,113,113,113,,,,météo favorable
2011-11-11,22,17,12,11,21,21,0,70,10,1020,6.25,25,15,17,113,113,113,,,,météo favorable
2011-11-12,25,18,15,12,23,23,0,74,10,1020,12,26,17,18,113,113,113,,,,météo idéale
2011-11-13,23,16,18,12,22,22,0,81,10,1016,17.875,25,19,16,113,113,113,,,,météo favorable
2011-11-14,24,16,18,12,21,22,0,73,10,1016,11.125,25,16,16,113,113,113,,,,météo idéale
2011-11-15,24,17,16,11,22,22,0,71,10,1018,1.125,25,16,17,113,113,113,,,,météo idéale
2011-11-16,26,20,12,13,25,24,0,74,10,1018,2.125,27,18,20,113,113,113,,,,météo idéale
2011-11-17,27,20,13,14,26,24,0,77,9,1017,9.75,27,18,20,143,113,113,,,,météo idéale
2011-11-18,27,21,13,15,26,25,0,77,8,1016,3.75,28,18,21,143,113,113,,,,météo idéale
2011-11-19,29,22,14,16,28,27,0,72,10,1014,4.375,31,20,22,113,113,113,,,,météo idéale
2011-11-20,24,22,11,20,22,23,7.4,91,7.75,1009,53,26,21,22,356,296,353,,,,météo correcte
2011-11-21,26,19,14,16,23,23,2.4,86,9.875,1011,35.5,27,20,19,113,119,353,,,,météo correcte
2011-11-22,27,20,13,13,26,24,0,73,9,1016,0,27,17,20,143,113,113,,,,météo idéale
2011-11-23,26,19,10,13,24,25,0,66,10,1017,0,27,18,19,113,113,113,,,,météo idéale
2011-11-24,28,22,8,15,27,26,0,75,10,1015,0.875,28,19,22,113,113,113,,,,météo idéale
2011-11-25,29,23,8,16,28,27,0,73,10,1013,1.375,30,20,23,113,113,113,,,,météo idéale
2011-11-26,30,24,13,18,28,28,0,73,9.875,1014,13.625,32,22,24,113,200,113,,,,météo correcte
2011-11-27,31,22,15,19,28,29,0,66,10,1012,13.5,34,22,22,113,113,113,,,,météo idéale
2011-11-28,33,26,12,20,33,30,0,79,10,1013,17.75,38,22,26,113,113,113,,,,météo favorable
2011-11-29,34,27,8,22,32,31,0.4,72,9.75,1012,19.75,37,23,27,113,113,200,,,,météo favorable
2011-11-30,22,18,26,20,21,21,6.1,78,9.625,1014,13.25,24,20,18,353,113,113,,,,météo favorable
2011-12-01,21,16,13,10,20,20,0,63,10,1018,0,24,12,16,113,113,113,,,,météo favorable
2011-12-02,25,18,11,12,23,23,0,68,10,1019,0,26,15,18,113,113,113,,,,météo idéale
2011-12-03,26,19,14,13,24,24,0,68,10,1017,0,27,16,19,113,113,113,,,,météo idéale
2011-12-04,27,20,14,14,26,26,0,76,8.75,1014,14.875,28,18,20,248,113,113,,,,météo idéale
2011-12-05,28,22,11,17,28,24,4.3,86,9.5,1013,27.125,29,22,22,116,116,176,,,,météo favorable
2011-12-06,30,24,10,19,28,27,4.2,82,8.625,1012,13.5,32,22,24,176,176,113,,,,météo favorable
2011-12-07,27,21,15,16,26,25,0,79,8.75,1014,35.875,28,18,21,248,113,116,,,,météo favorable
2011-12-08,26,19,18,14,24,25,0,68,10,1016,6,27,17,19,113,113,113,,,,météo idéale
2011-12-09,27,21,14,16,25,25,0,75,9,1015,11.625,28,18,21,143,113,113,,,,météo idéale
2011-12-10,28,22,11,16,26,26,0,75,7.75,1014,13.625,29,18,22,248,113,113,,,,météo idéale
2011-12-11,29,23,9,16,28,28,0,75,9,1012,0.5,30,19,23,143,113,113,,,,météo idéale
2011-12-12,26,21,22,18,26,23,0.6,84,9.875,1014,16.375,27,18,21,176,113,113,,,,météo idéale
2011-12-13,25,19,19,13,24,23,0,60,10,1015,12.875,25,13,19,113,113,116,,,,météo idéale
2011-12-14,24,17,17,15,21,23,1.5,86,9.875,1013,46.375,26,17,17,119,353,113,,,,météo correcte
2011-12-15,24,17,17,15,20,23,1.3,94,4.625,1011,72.25,25,18,17,248,266,353,,,,météo défavorable
2011-12-16,25,19,17,17,23,24,2.8,88,9.625,1011,61.75,26,18,19,119,176,176,,,,météo correcte
2011-12-17,27,20,12,15,25,26,0.9,80,8.125,1010,38,28,17,20,113,113,113,,,,météo favorable
2011-12-18,28,21,11,13,26,27,0,73,7,1010,15.625,28,16,21,143,113,113,,,,météo idéale
2011-12-19,33,23,5,15,31,31,0,64,10,1009,3,34,19,23,113,113,113,,,,météo idéale
2011-12-20,35,26,12,19,33,32,0,64,9.875,1010,15.75,36,20,26,116,113,200,,,,météo favorable
2011-12-21,36,26,14,20,32,34,0.1,62,10,1010,7.25,37,20,26,113,113,113,,,,météo favorable
2011-12-22,34,23,13,20,30,30,7.9,87,9.5,1007,26.125,38,24,23,176,386,353,,,,météo correcte
2011-12-23,25,21,22,20,21,23,16.9,91,9.25,1015,60.25,27,21,21,353,353,353,,,,météo très défavorable
2011-12-24,20,14,20,13,19,20,18.7,88,8.875,1023,33.625,20,12,12,299,116,113,,,,météo très défavorable
2011-12-25,24,17,14,12,21,23,0,68,10,1024,0,25,14,17,113,113,113,,,,météo idéale
2011-12-26,27,19,13,14,24,26,0,72,10,1021,11.375,28,19,19,113,113,113,,,,météo idéale
2011-12-27,28,23,14,18,27,27,0.3,78,8,1018,19,30,20,23,143,113,113,,,,météo idéale
2011-12-28,28,21,15,17,26,27,0,74,8.75,1019,18.5,28,17,21,248,113,113,,,,météo idéale
2011-12-29,29,21,14,15,26,27,0,70,10,1016,3.875,29,16,21,113,113,113,,,,météo idéale
2011-12-30,29,21,13,16,27,27,0,65,10,1012,5.875,29,16,21,113,113,113,,,,météo idéale
2011-12-31,29,23,17,18,27,27,0.2,77,8.75,1012,17.5,30,18,23,248,113,113,,,,météo idéale
2012-01-01,28,21,17,15,26,27,0,72,10,1016,4,29,17,21,113,113,113,,,,météo idéale
2012-01-02,30,23,12,17,28,28,0,74,9,1015,4.75,30,18,23,143,113,113,,,,météo idéale
2012-01-03,31,23,13,18,29,28,0,70,10,1014,4.125,31,18,23,113,113,113,,,,météo idéale
2012-01-04,29,21,14,16,27,27,0,68,10,1017,1.125,28,15,21,113,113,113,,,,météo idéale
2012-01-05,28,21,14,16,26,27,0,66,10,1017,0,28,15,21,113,113,113,,,,météo idéale
2012-01-06,31,24,13,16,30,30,0,61,10,1015,1.625,31,17,24,113,113,113,,,,météo idéale
2012-01-07,30,22,15,18,28,29,0,74,10,1016,1.75,31,18,22,113,113,113,,,,météo idéale
2012-01-08,31,22,13,17,28,31,0,75,10,1016,6.375,33,19,22,116,113,113,,,,météo idéale
2012-01-09,36,28,18,24,34,34,0,64,10,1013,14.125,38,21,28,113,113,113,,,,météo favorable
2012-01-10,36,28,14,24,34,34,0,63,10,1010,10.625,38,21,28,113,113,113,,,,météo favorable
2012-01-11,36,27,16,25,33,30,0.1,57,10,1008,18.625,37,21,27,113,113,116,,,,météo favorable
2012-01-12,26,20,21,21,22,26,15.9,94,7.75,1015,57.75,27,22,20,356,266,113,,,,météo défavorable
2012-01-13,26,19,19,15,24,25,0,65,10,1016,7.125,26,16,19,113,113,113,,,,météo idéale
2012-01-14,27,20,14,15,25,25,0,71,9,1016,10.625,27,15,20,143,116,113,,,,météo favorable
2012-01-15,28,21,10,15,26,27,0,69,9,1015,0.25,28,15,21,143,113,113,,,,météo idéale
2012-01-16,30,23,11,17,28,29,0,64,10,1015,0,30,15,23,113,113,113,,,,météo idéale
2012-01-17,31,23,14,18,29,30,0,59,10,1015,0.125,31,15,23,113,113,113,,,,météo idéale
2012-01-18,32,23,13,18,29,30,0,71,10,1014,1.25,32,17,23,113,113,113,,,,météo idéale
2012-01-19,33,25,10,20,32,32,0,73,10,1011,5.5,34,20,25,113,113,113,,,,météo idéale
2012-01-20,35,27,12,22,33,33,0,56,10,1010,9.375,36,18,27,113,113,113,,,,météo favorable
2012-01-21,35,28,10,23,35,33,1,67,9.875,1010,16.625,38,21,28,113,113,200,,,,météo favorable
2012-01-22,29,22,23,22,27,26,70.6,97,7,1008,59.25,32,23,22,308,356,176,,,,météo très défavorable
2012-01-23,34,26,8,21,32,32,0,75,10,1009,0.25,36,21,26,113,113,113,,,,météo favorable
2012-01-24,28,24,13,23,24,28,5.9,81,9.25,1011,25.625,31,22,24,113,296,176,,,,météo correcte
2012-01-25,27,22,17,18,25,26,0.1,72,10,1017,8.875,28,17,22,113,116,113,,,,météo favorable
2012-01-26,27,20,14,16,25,26,0,68,10,1021,2,27,15,20,113,113,113,,,,météo idéale
2012-01-27,28,21,14,17,26,27,0,68,10,1018,3.625,28,15,21,113,113,113,,,,météo idéale
2012-01-28,31,23,13,18,29,30,0,66,10,1015,6.875,32,16,23,113,113,113,,,,météo idéale
2012-01-29,33,23,13,18,30,32,0,68,10,1011,8.5,35,18,23,113,113,113,,,,météo favorable
2012-01-30,35,26,12,22,33,34,0,60,10,1010,12.75,37,18,26,113,113,113,,,,météo favorable
2012-01-31,36,28,11,24,34,35,0,57,10,1010,10.75,38,18,28,113,113,113,,,,météo favorable
2012-02-01,27,23,13,22,23,27,14.6,93,9,1011,62.25,29,22,23,353,299,116,,,,météo défavorable
2012-02-02,26,23,14,22,25,26,20.7,95,8.875,1012,86.375,29,23,23,302,353,353,,,,météo très défavorable
2012-02-03,29,22,9,21,26,29,2.5,95,6.375,1012,64.5,33,23,22,266,122,116,,,,météo correcte
2012-02-04,32,27,10,22,31,31,3,85,6.25,1010,52.625,37,24,27,248,353,176,,,,météo correcte
2012-02-05,30,27,10,24,29,30,22.2,87,8.375,1011,36.875,35,25,27,356,356,386,,,,météo très défavorable
2012-02-06,31,27,10,25,31,31,6.6,79,9.375,1010,20.375,37,24,27,113,176,386,,,,météo favorable
2012-02-07,31,27,17,25,31,31,17.5,84,8.875,1009,28.75,37,25,27,353,356,113,,,,météo très défavorable
2012-02-08,33,26,11,23,30,28,13.8,89,8.75,1010,28,39,25,26,176,356,356,,,,météo défavorable
2012-02-09,23,22,18,21,23,23,0.7,86,8.375,1017,50.875,25,21,22,122,263,116,,,,météo correcte
2012-02-10,25,19,13,15,23,25,0,77,9,1019,4.75,26,16,19,143,113,113,,,,météo idéale
2012-02-11,27,19,8,15,25,25,0,76,9,1016,0.625,27,15,19,143,113,113,,,,météo idéale
2012-02-12,30,22,6,15,28,28,0,60,10,1012,0,30,14,22,113,113,113,,,,météo idéale
2012-02-13,30,22,10,17,28,29,0,63,10,1013,0,30,15,22,113,113,113,,,,météo idéale
2012-02-14,33,24,7,18,31,32,0,58,10,1013,0.625,35,19,24,113,113,113,,,,météo favorable
2012-02-15,35,27,10,23,33,34,0,66,10,1015,13.25,38,21,27,113,113,113,,,,météo favorable
2012-02-16,34,27,12,24,32,32,1,72,9.875,1014,10.5,38,22,27,113,113,113,,,,météo favorable
2012-02-17,33,28,12,25,32,32,2.4,75,10,1013,15.5,38,23,28,113,386,113,,,,météo correcte
2012-02-18,36,27,19,24,34,34,1.5,71,9.75,1009,16.125,39,22,27,176,113,113,,,,météo favorable
2012-02-19,35,29,15,25,35,33,0.5,59,9.75,1010,19.75,39,22,29,113,113,116,,,,météo favorable
2012-02-20,34,26,15,24,34,32,3.5,74,9.625,1010,25.5,37,23,26,113,113,200,,,,météo favorable
2012-02-21,26,24,21,23,25,24,28.4,91,8,1010,61.5,29,23,24,305,356,353,,,,météo très défavorable
2012-02-22,26,19,11,16,23,26,0,82,9,1013,31.5,28,19,19,143,116,113,,,,météo favorable
2012-02-23,28,21,10,17,26,27,0,74,10,1013,2.5,29,17,21,113,113,113,,,,météo idéale
2012-02-24,28,20,9,15,26,26,0,75,10,1014,6.5,28,16,20,113,113,113,,,,météo idéale
2012-02-25,29,22,13,19,27,28,0,76,10,1013,17.625,31,18,22,116,113,113,,,,météo idéale
2012-02-26,28,20,15,19,26,27,1.1,85,7.625,1012,19.75,28,21,20,248,113,113,,,,météo idéale
2012-02-27,29,20,10,15,26,27,0,63,10,1014,7,29,16,20,113,113,113,,,,météo idéale
2012-02-28,34,23,10,19,30,30,2.6,69,10,1009,11,39,23,23,113,113,386,,,,météo favorable
2012-02-29,28,23,9,21,27,25,38.9,96,6.375,1009,73.125,32,24,23,359,356,356,,,,météo très défavorable
2012-03-01,25,18,18,15,23,23,3.2,87,10,1014,30.25,26,16,18,353,113,113,,,,météo favorable
2012-03-02,26,19,6,14,25,25,0,81,7,1017,3.125,27,17,19,143,113,113,,,,météo idéale
2012-03-03,29,21,9,17,27,27,0,79,10,1017,2.375,30,20,21,113,113,113,,,,météo idéale
2012-03-04,30,22,10,18,28,29,0,80,9,1015,0,33,22,22,143,113,113,,,,météo idéale
2012-03-05,33,24,17,20,30,31,0,75,10,1012,2.5,37,23,24,113,113,113,,,,météo favorable
2012-03-06,31,25,6,22,29,30,6.1,86,9.5,1014,12.375,36,24,25,176,113,113,,,,météo favorable
2012-03-07,33,25,5,22,31,32,7.4,86,9.5,1017,14,38,25,25,176,386,113,,,,météo correcte
2012-03-08,31,25,11,22,30,29,0,84,10,1017,15.625,35,23,25,116,113,113,,,,météo favorable
2012-03-09,31,24,13,22,28,29,0,84,9,1017,16.125,34,23,24,143,113,113,,,,météo idéale
2012-03-10,34,24,11,21,30,32,0,78,10,1013,5.125,38,21,24,113,113,113,,,,météo favorable
2012-03-11,35,26,9,23,32,32,0,68,10,1012,4.75,38,21,26,113,113,113,,,,météo favorable
2012-03-12,34,25,13,24,32,32,0.5,72,9.875,1010,15.25,37,21,25,176,113,113,,,,météo favorable
2012-03-13,30,24,10,23,28,27,14.4,89,8.75,1010,24.75,33,24,24,353,113,386,,,,météo défavorable
2012-03-14,26,19,14,18,24,23,1.8,85,8.625,1017,26.5,27,21,19,176,113,113,,,,météo idéale
2012-03-15,24,17,9,13,22,22,0,80,10,1020,0.75,25,15,17,113,113,113,,,,météo idéale
2012-03-16,26,19,10,14,24,24,0,78,10,1019,0.25,27,17,19,113,113,113,,,,météo idéale
2012-03-17,28,19,7,15,26,26,0,81,9,1016,3.5,29,19,19,143,113,113,,,,météo idéale
2012-03-18,29,22,8,19,29,26,0,73,10,1014,18.125,31,18,22,116,113,113,,,,météo idéale
2012-03-19,32,23,11,20,30,29,0,66,10,1013,7,33,19,23,113,113,113,,,,météo idéale
2012-03-20,29,21,9,21,24,28,5.9,84,9.625,1014,35,31,21,21,353,353,113,,,,météo correcte
2012-03-21,25,21,12,20,23,24,4.1,95,8.75,1009,54,27,21,21,353,266,176,,,,météo correcte
2012-03-22,24,19,19,17,24,21,1.7,89,6,1014,50.875,25,18,19,248,176,113,,,,météo favorable
2012-03-23,22,15,11,12,20,19,0,85,7.5,1016,38.25,25,14,14,248,116,113,,,,météo favorable
2012-03-24,24,16,6,12,22,21,0,79,9,1018,3,25,14,16,143,113,113,,,,météo idéale
2012-03-25,27,18,7,14,25,24,0,77,10,1016,27.5,28,17,18,113,116,116,,,,météo favorable
2012-03-26,24,18,15,17,22,21,4.7,92,9.625,1018,34.875,25,17,18,176,176,113,,,,météo favorable
2012-03-27,19,12,18,10,17,17,0,72,10,1022,11.75,19,10,10,113,113,113,,,,météo favorable
2012-03-28,21,12,10,8,18,19,0,75,9,1021,0,21,10,12,143,113,113,,,,météo favorable
2012-03-29,24,14,8,10,22,21,0,70,10,1019,15.375,25,15,14,113,116,116,,,,météo favorable
2012-03-30,26,19,8,11,25,23,0,72,10,1022,0,27,16,19,113,113,113,,,,météo idéale
2012-03-31,26,18,11,14,24,22,0,74,10,1022,0,26,16,18,113,113,113,,,,météo idéale
2012-04-01,27,18,6,14,25,24,0,81,9,1019,6.375,28,18,18,143,113,113,,,,météo idéale
2012-04-02,28,21,10,14,28,24,0,68,10,1017,27.875,29,18,21,116,113,116,,,,météo idéale
2012-04-03,29,20,9,17,27,26,0.5,79,9.75,1015,22.125,30,19,20,113,113,113,,,,météo idéale
2012-04-04,29,21,13,19,28,26,3.3,83,9.875,1011,21,31,21,21,113,113,386,,,,météo favorable
2012-04-05,23,17,19,19,21,20,19.3,87,8.75,1015,20.25,25,21,17,353,113,113,,,,météo très défavorable
2012-04-06,23,15,10,10,20,19,0,79,10,1016,4.875,25,13,15,113,113,113,,,,météo favorable
2012-04-07,25,17,8,11,23,21,0,71,10,1015,0.75,26,16,17,113,113,113,,,,météo idéale
2012-04-08,25,17,12,14,23,21,0,78,10,1016,4.375,26,17,17,113,113,113,,,,météo idéale
2012-04-09,25,17,15,14,22,22,0,83,10,1016,9.875,26,18,17,113,113,113,,,,météo idéale
2012-04-10,25,19,14,17,22,23,9.3,93,9.375,1015,47.875,27,22,19,353,353,356,,,,météo correcte
2012-04-11,26,20,6,17,24,24,0.3,89,7.75,1017,65.375,28,21,20,248,119,116,,,,météo défavorable
2012-04-12,26,20,9,17,24,23,0,91,6.75,1017,30.5,27,19,20,248,113,116,,,,météo favorable
2012-04-13,24,20,11,17,24,22,0,88,8,1014,21,26,20,20,143,113,116,,,,météo idéale
2012-04-14,25,19,10,17,24,22,0.1,86,8,1014,27.875,26,18,19,143,113,113,,,,météo idéale
2012-04-15,24,17,9,15,22,21,0,93,5.5,1017,42.5,25,17,17,248,116,113,,,,météo favorable
2012-04-16,25,17,8,14,23,22,0,90,7,1019,18,26,18,17,143,116,113,,,,météo favorable
2012-04-17,26,18,8,16,25,22,0,87,8,1019,4.75,27,18,18,143,113,113,,,,météo idéale
2012-04-18,26,18,8,16,24,23,0,83,10,1018,16.5,27,17,18,116,113,113,,,,météo idéale
2012-04-19,26,20,8,18,25,23,2.4,91,10,1015,31.75,27,19,20,353,116,113,,,,météo favorable
2012-04-20,26,20,9,17,25,22,0,90,7,1015,12.5,28,19,20,143,113,116,,,,météo idéale
2012-04-21,21,17,19,15,20,17,0,89,9,1022,14.625,24,16,17,143,116,113,,,,météo favorable
2012-04-22,18,10,9,7,16,15,0,79,10,1024,9.125,18,10,9,113,113,113,,,,météo favorable
2012-04-23,19,13,13,8,18,15,0,73,10,1022,22.25,19,11,13,113,113,113,,,,météo favorable
2012-04-24,17,9,10,7,15,14,0,78,10,1022,5.75,17,8,8,113,113,113,,,,météo correcte
2012-04-25,17,11,9,10,13,14,0,62,10,1018,40.5,17,7,10,116,116,116,,,,météo correcte
2012-04-26,19,10,12,7,17,15,0,78,10,1017,7,19,10,9,113,113,113,,,,météo favorable
2012-04-27,17,8,10,5,15,13,0,80,10,1019,9.625,17,9,6,113,113,113,,,,météo correcte
2012-04-28,15,12,12,11,14,14,0.9,89,8.75,1019,51.875,15,12,11,119,263,116,,,,météo correcte
2012-04-29,15,9,14,9,13,12,0.2,90,6.5,1024,48,15,8,7,143,116,113,,,,météo correcte
2012-04-30,16,8,6,5,15,10,0,84,9,1026,4,16,7,8,143,113,113,,,,météo correcte
2012-05-01,18,9,13,7,16,13,0,83,10,1024,0,18,8,8,113,113,113,,,,météo favorable
2012-05-02,21,11,15,9,18,17,0,90,8.75,1023,17.5,21,13,10,248,113,113,,,,météo favorable
2012-05-03,23,13,12,11,20,18,0,89,7.75,1023,15.75,25,15,12,248,113,113,,,,météo favorable
2012-05-04,24,15,10,13,21,19,0,89,7,1022,10.75,25,16,14,143,113,113,,,,météo idéale
2012-05-05,24,18,9,13,23,20,0.1,84,9,1021,6.875,26,17,18,143,113,113,,,,météo idéale
2012-05-06,23,16,15,15,21,20,0,93,6.5,1022,42.875,25,17,16,248,113,113,,,,météo favorable
2012-05-07,24,16,13,14,22,19,0,92,8.75,1022,27.125,26,17,16,248,113,113,,,,météo idéale
2012-05-08,25,17,9,15,23,21,0,91,7,1023,12.25,26,18,17,143,113,113,,,,météo idéale
2012-05-09,25,18,14,15,24,21,0,88,9,1017,9.875,27,17,18,143,113,116,,,,météo idéale
2012-05-10,21,18,14,16,21,18,2.2,92,7.125,1011,49.625,24,18,18,248,353,116,,,,météo correcte
2012-05-11,21,14,11,13,20,16,0,94,5.75,1014,29.625,24,14,14,248,116,113,,,,météo favorable
2012-05-12,16,8,12,6,14,11,0,68,10,1019,2.5,16,8,6,113,113,113,,,,météo correcte
2012-05-13,17,9,8,4,16,12,0,77,10,1021,11,17,8,10,113,113,113,,,,météo correcte
2012-05-14,19,10,9,8,17,13,0,83,10,1022,14.875,19,10,10,113,113,113,,,,météo favorable
2012-05-15,20,10,13,8,17,16,0,81,10,1022,0.25,20,12,8,113,113,113,,,,météo favorable
2012-05-16,21,12,13,10,18,17,0,88,10,1022,3.875,24,15,11,113,113,113,,,,météo favorable
2012-05-17,22,14,14,12,20,18,0,92,8.75,1021,21.25,25,16,13,248,113,113,,,,météo favorable
2012-05-18,23,15,20,13,21,18,1.7,90,9.875,1018,33.375,25,16,13,116,113,176,,,,météo favorable
2012-05-19,22,16,12,15,20,18,2.2,95,7.25,1019,44,25,17,16,143,116,116,,,,météo favorable
2012-05-20,22,16,11,15,18,18,0.4,93,6.25,1019,74.25,24,17,16,248,116,116,,,,météo défavorable
2012-05-21,21,17,8,16,21,18,2.8,91,10,1020,62.5,21,18,17,116,116,116,,,,météo correcte
2012-05-22,20,18,10,17,20,20,22,95,7.625,1018,65.125,20,19,18,119,119,356,,,,météo très défavorable
2012-05-23,21,18,9,17,20,20,31.1,99,7,1018,75.125,21,19,18,308,353,353,,,,météo très défavorable
2012-05-24,21,17,9,17,19,18,0.7,98,3.25,1020,77.25,21,18,17,266,116,143,,,,météo défavorable
2012-05-25,21,15,10,15,18,17,0.1,95,5.75,1019,58.25,21,17,15,248,116,116,,,,météo correcte
2012-05-26,20,14,9,13,18,17,0.1,95,4.25,1017,68,20,17,14,248,116,116,,,,météo défavorable
2012-05-27,22,15,17,14,20,19,0.1,96,6.25,1014,73.625,25,18,15,248,116,119,,,,météo défavorable
2012-05-28,24,19,8,18,23,20,0.3,97,4.25,1015,57.375,26,20,19,248,113,116,,,,météo correcte
2012-05-29,25,21,14,21,25,21,3.8,98,4.375,1014,76.25,27,22,21,266,353,353,,,,météo défavorable
2012-05-30,18,12,12,11,16,13,0,85,10,1020,2.875,18,14,10,113,113,113,,,,météo favorable
2012-05-31,18,11,5,7,17,11,0,86,10,1023,11.25,20,13,11,113,113,113,,,,météo favorable
2012-06-01,18,10,10,9,15,13,0,86,10,1025,5.75,19,12,10,113,113,113,,,,météo favorable
2012-06-02,19,10,11,9,16,15,0,88,9,1017,9,20,14,11,113,113,113,,,,météo favorable
2012-06-03,16,9,14,8,15,12,0,74,10,1016,5.125,17,8,7,113,113,113,,,,météo correcte
2012-06-04,14,7,12,5,13,10,0,81,10,1019,12,14,7,6,113,113,116,,,,météo correcte
2012-06-05,13,6,10,4,11,8,0,89,9,1022,5.5,14,7,6,143,113,113,,,,météo correcte
2012-06-06,9,5,27,5,9,5,0,85,10,1032,9.75,10,4,0,116,116,113,,,,météo très défavorable
2012-06-07,10,1,7,-1,8,1,0,79,10,1033,7.625,11,0,-1,113,113,116,,,,météo très défavorable
2012-06-08,11,2,6,0,9,2,0,75,10,1029,0.125,12,0,0,113,113,113,,,,météo très défavorable
2012-06-09,12,3,12,1,10,6,0,81,10,1026,17.125,14,4,1,113,113,113,,,,météo très défavorable
2012-06-10,11,5,7,3,9,7,0,89,10,1021,24.625,13,7,4,116,116,113,,,,météo très défavorable
2012-06-11,15,10,12,7,14,13,0.1,97,5.5,1020,64.125,15,12,9,248,116,119,,,,météo correcte
2012-06-12,20,12,15,13,17,17,0.4,97,7.75,1016,66.25,24,17,12,143,116,116,,,,météo défavorable
2012-06-13,24,20,18,20,21,21,19.6,98,7.375,1012,71,27,22,21,353,356,356,,,,météo très défavorable
2012-06-14,23,19,13,18,21,20,0.5,97,4.625,1015,79.875,27,21,20,248,263,119,,,,météo défavorable
2012-06-15,22,19,17,18,22,19,27.1,98,8.25,1014,84.375,25,22,19,353,353,353,,,,météo très défavorable
2012-06-16,14,9,18,9,12,10,0.3,89,10,1023,41.875,14,12,7,116,116,113,,,,météo correcte
2012-06-17,10,8,14,7,9,9,9.4,97,8.375,1021,58.5,11,10,6,116,389,353,,,,météo défavorable
2012-06-18,13,10,12,10,11,11,0.6,97,4.5,1014,69.5,13,11,8,248,116,116,,,,météo défavorable
2012-06-19,15,10,6,8,14,10,0,94,6,1017,36.5,16,12,10,143,116,113,,,,météo correcte
2012-06-20,16,9,6,4,14,11,0,94,7,1018,1.25,18,13,10,143,113,113,,,,météo correcte
2012-06-21,16,9,10,6,14,12,0,93,6,1018,26.75,17,12,9,143,116,119,,,,météo correcte
2012-06-22,15,7,9,7,13,8,0,91,6.75,1023,24.25,17,10,6,143,113,113,,,,météo correcte
2012-06-23,17,8,11,7,14,12,0,89,10,1025,0.125,18,12,7,113,113,113,,,,météo correcte
2012-06-24,18,9,11,9,15,13,0,97,7,1024,19.375,18,14,8,116,113,113,,,,météo favorable
2012-06-25,14,8,15,8,13,11,0,90,10,1028,13.25,15,11,7,113,113,113,,,,météo correcte
2012-06-26,19,11,9,9,16,15,0,96,4.75,1024,28.5,20,16,11,248,113,113,,,,météo favorable
2012-06-27,18,15,15,13,17,17,0.5,97,4.875,1019,75,19,18,16,248,266,119,,,,météo défavorable
2012-06-28,21,18,17,17,20,20,2.1,98,8,1015,80.125,25,21,18,266,353,353,,,,météo défavorable
2012-06-29,19,16,14,18,17,16,39.7,99,7.5,1014,84.5,19,19,16,356,359,353,,,,météo très défavorable
2012-06-30,20,18,11,16,19,19,1.7,98,3.625,1014,95.25,24,21,19,248,122,248,,,,météo défavorable
2012-07-01,23,21,17,20,22,22,0.6,98,10,1011,70,27,22,22,119,116,116,,,,météo défavorable
2012-07-02,20,10,32,19,12,10,17.3,98,8.5,1020,72.875,20,20,7,116,302,302,,,,météo très défavorable
2012-07-03,11,9,17,8,11,11,0.3,88,10,1022,52.625,13,8,8,119,116,116,,,,météo défavorable
2012-07-04,11,9,12,8,11,11,14,98,6.75,1017,90.75,12,12,9,266,296,302,,,,météo défavorable
2012-07-05,13,5,17,4,10,8,0,95,5.5,1022,31.25,14,7,3,143,113,113,,,,météo correcte
2012-07-06,10,2,17,2,8,6,0,74,10,1027,8.5,10,2,-1,113,113,113,,,,météo très défavorable
2012-07-07,10,2,7,0,9,3,0,79,10,1031,1.5,12,2,1,113,113,113,,,,météo très défavorable
2012-07-08,11,3,14,2,9,7,0,77,10,1028,0,12,4,0,113,113,113,,,,météo très défavorable
2012-07-09,13,4,8,2,10,10,0,91,9,1024,5.5,14,9,3,143,113,113,,,,météo correcte
2012-07-10,14,8,22,7,12,9,0,95,6.5,1021,47.875,14,9,6,248,116,113,,,,météo correcte
2012-07-11,11,3,9,1,9,6,0,82,10,1021,0.75,11,4,4,113,113,113,,,,météo très défavorable
2012-07-12,13,5,18,4,11,9,0,80,10,1016,5.375,13,6,3,113,113,113,,,,météo correcte
2012-07-13,16,7,18,5,13,12,0,79,10,1020,5.875,17,9,5,113,113,113,,,,météo correcte
2012-07-14,12,6,15,6,11,8,0,92,9,1030,11,12,7,4,143,116,113,,,,météo défavorable
2012-07-15,10,4,12,2,9,8,0,83,10,1034,30.5,11,4,3,113,116,116,,,,météo très défavorable
2012-07-16,11,3,9,2,9,6,0,87,10,1035,6.25,12,5,1,113,113,113,,,,météo très défavorable
2012-07-17,14,5,5,3,12,7,0,89,10,1032,2.625,14,8,6,113,113,113,,,,météo correcte
2012-07-18,15,6,9,4,12,9,0,90,10,1027,4,16,9,6,113,113,113,,,,météo correcte
2012-07-19,16,7,12,5,13,12,0,93,8,1024,9.625,17,11,7,143,113,113,,,,météo correcte
2012-07-20,17,8,12,8,15,14,0,94,7,1019,13.25,19,13,8,143,113,116,,,,météo correcte
2012-07-21,18,11,8,10,16,14,0,96,7.75,1015,29.625,19,14,10,248,113,113,,,,météo favorable
2012-07-22,16,8,11,7,14,12,0,88,10,1022,0.125,17,10,7,113,113,113,,,,météo correcte
2012-07-23,18,9,10,7,15,13,0,92,9,1020,2.875,19,15,8,143,113,113,,,,météo favorable
2012-07-24,16,12,22,14,15,13,1.2,95,7.875,1024,43.75,17,14,11,293,116,113,,,,météo correcte
2012-07-25,12,5,8,3,10,6,0,82,10,1025,0,13,5,4,113,113,113,,,,météo très défavorable
2012-07-26,15,7,8,3,13,10,0,76,10,1024,1.375,16,8,7,113,113,113,,,,météo correcte
2012-07-27,14,5,10,4,11,8,0,92,8.75,1025,19.875,14,9,4,248,113,113,,,,météo correcte
2012-07-28,16,7,9,5,13,11,0,92,8,1023,4,18,11,5,143,113,113,,,,météo correcte
2012-07-29,13,9,23,9,12,9,0,86,10,1029,14.625,13,7,7,116,113,113,,,,météo correcte
2012-07-30,12,3,17,1,9,8,0,77,10,1032,0,12,4,1,113,113,113,,,,météo très défavorable
2012-07-31,13,8,19,5,12,12,3.5,99,9,1030,66.375,13,12,5,116,266,353,,,,météo défavorable
2012-08-01,17,11,6,10,14,14,0.1,95,5.25,1021,71.875,18,14,12,248,116,116,,,,météo défavorable
2012-08-02,19,17,9,16,19,18,2.5,98,4.125,1016,82.5,21,20,18,266,353,248,,,,météo défavorable
2012-08-03,19,16,7,14,18,18,1.8,99,4.75,1016,82.125,20,20,17,353,143,266,,,,météo défavorable
2012-08-04,15,12,19,13,13,13,3,96,8.375,1026,80.5,15,15,11,296,116,119,,,,météo défavorable
2012-08-05,17,12,11,11,15,15,0.1,92,9,1026,33.125,18,14,12,143,113,113,,,,météo correcte
2012-08-06,19,10,18,8,16,16,0,82,10,1023,18.625,19,11,8,113,113,119,,,,météo favorable
2012-08-07,25,15,24,13,22,21,9,91,8.875,1014,26.625,27,20,14,113,176,356,,,,météo correcte
2012-08-08,17,11,17,12,15,14,14.2,90,9.125,1018,32.625,18,15,11,176,113,113,,,,météo défavorable
2012-08-09,19,11,13,9,17,14,0,82,10,1018,8,20,12,10,113,113,113,,,,météo favorable
2012-08-10,21,13,11,12,19,18,0,86,10,1019,50.75,25,17,13,122,116,116,,,,météo favorable
2012-08-11,22,18,14,16,22,21,4.5,98,8.375,1015,54,26,22,18,353,356,116,,,,météo correcte
2012-08-12,19,15,18,17,17,15,9.9,96,6.375,1022,61.5,19,18,14,353,266,119,,,,météo correcte
2012-08-13,17,8,19,6,14,13,0,75,10,1027,9,17,9,5,113,113,113,,,,météo correcte
2012-08-14,21,14,15,13,17,20,6.5,96,9.875,1020,57.875,25,20,14,353,353,200,,,,météo correcte
2012-08-15,21,18,17,16,20,20,22.3,98,8.875,1015,53,24,21,19,356,353,386,,,,météo très défavorable
2012-08-16,24,17,22,17,21,22,14.4,97,8.875,1014,43.875,28,22,18,302,353,113,,,,météo défavorable
2012-08-17,20,18,22,17,20,20,27.8,97,7.75,1016,54.5,24,21,20,356,356,359,,,,météo très défavorable
2012-08-18,20,16,15,19,19,16,39.2,99,5.875,1021,70.625,20,20,16,308,263,119,,,,météo très défavorable
2012-08-19,19,12,11,10,17,17,0.7,89,7.75,1024,19.25,20,15,13,143,113,176,,,,météo favorable
2012-08-20,18,16,12,15,17,17,15.8,97,9.125,1020,88.25,19,18,17,353,119,119,,,,météo défavorable
2012-08-21,18,13,8,12,15,16,0.2,95,4,1020,60.75,19,16,15,248,113,113,,,,météo correcte
2012-08-22,26,17,22,14,23,23,0,93,10,1018,20.5,29,22,17,116,113,113,,,,météo idéale
2012-08-23,25,18,25,18,23,22,0,86,10,1015,0.625,28,20,19,113,113,113,,,,météo idéale
2012-08-24,18,10,21,13,12,10,6,96,6.875,1027,74.125,18,17,8,266,266,353,,,,météo défavorable
2012-08-25,12,6,18,5,10,10,0.1,88,10,1033,19.875,13,8,3,116,113,113,,,,météo défavorable
2012-08-26,11,6,17,3,11,9,0.1,80,10,1035,8.625,12,6,3,113,113,113,,,,météo défavorable
2012-08-27,13,5,15,2,11,11,0.1,88,6.5,1035,53.125,14,8,4,248,116,113,,,,météo correcte
2012-08-28,16,8,11,5,14,13,0,89,7.5,1033,37.5,17,11,7,248,113,113,,,,météo correcte
2012-08-29,17,10,16,7,16,14,0,90,7,1027,21.375,19,14,9,143,116,113,,,,météo correcte
2012-08-30,20,12,10,9,18,17,0,92,8.75,1022,32.5,24,16,13,248,113,116,,,,météo favorable
2012-08-31,23,17,5,11,22,19,0,87,8,1019,23.375,26,19,18,143,116,113,,,,météo favorable
2012-09-01,25,17,8,15,23,22,1.2,90,7.875,1018,15.625,29,22,19,116,116,176,,,,météo favorable
2012-09-02,25,21,12,16,24,22,3.2,94,5.375,1021,45.875,29,23,22,248,176,113,,,,météo favorable
2012-09-03,18,12,22,10,16,17,0,80,10,1027,24.75,19,14,10,113,113,116,,,,météo favorable
2012-09-04,23,13,18,11,19,21,0,90,10,1023,9.75,26,20,12,113,113,113,,,,météo favorable
2012-09-05,20,18,16,16,19,19,31,99,6.375,1020,73.125,20,20,18,353,302,296,,,,météo très défavorable
2012-09-06,18,17,21,16,18,18,43.8,99,6.25,1018,90,19,19,18,356,359,356,,,,météo très défavorable
2012-09-07,20,17,18,17,20,17,33.5,99,6.875,1011,75.625,24,20,17,359,353,119,,,,météo très défavorable
2012-09-08,21,15,12,13,19,19,0,93,6.25,1020,58.625,25,18,17,248,116,113,,,,météo correcte
2012-09-09,19,13,17,11,17,17,0,89,10,1023,24.75,20,15,13,119,113,113,,,,météo favorable
2012-09-10,19,12,15,9,17,17,0,88,10,1024,14.75,21,15,11,116,113,113,,,,météo favorable
2012-09-11,20,14,8,10,19,18,0,87,9,1021,3.375,25,15,14,143,113,113,,,,météo favorable
2012-09-12,22,16,8,9,21,19,0,81,10,1020,2.875,25,16,17,113,113,113,,,,météo favorable
2012-09-13,23,16,12,12,21,20,0,82,10,1022,0,25,16,17,113,113,113,,,,météo favorable
2012-09-14,23,15,12,11,21,21,0,85,9,1018,6.875,27,19,16,143,113,113,,,,météo favorable
2012-09-15,25,21,14,17,23,24,4.4,93,8.625,1012,35.25,30,24,23,176,353,113,,,,météo correcte
2012-09-16,27,21,17,21,25,25,7.5,95,8.125,1011,47.875,35,26,22,200,353,113,,,,météo correcte
2012-09-17,23,20,18,20,23,20,13.7,97,8.625,1009,61,26,23,20,353,353,353,,,,météo défavorable
2012-09-18,18,16,16,15,17,17,19.2,98,7.125,1010,90,19,18,17,356,353,353,,,,météo très défavorable
2012-09-19,14,9,37,9,9,12,4.5,94,7.25,1010,69.75,14,14,6,263,296,113,,,,météo défavorable
2012-09-20,18,11,8,6,17,16,0,75,10,1013,18.375,20,11,11,116,116,116,,,,météo favorable
2012-09-21,19,12,17,6,18,15,0,76,10,1019,9.5,19,10,13,113,113,113,,,,météo favorable
2012-09-22,19,11,6,7,17,15,0,72,10,1025,0.375,21,9,12,113,113,113,,,,météo favorable
2012-09-23,21,13,17,8,19,18,0,72,10,1023,10.875,24,13,12,116,113,113,,,,météo favorable
2012-09-24,24,16,18,11,22,20,0.3,85,10,1019,17.5,26,17,18,113,113,386,,,,météo idéale
2012-09-25,14,9,23,5,13,12,0,66,10,1032,10,15,5,7,113,113,113,,,,météo correcte
2012-09-26,16,8,9,3,13,14,0,72,9,1035,0.625,18,8,8,143,113,113,,,,météo correcte
2012-09-27,19,12,19,6,17,17,0,74,10,1030,0.375,21,13,10,113,113,113,,,,météo favorable
2012-09-28,22,14,19,10,20,19,0,77,10,1025,31.5,26,16,15,113,116,116,,,,météo favorable
2012-09-29,21,13,8,13,17,19,9.4,96,8.25,1022,40.625,25,18,15,296,293,113,,,,météo correcte
2012-09-30,25,17,12,12,23,21,1.1,84,7.625,1016,26.625,28,18,19,143,113,116,,,,météo idéale
2012-10-01,27,20,11,16,26,24,1,91,7,1010,9.625,31,21,22,143,113,113,,,,météo idéale
2012-10-02,24,19,22,18,23,19,18.2,97,8.5,1011,73.875,28,23,19,356,356,356,,,,météo très défavorable
2012-10-03,19,16,22,15,19,19,1.5,94,8,1019,69.75,20,17,17,119,119,119,,,,météo défavorable
2012-10-04,23,14,14,10,19,21,0,88,7.5,1020,33.75,27,19,16,248,113,113,,,,météo favorable
2012-10-05,26,19,15,15,25,25,1.5,86,9,1015,28.625,31,22,21,119,116,386,,,,météo favorable
2012-10-06,27,22,15,20,26,25,23,96,7.125,1008,37.5,33,25,23,356,356,113,,,,météo très défavorable
2012-10-07,25,22,19,21,22,25,46.9,98,6,1010,57.75,29,24,23,356,359,356,,,,météo très défavorable
2012-10-08,28,23,10,21,27,24,44.3,95,7.125,1011,67.125,40,27,24,356,353,359,,,,météo très défavorable
2012-10-09,21,18,22,18,18,18,19.4,96,8.125,1015,76.625,21,21,18,353,353,122,,,,météo très défavorable
2012-10-10,17,13,22,13,16,14,9.1,97,8.25,1023,69.375,18,16,12,302,119,116,,,,météo défavorable
2012-10-11,19,12,13,8,18,17,0.1,81,9,1026,23.25,20,13,13,143,113,113,,,,météo favorable
2012-10-12,21,14,13,9,19,20,0,80,9,1025,1.375,25,16,14,143,113,113,,,,météo favorable
2012-10-13,24,16,14,11,22,23,0,82,10,1023,5.5,28,19,18,116,113,113,,,,météo idéale
2012-10-14,26,18,15,13,24,24,0,82,10,1018,3,29,20,19,113,113,113,,,,météo idéale
2012-10-15,24,19,17,16,24,21,23.2,98,8.5,1012,51.375,28,21,21,113,116,389,,,,météo très défavorable
2012-10-16,19,15,28,12,19,17,4.7,86,8.625,1009,45.75,20,16,16,113,116,353,,,,météo favorable
2012-10-17,20,15,18,12,20,20,0.1,83,10,1014,31,25,16,17,116,116,113,,,,météo favorable
2012-10-18,23,17,6,9,22,21,0,81,7,1017,3.5,26,17,19,143,113,113,,,,météo favorable
2012-10-19,25,18,11,13,23,24,0,75,10,1015,9.75,28,19,19,113,113,113,,,,météo idéale
2012-10-20,27,20,11,16,25,25,0.4,82,9.5,1009,29.75,32,22,23,176,200,200,,,,météo correcte
2012-10-21,27,22,11,18,27,26,17.6,93,8.375,1008,51.875,36,25,25,356,200,386,,,,météo très défavorable
2012-10-22,27,22,19,21,27,23,15.9,94,8,1002,39.875,34,24,23,266,386,113,,,,météo défavorable
2012-10-23,17,13,24,11,15,17,1,85,8.875,1011,55.25,18,14,11,119,266,176,,,,météo correcte
2012-10-24,22,16,8,10,20,21,0,79,7,1016,6.125,25,15,17,143,113,113,,,,météo favorable
2012-10-25,24,19,7,11,23,22,0,71,10,1017,2.375,27,16,21,113,113,113,,,,météo idéale
2012-10-26,27,19,13,13,25,26,0,72,10,1015,2.875,31,20,20,113,113,113,,,,météo idéale
2012-10-27,29,23,13,16,28,26,0,81,10,1012,10.875,36,23,25,113,113,116,,,,météo favorable
2012-10-28,28,23,15,21,25,26,5.6,96,9.875,1012,47.25,35,26,25,386,386,353,,,,météo correcte
2012-10-29,26,21,16,20,23,24,16.9,96,7.75,1010,55.375,31,24,24,299,263,353,,,,météo très défavorable
2012-10-30,25,19,18,20,21,23,0.4,93,6.75,1011,46.875,30,21,19,119,116,113,,,,météo favorable
2012-10-31,24,17,13,12,22,23,0,82,7.5,1014,29.5,28,18,19,248,113,113,,,,météo idéale
2012-11-01,26,20,13,15,25,24,0,76,9,1015,1.625,28,18,22,143,113,113,,,,météo idéale
2012-11-02,28,22,8,15,26,25,0,73,10,1016,3.125,30,19,24,113,113,113,,,,météo idéale
2012-11-03,29,23,5,15,28,27,0,67,10,1015,4.875,33,19,25,113,113,113,,,,météo idéale
2012-11-04,29,23,8,15,27,26,0,64,10,1014,3.5,33,19,25,113,113,113,,,,météo idéale
2012-11-05,30,24,6,18,29,28,0,66,10,1015,8.125,34,21,26,113,113,113,,,,météo idéale
2012-11-06,31,26,5,16,31,29,0,63,10,1014,3.625,35,20,28,113,113,113,,,,météo favorable
2012-11-07,31,24,11,19,30,29,0,63,10,1013,3.375,35,21,27,113,113,113,,,,météo favorable
2012-11-08,31,26,20,21,31,29,0,71,10,1009,8.875,36,23,27,116,113,113,,,,météo favorable
2012-11-09,30,25,15,20,29,28,2.9,78,8.5,1008,28.625,37,24,27,248,113,113,,,,météo favorable
2012-11-10,22,18,22,18,21,20,5,96,7.875,1015,83.875,25,20,19,353,266,353,,,,météo défavorable
2012-11-11,21,17,17,15,20,20,0.5,87,10,1018,76.25,25,17,18,119,122,119,,,,météo défavorable
2012-11-12,23,16,16,14,20,21,0.4,88,7.75,1021,55.875,26,15,17,248,116,113,,,,météo correcte
2012-11-13,24,17,13,11,22,22,0,65,10,1023,17.125,26,15,19,113,113,116,,,,météo idéale
2012-11-14,24,18,11,12,23,23,0,71,10,1021,19.125,27,15,20,113,113,116,,,,météo idéale
2012-11-15,26,19,10,13,24,24,0,70,10,1017,11.5,29,16,21,113,113,113,,,,météo idéale
2012-11-16,28,21,10,15,27,26,0,74,9,1016,13.375,31,18,23,143,113,113,,,,météo idéale
2012-11-17,28,22,14,17,27,25,0,70,10,1018,19.875,31,18,23,113,113,116,,,,météo idéale
2012-11-18,31,21,13,17,28,28,2.3,79,10,1015,17,38,22,24,386,113,113,,,,météo favorable
2012-11-19,29,22,10,17,27,27,2.6,84,8.625,1013,23.5,32,21,24,248,113,113,,,,météo idéale
2012-11-20,29,23,9,16,28,27,0,67,10,1014,2.75,34,19,26,113,113,113,,,,météo idéale
2012-11-21,31,24,17,19,30,29,0,66,10,1013,0.375,35,20,26,113,113,113,,,,météo favorable
2012-11-22,27,23,17,19,26,23,69.4,97,7.75,1009,27.625,38,26,23,113,176,359,,,,météo très défavorable
2012-11-23,23,17,19,17,19,23,1.5,93,7,1011,59.25,25,19,18,266,266,113,,,,météo correcte
2012-11-24,26,19,14,12,25,24,0,67,8.75,1017,19.25,27,15,21,248,113,113,,,,météo idéale
2012-11-25,27,18,14,12,24,25,0,69,10,1019,4.75,29,15,20,113,113,113,,,,météo idéale
2012-11-26,30,21,10,14,27,28,0,62,10,1018,8.875,32,16,22,113,113,113,,,,météo idéale
2012-11-27,31,24,9,17,30,29,0,58,10,1013,6.75,33,18,26,113,113,113,,,,météo idéale
2012-11-28,34,26,7,18,32,31,0,56,10,1008,4.875,36,19,28,113,113,113,,,,météo favorable
2012-11-29,26,22,21,19,24,26,0,70,10,1013,23.75,30,20,23,113,113,116,,,,météo idéale
2012-11-30,25,22,8,19,22,25,6.6,91,8.25,1012,25.875,29,24,25,113,356,113,,,,météo correcte
2012-12-01,29,22,14,17,28,27,0,52,10,1015,8.75,31,18,24,113,113,113,,,,météo idéale
2012-12-02,32,24,9,16,30,30,0,49,10,1013,2,33,16,26,113,113,113,,,,météo idéale
2012-12-03,34,25,13,18,32,30,0,58,10,1010,11.25,38,21,27,113,113,113,,,,météo favorable
2012-12-04,30,23,13,21,24,29,24.6,97,8.625,1011,41,37,25,24,356,299,113,,,,météo très défavorable
2012-12-05,33,24,12,21,31,32,1.2,87,6.375,1011,36.75,41,24,27,143,113,113,,,,météo correcte
2012-12-06,32,26,19,23,31,31,7.5,89,9.375,1004,35,41,26,28,353,386,200,,,,météo correcte
2012-12-07,26,20,21,23,22,24,29,95,8.625,1012,40.875,30,24,20,302,176,113,,,,météo très défavorable
2012-12-08,27,21,8,14,26,26,0,64,10,1015,0,29,16,23,113,113,113,,,,météo idéale
2012-12-09,30,24,6,15,29,29,0,62,10,1015,0,33,19,27,113,113,113,,,,météo idéale
2012-12-10,33,21,13,18,30,31,3.7,67,9.5,1008,19.875,39,24,23,113,113,200,,,,météo favorable
2012-12-11,29,21,10,18,27,28,14.3,85,7.875,1006,32.5,33,22,23,248,113,113,,,,météo défavorable
2012-12-12,31,22,12,19,29,30,2.8,64,9.875,1007,6.25,37,21,24,113,113,113,,,,météo favorable
2012-12-13,30,24,18,20,29,28,5.8,64,9.625,1011,5.875,32,20,25,113,113,113,,,,météo favorable
2012-12-14,31,22,16,17,28,30,0,55,10,1012,3.375,34,18,23,113,113,113,,,,météo idéale
2012-12-15,33,25,7,19,32,31,0,67,10,1010,4,39,22,28,113,113,113,,,,météo favorable
2012-12-16,35,26,7,20,33,32,0,57,10,1008,4.875,41,20,28,113,113,113,,,,météo correcte
2012-12-17,33,25,10,20,31,32,1.7,74,7.875,1007,23.25,40,23,28,143,116,386,,,,météo correcte
2012-12-18,32,21,18,16,28,31,2.6,58,9.875,1008,29,37,23,22,176,116,386,,,,météo favorable
2012-12-19,31,27,24,24,31,30,15.3,84,8,1004,38,40,26,28,263,176,386,,,,météo défavorable
2012-12-20,28,25,19,23,25,26,50.9,95,7.75,1006,48.25,35,27,26,359,353,119,,,,météo très défavorable
2012-12-21,27,19,17,18,25,26,0.6,64,9.875,1016,19.625,29,18,20,113,113,113,,,,météo idéale
2012-12-22,30,23,15,18,28,29,0,74,9,1018,2.75,31,20,25,143,113,113,,,,météo idéale
2012-12-23,32,23,12,18,30,32,0,69,10,1013,12.5,41,24,25,113,113,116,,,,météo correcte
2012-12-24,36,30,20,24,34,34,0,71,8,1008,9.625,43,25,31,143,113,113,,,,météo correcte
2012-12-25,30,22,26,26,29,22,11,79,9.5,1009,35.25,38,26,22,113,356,353,,,,météo correcte
2012-12-26,25,18,15,16,23,24,5.9,61,9.375,1014,15.5,27,18,20,113,113,113,,,,météo favorable
2012-12-27,26,20,15,14,24,25,0,62,10,1018,8,28,13,21,113,113,113,,,,météo idéale
2012-12-28,28,20,8,13,25,26,0,62,10,1016,7.625,30,16,22,113,113,113,,,,météo idéale
2012-12-29,30,23,6,16,29,29,0,69,10,1014,0,33,19,26,113,113,113,,,,météo idéale
2012-12-30,33,25,9,18,31,32,0,67,10,1012,0,37,21,27,113,113,113,,,,météo favorable
2012-12-31,33,27,22,23,31,29,21,82,7.625,1008,31.625,40,26,29,143,353,356,,,,météo très défavorable
2013-01-01,24,18,25,17,21,23,0.6,56,10,1018,7.125,25,21,19,113,113,113,,,,météo idéale
2013-01-02,25,19,10,12,23,24,0,55,10,1022,0.625,27,12,20,113,113,113,,,,météo idéale
2013-01-03,29,20,14,15,26,27,0,61,10,1020,2.375,30,15,22,113,113,113,,,,météo idéale
2013-01-04,33,25,12,19,31,32,2.3,70,9.875,1016,20.25,41,23,27,113,200,386,,,,météo correcte
2013-01-05,32,26,18,22,32,29,20.8,87,8.875,1010,23.625,39,27,29,356,386,113,,,,météo très défavorable
2013-01-06,27,25,13,22,27,25,11.1,90,5.375,1008,63.75,37,27,25,353,356,176,,,,météo correcte
2013-01-07,25,22,10,20,24,24,9.1,93,7.5,1006,49,34,26,24,113,296,299,,,,météo correcte
2013-01-08,34,26,9,19,31,33,0,79,7,1010,5.25,40,25,29,143,113,113,,,,météo correcte
2013-01-09,34,27,10,22,33,32,0,67,9.75,1016,25.25,40,23,30,113,113,200,,,,météo correcte
2013-01-10,33,25,11,21,31,32,0,58,10,1018,12.5,36,18,27,113,113,113,,,,météo favorable
2013-01-11,31,23,13,19,29,30,0,61,10,1017,1.75,32,16,24,113,113,113,,,,météo idéale
2013-01-12,31,23,10,18,29,30,0,57,10,1014,4,32,16,25,113,113,113,,,,météo idéale
2013-01-13,32,24,12,19,30,31,0,60,10,1016,3.125,33,18,26,113,113,113,,,,météo idéale
2013-01-14,32,24,14,19,30,31,0,68,10,1016,3.875,34,20,27,113,113,113,,,,météo idéale
2013-01-15,32,25,11,20,30,31,0,70,10,1013,22.125,37,21,27,113,113,116,,,,météo favorable
2013-01-16,33,26,9,21,32,32,0,66,10,1010,11.375,38,21,28,113,113,113,,,,météo favorable
2013-01-17,33,28,11,21,33,32,0.5,59,9.875,1011,23.5,38,21,30,176,116,116,,,,météo favorable
2013-01-18,31,24,16,20,29,30,0.4,75,9,1014,31.25,35,21,26,116,116,113,,,,météo favorable
2013-01-19,29,24,15,19,28,27,1.4,69,9.75,1017,13,32,20,26,113,113,176,,,,météo idéale
2013-01-20,28,21,16,17,26,27,0,68,10,1021,27.625,30,18,22,119,113,113,,,,météo idéale
2013-01-21,29,21,14,16,27,29,0,66,10,1021,4.125,31,17,23,113,113,113,,,,météo idéale
2013-01-22,32,23,13,19,29,31,0,68,10,1018,23.375,37,19,24,113,113,116,,,,météo favorable
2013-01-23,33,26,9,20,31,32,1.5,74,9.75,1014,24.625,40,23,28,113,176,116,,,,météo correcte
2013-01-24,35,26,19,22,34,33,4.4,76,9.125,1008,22.75,41,23,28,356,113,200,,,,météo correcte
2013-01-25,27,21,22,20,26,26,9.8,68,9.25,1014,19.875,28,22,23,116,113,113,,,,météo correcte
2013-01-26,29,20,4,13,28,27,0,49,10,1018,0,32,14,22,113,113,113,,,,météo idéale
2013-01-27,32,22,7,16,29,30,0,49,10,1017,0,34,14,24,113,113,113,,,,météo idéale
2013-01-28,34,24,10,18,31,33,0,47,10,1018,0.625,36,14,26,113,113,113,,,,météo favorable
2013-01-29,36,25,10,20,33,34,0,56,10,1016,3.875,38,18,27,113,113,113,,,,météo favorable
2013-01-30,36,27,9,23,35,34,0,50,10,1013,6.875,40,19,29,113,113,113,,,,météo correcte
2013-01-31,36,27,5,23,34,35,2,65,9.5,1011,26.5,42,23,30,386,200,200,,,,météo correcte
2013-02-01,39,31,6,23,37,37,0.2,52,10,1009,8.75,44,21,33,113,113,113,,,,météo défavorable
2013-02-02,36,25,12,23,33,34,10.4,84,9.375,1012,24.25,44,24,27,356,113,200,,,,météo défavorable
2013-02-03,29,20,16,17,26,27,1.6,60,9.875,1018,3.375,29,18,22,113,113,113,,,,météo idéale
2013-02-04,29,20,10,15,26,27,0,61,10,1017,0,30,14,21,113,113,113,,,,météo idéale
2013-02-05,30,22,12,17,28,29,0,59,10,1016,11.875,31,15,24,116,113,113,,,,météo idéale
2013-02-06,31,22,11,18,28,30,0,64,10,1016,7,33,16,24,113,113,113,,,,météo idéale
2013-02-07,32,22,11,18,29,31,0,73,10,1017,9,34,19,24,113,113,113,,,,météo idéale
2013-02-08,33,24,13,20,30,32,0,64,10,1015,7.375,34,18,25,113,113,113,,,,météo idéale
2013-02-09,33,26,12,21,31,32,0,66,10,1013,29.625,38,21,28,116,116,116,,,,météo favorable
2013-02-10,35,26,10,22,32,33,1.6,70,9.875,1010,19.625,41,23,29,113,113,116,,,,météo correcte
2013-02-11,35,26,8,22,30,32,4.2,72,9.375,1009,27.375,42,23,29,116,176,116,,,,météo correcte
2013-02-12,35,27,6,22,34,33,0,63,10,1007,19.375,39,21,29,113,116,113,,,,météo favorable
2013-02-13,35,28,6,23,35,33,0,63,10,1009,12.5,40,22,30,113,116,113,,,,météo correcte
2013-02-14,35,25,9,22,35,33,2.1,78,9.25,1011,32.375,42,24,28,176,200,200,,,,météo correcte
2013-02-15,34,25,10,21,31,32,0,76,9,1012,3.75,39,23,27,143,113,113,,,,météo favorable
2013-02-16,35,27,9,22,33,34,0.1,70,10,1009,7,39,22,28,113,113,113,,,,météo favorable
2013-02-17,32,26,9,24,32,32,11.8,86,9.125,1007,26.5,42,26,28,113,356,386,,,,météo correcte
2013-02-18,24,19,22,21,20,21,19.4,93,7.875,1015,77.125,26,21,20,353,302,356,,,,météo très défavorable
2013-02-19,20,17,19,16,19,19,17.6,95,4.75,1017,98,20,19,18,302,266,266,,,,météo très défavorable
2013-02-20,26,20,14,19,22,24,17.9,98,7.75,1014,93.125,30,24,21,359,353,353,,,,météo très défavorable
2013-02-21,26,19,15,19,24,26,1,91,6,1014,69.125,29,20,21,266,119,116,,,,météo défavorable
2013-02-22,28,20,13,15,26,27,0,78,9,1020,3.5,31,17,21,143,113,113,,,,météo idéale
2013-02-23,30,21,16,18,27,29,0,73,10,1016,21.5,34,19,22,113,113,116,,,,météo idéale
2013-02-24,28,23,13,21,24,27,22.1,84,8.75,1009,35,34,24,25,113,353,356,,,,météo très défavorable
2013-02-25,25,18,17,16,24,24,2.7,73,9.625,1013,4,27,20,19,113,113,113,,,,météo idéale
2013-02-26,27,20,11,15,24,26,6.2,67,9.5,1014,9.75,30,16,21,113,113,113,,,,météo favorable
2013-02-27,27,19,5,11,25,25,0,56,10,1019,0,29,12,20,113,113,113,,,,météo idéale
2013-02-28,28,19,10,14,26,27,0,60,10,1017,0,30,14,20,113,113,113,,,,météo idéale
2013-03-01,31,19,17,16,27,30,0,68,10,1014,0,33,19,20,113,113,113,,,,météo idéale
2013-03-02,25,23,25,24,25,25,23,96,8.125,1010,36,31,25,24,113,359,353,,,,météo très défavorable
2013-03-03,25,18,13,15,23,23,0.2,77,10,1015,1.25,27,17,20,113,113,113,,,,météo idéale
2013-03-04,25,17,8,14,23,23,0,77,8,1017,11.875,27,16,19,143,113,113,,,,météo idéale
2013-03-05,27,18,4,12,25,24,0,70,10,1017,0,29,16,19,113,113,113,,,,météo idéale
2013-03-06,28,19,6,14,25,26,0,67,10,1013,0,30,17,21,113,113,113,,,,météo idéale
2013-03-07,29,21,10,15,27,27,0,67,10,1014,8.375,32,17,23,113,113,116,,,,météo idéale
2013-03-08,31,22,12,19,29,28,1.8,70,9.5,1014,17.5,36,23,25,113,176,176,,,,météo favorable
2013-03-09,32,25,5,22,30,30,14,92,9.125,1011,67.375,46,27,26,356,353,176,,,,météo défavorable
2013-03-10,32,25,14,23,30,29,2.8,90,8.5,1009,30,37,26,27,353,176,113,,,,météo favorable
2013-03-11,30,20,10,16,27,28,0,64,10,1009,4.25,32,18,22,113,113,113,,,,météo idéale
2013-03-12,28,22,19,19,26,25,0.3,56,9.875,1011,17.875,29,15,24,176,113,113,,,,météo idéale
2013-03-13,24,16,19,13,22,21,0,70,10,1018,13,25,12,17,113,116,113,,,,météo favorable
2013-03-14,24,15,15,12,22,21,0.1,75,9,1021,25.25,26,14,17,143,113,116,,,,météo idéale
2013-03-15,24,15,13,11,22,22,0.5,76,9.875,1023,34.75,26,14,17,119,116,113,,,,météo favorable
2013-03-16,23,14,13,11,21,21,0,73,10,1025,0.75,25,12,15,113,113,113,,,,météo favorable
2013-03-17,22,14,18,11,20,20,0,66,10,1026,2.125,24,9,15,113,113,113,,,,météo favorable
2013-03-18,23,16,18,15,21,22,0.2,73,10,1024,28.25,26,14,17,116,116,113,,,,météo favorable
2013-03-19,21,18,16,15,21,19,1.4,82,8.875,1020,61.25,25,16,19,116,122,353,,,,météo correcte
2013-03-20,21,18,10,17,20,21,32.5,96,6.625,1014,70.375,25,20,18,302,119,116,,,,météo très défavorable
2013-03-21,25,18,16,18,22,23,1.2,96,5.75,1014,65.75,28,20,19,266,353,116,,,,météo défavorable
2013-03-22,27,18,7,15,25,24,0,83,10,1019,4.75,31,20,20,113,113,113,,,,météo idéale
2013-03-23,27,20,7,17,26,25,0.1,78,10,1019,24.625,31,20,23,113,113,116,,,,météo idéale
2013-03-24,27,20,12,18,26,25,0,66,10,1017,27.75,29,17,22,119,116,113,,,,météo favorable
2013-03-25,27,19,10,15,27,24,0.7,75,9.875,1016,13,31,21,20,113,113,113,,,,météo idéale
2013-03-26,25,18,16,15,23,22,0,80,10,1019,1.25,26,15,19,113,113,113,,,,météo idéale
2013-03-27,24,16,10,13,23,22,0,81,9,1022,1.75,27,16,18,143,113,113,,,,météo idéale
2013-03-28,25,17,7,12,24,22,0,70,10,1022,0,27,15,19,113,113,113,,,,météo idéale
2013-03-29,27,19,12,15,25,23,0,77,10,1021,14.25,29,16,20,113,113,116,,,,météo idéale
2013-03-30,28,20,11,18,27,26,0.2,77,9.875,1018,30.625,32,20,22,119,113,113,,,,météo favorable
2013-03-31,26,20,11,18,24,24,4.6,83,8.875,1017,43.5,29,20,21,113,113,113,,,,météo favorable
2013-04-01,24,21,15,19,23,23,15.2,93,7.75,1016,45.875,28,24,22,116,305,356,,,,météo défavorable
2013-04-02,24,20,11,20,22,24,3.1,97,7.75,1013,83.375,28,22,20,266,353,200,,,,météo défavorable
2013-04-03,25,18,15,18,22,23,0.2,92,6.75,1014,59.125,28,19,19,143,119,116,,,,météo correcte
2013-04-04,25,17,11,14,23,22,0,82,9,1011,7.5,27,16,18,143,113,113,,,,météo idéale
2013-04-05,27,18,16,14,25,23,0,70,10,1010,3.375,27,16,19,113,113,113,,,,météo idéale
2013-04-06,27,18,17,14,25,23,0.1,72,10,1016,4.5,28,17,20,113,113,113,,,,météo idéale
2013-04-07,21,12,9,9,19,17,0,59,10,1020,0.25,24,9,12,113,113,113,,,,météo favorable
2013-04-08,23,14,10,10,21,20,0,62,10,1020,0,25,12,15,113,113,113,,,,météo favorable
2013-04-09,25,16,13,12,22,21,0,77,10,1020,0,26,13,17,113,113,113,,,,météo idéale
2013-04-10,26,16,15,13,23,23,0,83,10,1016,11.25,29,19,17,116,113,113,,,,météo idéale
2013-04-11,23,19,9,18,23,23,42.4,98,7.125,1010,70.75,27,23,20,359,266,353,,,,météo très défavorable
2013-04-12,20,18,19,18,20,18,0.5,94,7.5,1016,61.125,24,19,18,119,119,113,,,,météo correcte
2013-04-13,17,10,8,7,16,14,0,64,10,1022,1,19,6,10,113,113,113,,,,météo correcte
2013-04-14,21,12,12,8,19,17,0,67,10,1020,4.5,24,11,13,113,113,113,,,,météo favorable
2013-04-15,25,15,14,12,22,21,0,72,10,1018,3.125,27,16,15,113,113,113,,,,météo idéale
2013-04-16,22,15,8,12,21,18,0,79,10,1020,0,25,14,15,113,113,113,,,,météo favorable
2013-04-17,23,15,6,11,21,18,0,80,10,1021,0,26,16,16,113,113,113,,,,météo favorable
2013-04-18,24,15,7,12,22,18,0,84,10,1020,1,27,16,17,113,113,113,,,,météo idéale
2013-04-19,25,16,6,13,23,19,0,79,10,1020,0,28,16,18,113,113,113,,,,météo idéale
2013-04-20,26,17,8,13,23,20,0,75,10,1021,0,28,16,18,113,113,113,,,,météo idéale
2013-04-21,26,17,11,14,24,21,0,78,10,1022,0,28,17,18,113,113,113,,,,météo idéale
2013-04-22,25,16,9,13,22,20,0,79,10,1022,0,28,18,17,113,113,113,,,,météo idéale
2013-04-23,25,17,8,14,23,20,0,80,10,1022,3.75,27,17,18,113,113,113,,,,météo idéale
2013-04-24,25,18,9,14,24,21,0,85,10,1021,11.5,28,19,19,113,113,113,,,,météo idéale
2013-04-25,26,18,12,16,24,21,0,89,9,1018,9.625,28,17,19,143,113,113,,,,météo idéale
2013-04-26,26,18,11,15,24,22,0.1,88,8,1017,8.125,28,19,19,143,113,113,,,,météo idéale
2013-04-27,26,18,17,16,25,23,0,86,7.75,1016,25,29,20,19,248,113,113,,,,météo idéale
2013-04-28,23,21,13,21,22,21,15.9,97,7.75,1012,66,27,23,21,356,266,116,,,,météo défavorable
2013-04-29,22,15,10,14,20,18,1.9,87,9.75,1014,9.375,26,16,17,113,113,113,,,,météo favorable
2013-04-30,23,15,8,13,21,19,0,89,8,1017,16.125,26,18,17,143,113,113,,,,météo favorable
2013-05-01,23,17,16,16,21,23,14.1,95,8.5,1016,50.75,26,22,19,356,356,176,,,,météo défavorable
2013-05-02,25,22,14,22,25,23,31.9,99,6.5,1011,65.5,30,25,23,302,386,386,,,,météo très défavorable
2013-05-03,23,21,16,20,23,22,44.2,98,5.375,1009,74,27,23,22,359,353,116,,,,météo très défavorable
2013-05-04,20,16,17,15,18,17,0.3,92,8.75,1018,51.625,21,16,17,119,119,113,,,,météo correcte
2013-05-05,20,13,12,10,18,15,0,85,10,1022,4,25,14,13,113,113,113,,,,météo favorable
2013-05-06,21,14,14,11,19,17,0,89,10,1020,0.75,25,15,14,113,113,113,,,,météo favorable
2013-05-07,16,10,15,10,15,10,0,83,10,1025,7.625,18,12,10,113,113,113,,,,météo correcte
2013-05-08,18,10,17,7,16,14,0,81,10,1022,0,19,11,8,113,113,113,,,,météo favorable
2013-05-09,21,12,13,10,18,17,0,91,7,1019,4.125,25,16,12,143,113,113,,,,météo favorable
2013-05-10,22,14,16,12,20,19,0,95,7.75,1016,35.875,26,19,15,116,113,113,,,,météo favorable
2013-05-11,18,16,7,15,18,18,27.8,98,6.125,1017,84,19,19,17,353,359,353,,,,météo très défavorable
2013-05-12,19,16,17,17,19,18,5.5,98,7.5,1015,82.25,21,18,16,266,119,119,,,,météo défavorable
2013-05-13,20,16,9,15,19,18,0.3,94,5,1016,85.875,24,19,16,143,119,143,,,,météo défavorable
2013-05-14,22,16,5,16,20,16,0.4,96,3.25,1014,77.375,26,20,16,248,122,143,,,,météo défavorable
2013-05-15,16,9,27,15,12,10,0.5,88,7,1023,48.375,16,15,7,119,116,116,,,,météo correcte
2013-05-16,12,4,11,3,10,6,0,82,10,1027,0,13,4,3,113,113,113,,,,météo très défavorable
2013-05-17,14,7,9,4,13,9,0,76,10,1027,27.5,15,5,6,116,116,116,,,,météo correcte
2013-05-18,14,9,15,7,14,12,3.4,82,9.625,1025,56,15,9,7,116,116,353,,,,météo correcte
2013-05-19,14,12,12,10,13,13,9.9,97,5.25,1022,93.375,15,14,12,266,119,266,,,,météo défavorable
2013-05-20,17,11,11,10,16,15,0,93,8,1021,52.5,19,15,11,143,116,119,,,,météo correcte
2013-05-21,17,9,8,7,15,12,0,90,9,1019,0.875,18,11,9,143,113,113,,,,météo correcte
2013-05-22,16,10,12,8,15,13,0.1,94,8,1021,47.5,17,13,9,143,116,119,,,,météo correcte
2013-05-23,19,13,7,11,16,14,0.1,93,6.75,1020,43.875,19,15,13,143,116,113,,,,météo favorable
2013-05-24,18,12,8,10,17,12,0,93,8,1021,21.25,19,14,12,143,113,113,,,,météo favorable
2013-05-25,18,11,6,9,16,12,0,91,9,1022,2.25,19,13,12,143,113,113,,,,météo favorable
2013-05-26,16,12,10,10,15,14,0.1,94,6,1019,25.625,18,15,11,143,116,113,,,,météo correcte
2013-05-27,21,15,10,11,19,18,0.4,97,4.125,1015,61.375,25,18,15,248,113,116,,,,météo correcte
2013-05-28,20,16,11,14,17,19,0.8,97,4.125,1007,67.625,20,19,17,248,266,266,,,,météo défavorable
2013-05-29,16,12,22,15,15,12,1,98,6.375,1012,57.75,17,16,12,122,176,113,,,,météo correcte
2013-05-30,17,8,14,8,15,13,0,78,10,1018,0.75,18,9,7,113,113,113,,,,météo correcte
2013-05-31,18,10,19,9,16,14,0,81,10,1015,14.625,19,11,9,113,116,113,,,,météo favorable
2013-06-01,20,12,6,9,18,14,0,90,8,1015,2.875,21,15,13,143,113,113,,,,météo favorable
2013-06-02,18,10,12,10,16,13,0,84,10,1021,19.125,19,12,10,113,113,113,,,,météo favorable
2013-06-03,18,10,7,6,16,12,0,84,10,1024,6.75,19,11,11,113,113,113,,,,météo favorable
2013-06-04,19,11,16,10,17,14,0,83,10,1020,0.125,20,12,10,113,113,113,,,,météo favorable
2013-06-05,20,11,17,10,17,16,0,94,8,1018,6.375,24,15,10,113,113,113,,,,météo favorable
2013-06-06,15,8,11,8,13,8,0,86,10,1023,2.625,16,12,7,113,113,113,,,,météo correcte
2013-06-07,17,8,10,7,14,9,0,90,9,1023,0.75,18,11,7,143,113,113,,,,météo correcte
2013-06-08,16,9,14,8,14,13,0,83,10,1027,30.625,17,10,8,113,116,116,,,,météo correcte
2013-06-09,19,11,11,10,16,13,0,93,10,1022,21.875,20,15,11,116,113,113,,,,météo favorable
2013-06-10,20,13,7,11,18,15,0,89,10,1020,20,24,15,14,116,113,113,,,,météo favorable
2013-06-11,21,14,8,11,19,15,0,89,10,1022,0,25,16,14,113,113,113,,,,météo favorable
2013-06-12,21,13,9,12,19,15,0,90,10,1022,0,25,16,14,113,113,113,,,,météo favorable
2013-06-13,23,15,10,14,20,19,0,96,5.75,1020,24.875,25,18,16,248,113,113,,,,météo favorable
2013-06-14,16,14,19,13,16,14,1.1,95,6.25,1022,52.125,17,17,13,176,266,116,,,,météo correcte
2013-06-15,17,10,14,9,15,14,0,85,10,1022,18.25,18,12,9,116,116,113,,,,météo correcte
2013-06-16,19,12,13,10,17,15,0,92,8,1017,15.125,20,15,14,143,113,113,,,,météo favorable
2013-06-17,16,9,12,8,14,12,0,91,10,1020,45.25,17,11,8,116,113,113,,,,météo correcte
2013-06-18,15,12,9,10,14,14,0.4,94,9,1018,66.125,16,14,13,119,119,143,,,,météo défavorable
2013-06-19,11,5,21,6,10,8,0,83,10,1027,18.125,12,10,2,113,113,113,,,,météo très défavorable
2013-06-20,12,4,16,2,10,9,0,80,10,1026,18.75,13,6,2,113,116,113,,,,météo très défavorable
2013-06-21,13,8,12,8,11,9,2.7,95,7.375,1018,57.625,14,10,6,266,116,113,,,,météo correcte
2013-06-22,15,6,8,4,12,9,0,85,10,1020,8.375,17,9,5,113,113,113,,,,météo correcte
2013-06-23,15,7,13,7,13,11,0,88,10,1025,15.625,16,9,7,113,113,113,,,,météo correcte
2013-06-24,15,7,13,6,13,11,0,94,5.75,1023,32.75,17,11,6,248,113,116,,,,météo correcte
2013-06-25,15,7,10,6,13,10,0,94,6.75,1019,26.75,16,10,6,248,113,113,,,,météo correcte
2013-06-26,16,8,6,7,14,8,0,89,9,1019,9,17,9,8,113,113,113,,,,météo correcte
2013-06-27,16,8,15,8,14,12,0,92,9,1020,11.375,17,10,7,143,113,113,,,,météo correcte
2013-06-28,16,12,14,10,14,14,0.1,95,6.5,1015,82.875,18,14,11,248,122,143,,,,météo défavorable
2013-06-29,18,10,14,11,15,12,0.1,96,7.75,1019,33.875,18,13,11,119,113,113,,,,météo favorable
2013-06-30,16,7,9,6,13,8,0,80,10,1024,0.25,17,6,6,113,113,113,,,,météo correcte
2013-07-01,16,8,7,3,14,9,0,80,10,1026,2.875,17,7,8,113,113,113,,,,météo correcte
2013-07-02,17,8,18,7,14,13,0,79,10,1024,1.25,18,9,6,113,113,113,,,,météo correcte
2013-07-03,18,11,19,9,16,17,0.1,96,9,1016,48.75,19,16,10,116,119,116,,,,météo correcte
2013-07-04,19,16,18,15,19,19,8.3,98,4.5,1016,95.75,20,20,17,353,266,248,,,,météo défavorable
2013-07-05,22,20,16,19,21,21,14.4,99,5.875,1013,91.875,25,21,21,266,266,353,,,,météo défavorable
2013-07-06,19,16,15,19,18,16,4.9,97,8.625,1018,73.25,19,19,16,353,116,116,,,,météo défavorable
2013-07-07,14,9,20,10,12,11,0.1,90,10,1027,29.625,15,11,6,116,116,113,,,,météo correcte
2013-07-08,15,7,19,6,13,12,0,92,9,1030,19,16,9,5,143,113,113,,,,météo correcte
2013-07-09,13,11,14,9,13,13,19.7,99,7.75,1024,77,14,14,11,119,296,302,,,,météo très défavorable
2013-07-10,19,14,6,13,18,18,4.7,97,4.5,1019,91.125,20,19,15,266,266,143,,,,météo défavorable
2013-07-11,19,17,13,16,18,18,4.8,99,6.375,1018,84.125,19,19,17,248,353,296,,,,météo défavorable
2013-07-12,18,15,15,16,16,16,13.8,97,7.875,1019,68.375,18,18,16,356,119,116,,,,météo défavorable
2013-07-13,18,12,9,11,16,15,0,95,4.5,1018,42.625,19,16,12,248,113,113,,,,météo favorable
2013-07-14,17,10,10,9,15,12,0,93,7,1023,6.125,18,11,9,143,113,113,,,,météo correcte
2013-07-15,14,7,6,5,13,8,0,82,10,1025,3.75,15,6,7,113,113,113,,,,météo correcte
2013-07-16,17,8,13,7,14,13,0,87,10,1022,0,18,11,7,113,113,113,,,,météo correcte
2013-07-17,20,11,11,10,17,18,0.1,96,4.75,1018,51.75,25,18,12,248,116,119,,,,météo favorable
2013-07-18,16,10,27,15,15,10,1.3,96,6.5,1022,62.125,17,16,7,248,113,119,,,,météo correcte
2013-07-19,10,4,13,2,9,6,0,79,10,1025,7.25,11,2,1,113,113,113,,,,météo très défavorable
2013-07-20,10,5,7,1,8,6,0.2,80,10,1017,21.75,11,4,4,113,116,113,,,,météo très défavorable
2013-07-21,9,3,25,3,8,7,0,69,10,1020,32.125,10,2,0,116,113,119,,,,météo très défavorable
2013-07-22,8,1,21,0,7,6,0.2,86,10,1026,49,9,3,-3,113,119,119,,,,météo très défavorable
2013-07-23,10,2,12,1,8,7,0.2,84,9.375,1028,31.25,11,2,0,113,113,113,,,,météo très défavorable
2013-07-24,12,5,12,4,10,6,0,76,10,1029,34.625,13,2,4,119,113,113,,,,météo très défavorable
2013-07-25,13,5,15,3,12,10,0,88,9,1029,0.25,14,6,3,143,113,113,,,,météo correcte
2013-07-26,16,5,18,4,12,12,0,79,10,1029,19,16,9,3,113,113,116,,,,météo correcte
2013-07-27,18,9,9,8,15,12,0,93,8,1025,19.875,19,12,9,143,113,113,,,,météo favorable
2013-07-28,19,13,8,8,18,15,0,92,6.75,1023,25,20,15,14,248,113,113,,,,météo favorable
2013-07-29,20,12,8,10,18,16,0,89,10,1024,8.75,25,15,13,113,113,113,,,,météo favorable
2013-07-30,23,14,15,13,20,20,0,83,10,1022,28.5,25,17,15,119,113,113,,,,météo favorable
2013-07-31,24,18,14,16,21,19,0.1,96,10,1015,36.625,27,19,19,119,113,113,,,,météo favorable
2013-08-01,18,13,18,17,18,13,6.1,99,5.25,1016,98.375,18,18,11,353,266,296,,,,météo défavorable
2013-08-02,14,10,21,10,12,12,1.1,91,7,1020,52.625,16,11,7,266,116,113,,,,météo correcte
2013-08-03,13,8,11,5,10,9,0,93,7,1020,33.875,14,10,7,143,116,113,,,,météo correcte
2013-08-04,17,9,8,7,15,13,0,91,8,1022,16.5,18,11,8,143,113,113,,,,météo correcte
2013-08-05,18,9,11,7,15,12,0,87,10,1020,4.375,19,11,8,113,113,113,,,,météo favorable
2013-08-06,18,9,12,7,16,14,0,76,9,1022,0.375,19,10,8,113,113,113,,,,météo favorable
2013-08-07,22,15,21,13,18,21,7.7,98,8.5,1014,57,25,21,15,356,266,386,,,,météo correcte
2013-08-08,17,9,21,12,11,9,9.9,91,7.625,1019,65.375,17,17,7,266,353,176,,,,météo défavorable
2013-08-09,12,7,17,6,12,9,0,86,9,1028,35,13,7,5,116,113,116,,,,météo défavorable
2013-08-10,13,5,6,2,12,8,0,73,10,1028,5.125,14,4,5,113,113,113,,,,météo correcte
2013-08-11,14,6,15,3,12,10,0,75,10,1023,8.5,15,6,4,116,113,113,,,,météo correcte
2013-08-12,16,8,9,6,14,13,0,86,9,1017,16,17,11,8,143,113,113,,,,météo correcte
2013-08-13,11,6,23,6,10,9,0,82,10,1031,30.75,12,7,3,116,116,113,,,,météo défavorable
2013-08-14,11,3,8,0,9,6,0,71,10,1035,0,12,1,2,113,113,113,,,,météo très défavorable
2013-08-15,14,5,19,2,11,11,0,74,10,1031,0,14,6,2,113,113,113,,,,météo correcte
2013-08-16,18,6,9,1,15,12,0,84,8,1028,1.75,18,9,6,143,113,113,,,,météo favorable
2013-08-17,19,6,15,3,15,13,0,74,10,1030,2.125,19,9,3,113,113,113,,,,météo favorable
2013-08-18,20,9,14,6,16,16,0,87,10,1026,4.5,20,14,7,113,113,113,,,,météo favorable
2013-08-19,23,13,15,10,20,18,0,90,10,1020,9.625,25,16,12,116,113,113,,,,météo favorable
2013-08-20,23,16,13,13,23,19,0.1,90,8,1018,37.5,25,19,16,143,116,116,,,,météo favorable
2013-08-21,23,20,12,16,23,20,3.1,95,9.75,1013,45,25,20,20,176,353,113,,,,météo correcte
2013-08-22,18,11,22,16,11,11,10.4,74,9.25,1021,37.375,18,17,8,356,116,113,,,,météo correcte
2013-08-23,12,5,17,3,10,8,0,59,10,1026,25.75,12,0,2,116,113,119,,,,météo très défavorable
2013-08-24,12,5,18,1,10,9,0,75,10,1029,11.375,12,3,2,113,113,116,,,,météo très défavorable
2013-08-25,13,7,22,5,10,10,0,68,10,1032,12.75,13,4,3,113,113,113,,,,météo correcte
2013-08-26,11,5,18,2,10,7,0,72,10,1033,6,11,2,1,113,113,113,,,,météo très défavorable
2013-08-27,14,5,7,1,13,10,0,79,10,1030,3.5,14,5,3,113,113,113,,,,météo correcte
2013-08-28,19,8,15,4,16,14,0,68,10,1028,3.75,19,8,5,113,113,113,,,,météo favorable
2013-08-29,21,10,16,6,17,16,0,70,10,1024,0,21,10,8,113,113,113,,,,météo favorable
2013-08-30,24,13,13,9,20,19,0,88,8.75,1019,27.875,25,15,12,248,113,116,,,,météo favorable
2013-08-31,26,17,8,12,23,21,0,86,9,1015,19.5,27,17,17,143,113,113,,,,météo idéale
2013-09-01,27,19,12,15,25,21,0.1,83,10,1012,4.375,28,19,19,113,113,113,,,,météo idéale
2013-09-02,26,19,13,15,25,22,1.3,90,9.875,1011,15.5,28,20,19,176,113,113,,,,météo idéale
2013-09-03,17,12,20,10,17,14,0,70,10,1026,14,17,10,10,116,113,113,,,,météo correcte
2013-09-04,18,9,12,4,15,14,0,70,10,1027,1.875,18,7,7,113,113,113,,,,météo favorable
2013-09-05,22,12,17,7,19,18,0,80,10,1024,8.25,24,12,10,113,113,113,,,,météo favorable
2013-09-06,28,18,13,12,25,23,0.6,82,9.875,1020,18.75,30,21,18,113,116,113,,,,météo favorable
2013-09-07,27,21,12,18,25,24,0.3,92,9.875,1014,37.375,29,21,21,116,116,113,,,,météo favorable
2013-09-08,25,19,16,17,24,21,31.7,94,9.125,1018,23.625,27,19,19,116,113,113,,,,météo très défavorable
2013-09-09,31,21,21,16,28,28,0,79,10,1018,7.625,37,24,21,113,113,113,,,,météo favorable
2013-09-10,31,23,22,19,29,27,0,82,10,1015,0.75,34,21,23,113,113,113,,,,météo idéale
2013-09-11,32,23,22,19,29,27,0,80,10,1012,0.875,34,20,23,113,113,113,,,,météo idéale
2013-09-12,32,24,18,20,30,28,1,77,9.875,1008,18.375,34,22,24,113,116,113,,,,météo favorable
2013-09-13,17,13,20,16,15,13,32.3,97,7.625,1019,91.375,17,17,11,356,356,296,,,,météo très défavorable
2013-09-14,14,12,20,10,13,13,46.1,97,6.875,1019,98.375,14,13,10,302,308,296,,,,météo très défavorable
2013-09-15,13,12,18,10,13,12,5,97,3.75,1017,97.75,13,12,10,266,266,296,,,,météo défavorable
2013-09-16,14,11,17,11,14,11,2.3,98,2,1016,93.25,14,12,9,266,266,266,,,,météo défavorable
2013-09-17,13,7,22,5,11,10,0.4,83,9.375,1021,45.375,13,5,3,263,113,113,,,,météo correcte
2013-09-18,18,10,14,4,16,13,0,70,10,1024,21.625,18,7,8,113,119,113,,,,météo correcte
2013-09-19,19,12,11,5,18,15,0,68,10,1026,0.25,19,9,12,113,113,113,,,,météo favorable
2013-09-20,23,12,10,7,19,18,0,76,10,1018,3.25,25,14,11,113,113,113,,,,météo favorable
2013-09-21,23,16,17,10,22,18,0.1,78,10,1014,26.25,25,15,16,116,116,113,,,,météo favorable
2013-09-22,14,11,24,8,14,11,0.6,84,9.25,1026,38.875,14,9,8,116,116,176,,,,météo correcte
2013-09-23,15,8,17,7,13,12,0.6,87,10,1030,41.375,15,8,6,116,116,113,,,,météo correcte
2013-09-24,16,8,16,2,14,13,0,69,9,1031,2,16,7,5,113,113,113,,,,météo correcte
2013-09-25,19,12,12,6,17,15,0,81,7.75,1029,21.25,19,10,11,248,113,113,,,,météo favorable
2013-09-26,22,13,17,7,19,17,0,74,10,1024,2.375,24,11,11,113,113,113,,,,météo favorable
2013-09-27,24,14,14,9,22,20,0,78,10,1020,15.25,25,14,13,113,113,113,,,,météo favorable
2013-09-28,19,14,11,13,16,18,6.8,95,5.875,1017,83.75,19,17,14,143,389,116,,,,météo défavorable
2013-09-29,21,12,15,9,16,17,0.3,80,8,1021,57.625,21,13,10,122,119,113,,,,météo correcte
2013-09-30,20,12,15,7,18,16,0,69,10,1019,12.25,20,10,11,113,113,116,,,,météo favorable
2013-10-01,21,13,12,6,19,17,0,78,8,1017,7.875,21,12,12,143,113,113,,,,météo favorable
2013-10-02,22,14,10,7,20,18,0,80,8,1019,4.125,25,13,14,143,113,113,,,,météo favorable
2013-10-03,24,16,13,10,23,20,0,76,10,1018,13.375,25,15,16,116,113,113,,,,météo idéale
2013-10-04,18,14,15,10,17,17,0.7,87,7.625,1021,50.125,18,14,13,248,353,176,,,,météo correcte
2013-10-05,23,14,8,8,20,18,0,85,6.25,1023,40.25,25,13,14,248,113,113,,,,météo favorable
2013-10-06,24,17,8,8,22,19,0,72,10,1025,0,25,13,17,113,113,113,,,,météo idéale
2013-10-07,24,16,14,9,22,20,0,69,10,1027,0.375,25,13,16,113,113,113,,,,météo idéale
2013-10-08,27,17,15,11,24,23,0,69,10,1023,7,28,17,17,113,113,113,,,,météo idéale
2013-10-09,28,20,16,14,26,25,0,70,10,1017,26.125,28,19,20,116,113,113,,,,météo idéale
2013-10-10,30,24,8,17,28,25,10.1,86,7.875,1015,27.625,33,23,24,143,176,200,,,,météo correcte
2013-10-11,26,21,22,18,25,22,9.6,93,8.875,1016,42.625,27,20,21,293,176,176,,,,météo correcte
2013-10-12,27,20,17,15,26,23,0,74,10,1017,32.625,29,18,20,113,113,116,,,,météo favorable
2013-10-13,28,22,12,16,27,23,0.4,89,5.25,1015,60,30,21,22,248,119,113,,,,météo correcte
2013-10-14,28,21,11,15,26,23,0,84,6.75,1018,24.75,29,19,21,248,116,113,,,,météo favorable
2013-10-15,29,23,9,15,28,23,0,73,9,1021,11.875,29,18,23,143,113,116,,,,météo idéale
2013-10-16,29,23,10,15,28,24,0,65,10,1018,15.25,30,17,23,113,113,113,,,,météo idéale
2013-10-17,29,23,6,14,28,25,0.1,63,9.875,1017,34.375,29,18,23,116,113,116,,,,météo favorable
2013-10-18,28,23,12,14,28,24,0,70,10,1014,4.625,29,19,23,113,113,113,,,,météo idéale
2013-10-19,30,22,9,12,28,24,0,71,10,1013,7.125,29,16,22,113,113,113,,,,météo idéale
2013-10-20,31,24,23,17,31,27,5.2,63,9.5,1007,19.125,32,19,24,113,116,176,,,,météo favorable
2013-10-21,27,19,16,15,25,22,19.3,74,9.125,1015,17.5,27,18,19,113,113,113,,,,météo très défavorable
2013-10-22,26,18,15,10,23,22,0,76,8.75,1017,22.25,27,15,18,248,113,113,,,,météo idéale
2013-10-23,30,21,8,13,29,26,0,77,9,1010,9.25,33,21,21,143,113,113,,,,météo idéale
2013-10-24,23,18,25,13,22,19,0,69,10,1023,17,25,15,18,119,113,113,,,,météo favorable
2013-10-25,24,15,17,9,21,19,3.5,80,9.875,1025,32.75,25,16,15,116,113,353,,,,météo favorable
2013-10-26,23,17,21,16,19,21,21,95,7.375,1016,72.875,25,18,17,359,353,113,,,,météo très défavorable
2013-10-27,25,20,18,12,25,20,0,78,7,1020,0.375,26,17,20,143,113,113,,,,météo idéale
2013-10-28,24,16,14,9,22,21,0,60,10,1022,6.125,25,13,16,113,113,113,,,,météo idéale
2013-10-29,29,19,13,12,26,24,0,66,10,1016,1,28,15,19,113,113,113,,,,météo idéale
2013-10-30,29,20,16,14,27,25,0,62,10,1014,4.125,29,17,20,113,113,113,,,,météo idéale
2013-10-31,29,21,22,16,27,27,0,72,10,1012,10.5,31,21,21,113,113,113,,,,météo idéale
2013-11-01,27,24,24,21,26,24,18.7,94,8.25,1009,58,30,25,24,176,356,353,,,,météo très défavorable
2013-11-02,22,19,20,18,19,21,30.6,97,6.375,1012,76.375,25,22,19,302,266,113,,,,météo très défavorable
2013-11-03,25,19,17,15,23,21,0.1,82,8.75,1016,35.25,26,16,19,248,113,113,,,,météo favorable
2013-11-04,26,19,9,9,25,21,0,70,10,1019,0,27,16,19,113,113,113,,,,météo idéale
2013-11-05,26,19,11,12,24,22,0,73,9,1021,1.5,27,16,19,143,113,113,,,,météo idéale
2013-11-06,28,18,19,12,25,25,0,70,10,1019,0,29,19,18,113,113,113,,,,météo idéale
2013-11-07,31,23,15,16,29,27,0,77,10,1016,7.5,33,21,23,113,113,113,,,,météo idéale
2013-11-08,32,25,10,18,30,25,0.4,79,9,1013,22.625,36,22,25,143,113,119,,,,météo favorable
2013-11-09,26,22,11,19,26,22,31.8,95,7.625,1008,51.25,29,25,22,356,299,308,,,,météo très défavorable
2013-11-10,29,21,19,19,24,24,44.8,98,6.375,1006,70.875,34,26,21,356,359,359,,,,météo très défavorable
2013-11-11,21,17,22,20,19,17,40.9,98,8,1006,89.875,24,21,17,353,356,305,,,,météo très défavorable
2013-11-12,29,21,9,13,28,26,0,76,10,1013,6,31,19,21,113,113,113,,,,météo idéale
2013-11-13,30,22,16,15,27,26,0,70,10,1018,0,31,20,22,113,113,113,,,,météo idéale
2013-11-14,31,22,22,15,29,27,0,72,10,1015,0.375,33,22,22,113,113,113,,,,météo idéale
2013-11-15,27,22,23,19,22,22,17.6,95,8.75,1016,23.625,28,23,22,356,356,113,,,,météo très défavorable
2013-11-16,25,19,10,11,23,21,0,64,10,1019,0,26,14,19,113,113,113,,,,météo idéale
2013-11-17,27,20,10,12,26,24,0,69,10,1017,0.625,28,17,20,113,113,113,,,,météo idéale
2013-11-18,30,22,9,13,28,27,0,68,10,1011,2.25,31,19,22,113,113,113,,,,météo idéale
2013-11-19,22,20,19,17,22,21,51.6,99,7.125,1009,78.375,25,22,20,299,308,302,,,,météo très défavorable
2013-11-20,28,23,18,19,28,24,6.6,92,6,1011,77.5,34,26,23,248,353,353,,,,météo défavorable
2013-11-21,26,23,18,16,25,24,0.4,82,5.625,1016,67.625,28,20,23,248,119,113,,,,météo défavorable
2013-11-22,28,21,12,14,25,25,0,79,7.75,1017,14.875,29,18,21,248,113,113,,,,météo idéale
2013-11-23,30,21,13,15,27,26,0,73,10,1015,1.875,31,20,21,113,113,113,,,,météo idéale
2013-11-24,31,24,17,17,30,28,0,73,10,1011,4.125,34,22,24,113,113,113,,,,météo idéale
2013-11-25,32,26,14,19,30,28,0.4,75,9.875,1012,15.25,37,23,26,113,113,176,,,,météo favorable
2013-11-26,30,24,14,20,28,26,7.5,90,8.875,1013,30.875,36,24,24,353,176,176,,,,météo favorable
2013-11-27,28,25,21,20,27,25,10.6,90,5.75,1008,50.5,32,25,25,143,356,116,,,,météo correcte
2013-11-28,27,20,8,12,25,24,0,72,7.5,1013,27,27,16,20,248,113,113,,,,météo idéale
2013-11-29,30,25,8,15,29,26,0,67,10,1015,3.625,30,19,25,113,113,113,,,,météo idéale
2013-11-30,31,23,12,16,28,27,0,62,10,1017,5.125,31,18,23,113,113,113,,,,météo idéale
2013-12-01,31,23,10,15,30,28,0,73,10,1014,2,34,22,23,113,113,113,,,,météo idéale
2013-12-02,35,26,4,20,32,31,0,88,6.25,1010,47.125,41,24,26,248,113,113,,,,météo correcte
2013-12-03,27,19,19,18,24,24,0.3,62,9.875,1016,7,27,16,19,116,113,113,,,,météo idéale
2013-12-04,33,24,9,14,29,30,0.5,60,10,1011,9.5,35,21,24,113,113,116,,,,météo favorable
2013-12-05,30,21,21,17,27,26,3.7,62,9.5,1011,7.875,30,22,20,113,113,113,,,,météo favorable
2013-12-06,28,20,14,13,26,24,0,61,10,1016,9.375,28,15,20,113,113,113,,,,météo idéale
2013-12-07,32,23,8,15,30,28,0,58,10,1012,5.5,33,17,23,113,113,113,,,,météo idéale
2013-12-08,34,25,14,17,32,30,0,58,10,1011,6.375,35,20,25,113,113,113,,,,météo favorable
2013-12-09,29,23,23,22,27,25,19.9,91,8.375,1010,35.125,35,25,23,116,359,353,,,,météo très défavorable
2013-12-10,27,20,16,16,26,24,0.2,84,10,1018,32,28,19,20,119,116,113,,,,météo favorable
2013-12-11,29,21,10,14,27,25,0,69,10,1018,3.125,30,17,21,113,113,113,,,,météo idéale
2013-12-12,31,23,8,15,29,27,0,68,10,1014,2.125,32,17,23,113,113,113,,,,météo idéale
2013-12-13,33,26,6,16,33,29,0,62,10,1010,2.875,35,19,26,113,113,113,,,,météo favorable
2013-12-14,36,29,6,18,34,31,0,62,10,1010,4,39,21,29,113,113,113,,,,météo favorable
2013-12-15,36,30,8,19,36,32,0,51,10,1013,4.375,38,19,30,113,113,113,,,,météo favorable
2013-12-16,37,30,9,22,36,33,0,57,10,1012,14.125,39,21,30,113,113,113,,,,météo favorable
2013-12-17,36,29,10,21,35,32,0,58,10,1011,11,36,20,29,113,113,113,,,,météo favorable
2013-12-18,36,28,14,19,34,32,0,60,10,1011,0.75,36,19,28,113,113,113,,,,météo favorable
2013-12-19,36,28,13,21,33,31,0,68,10,1010,19.625,39,21,28,113,113,116,,,,météo favorable
2013-12-20,34,27,15,21,33,31,0.4,72,9.875,1011,19.75,37,22,27,113,113,113,,,,météo favorable
2013-12-21,36,27,13,21,33,32,0,66,10,1012,10.625,40,20,27,113,113,113,,,,météo correcte
2013-12-22,37,28,11,21,34,33,0,65,10,1013,5.625,39,21,28,113,113,113,,,,météo favorable
2013-12-23,36,27,10,20,33,33,0,62,10,1014,0.125,36,19,27,113,113,113,,,,météo favorable
2013-12-24,36,28,9,20,34,33,0,61,10,1011,3.5,38,20,28,113,113,113,,,,météo favorable
2013-12-25,38,30,8,21,37,35,0,51,10,1008,3,40,18,30,113,113,113,,,,météo correcte
2013-12-26,40,32,9,22,38,37,0,45,10,1008,2,42,19,32,113,113,113,,,,météo correcte
2013-12-27,40,32,8,24,40,37,0.1,56,10,1010,13.125,47,23,32,113,113,113,,,,météo défavorable
2013-12-28,40,32,6,25,40,37,0,61,10,1010,11.375,48,24,32,113,113,113,,,,météo très défavorable
2013-12-29,41,32,5,25,37,37,2.8,64,9.875,1006,12.875,49,24,32,176,113,113,,,,météo très défavorable
2013-12-30,39,32,12,24,37,37,2.4,69,9.625,1004,11.5,45,25,32,176,386,113,,,,météo défavorable
2013-12-31,40,32,5,25,38,36,4.3,74,9.625,1005,14.25,47,27,32,113,113,113,,,,météo défavorable
2014-01-01,39,30,10,24,37,36,1.9,75,9.75,1006,15.875,45,25,30,113,113,113,,,,météo défavorable
2014-01-02,35,27,21,25,35,27,8.1,81,8.625,1003,24.875,45,28,27,143,386,353,,,,météo défavorable
2014-01-03,29,23,18,17,27,27,0.2,66,10,1016,11.5,29,18,23,113,116,113,,,,météo favorable
2014-01-04,33,23,6,14,32,29,0,45,10,1019,0,31,12,23,113,113,113,,,,météo idéale
2014-01-05,36,28,7,18,35,33,0,36,10,1017,0,35,13,28,113,113,113,,,,météo favorable
2014-01-06,36,28,13,20,34,34,0,52,10,1013,3.125,37,19,28,113,113,113,,,,météo favorable
2014-01-07,35,29,14,23,35,33,6.9,78,9.625,1010,21.25,42,25,29,176,386,113,,,,météo correcte
2014-01-08,38,30,7,23,36,35,7.7,77,9.625,1009,9.25,42,26,30,113,113,113,,,,météo correcte
2014-01-09,36,31,16,22,35,34,0,62,10,1010,3.125,38,22,31,113,113,113,,,,météo favorable
2014-01-10,36,31,12,24,35,33,1.2,66,10,1008,13.125,43,24,31,113,113,113,,,,météo correcte
2014-01-11,29,25,19,23,28,26,17.4,83,9.25,1018,29.875,31,23,25,299,113,113,,,,météo très défavorable
2014-01-12,30,20,16,15,26,27,0,67,10,1022,11.125,32,18,20,113,113,113,,,,météo idéale
2014-01-13,32,25,13,18,30,29,0.7,73,9.875,1019,26.375,35,20,25,113,113,113,,,,météo favorable
2014-01-14,34,27,10,19,32,30,1.7,77,7.625,1015,38,37,22,27,248,113,116,,,,météo favorable
2014-01-15,36,29,5,20,34,32,0,67,10,1014,5.375,40,22,29,113,113,113,,,,météo correcte
2014-01-16,36,30,8,21,35,33,0,56,10,1012,0.25,38,21,30,113,113,113,,,,météo favorable
2014-01-17,36,30,11,22,35,34,0,59,10,1012,1.125,40,21,30,113,113,113,,,,météo correcte
2014-01-18,37,31,12,23,35,35,0,61,10,1013,6.875,41,22,31,113,113,113,,,,météo correcte
2014-01-19,39,32,8,25,39,35,0,57,10,1012,11.75,46,22,32,113,113,113,,,,météo défavorable
2014-01-20,38,32,16,25,37,36,0,52,10,1010,10.5,41,21,32,113,113,113,,,,météo correcte
2014-01-21,38,30,19,27,35,36,1,67,9.75,1007,17.75,43,24,30,113,113,200,,,,météo correcte
2014-01-22,38,30,18,27,37,36,4.1,77,9.5,1008,30.375,45,26,30,176,113,116,,,,météo défavorable
2014-01-23,38,31,23,26,36,36,1.1,70,9.75,1006,25.875,44,25,31,176,116,116,,,,météo défavorable
2014-01-24,31,21,28,28,30,21,8.6,72,9.5,1015,55,36,24,21,116,356,353,,,,météo correcte
2014-01-25,27,19,21,16,25,25,0.2,53,10,1019,19.875,27,13,19,113,113,113,,,,météo idéale
2014-01-26,24,19,16,16,20,22,26.1,95,7.875,1017,76.25,26,18,19,308,266,122,,,,météo très défavorable
2014-01-27,31,26,12,20,30,30,2.1,81,8.125,1014,68.375,35,23,26,266,119,176,,,,météo défavorable
2014-01-28,31,27,17,23,31,29,47.6,89,5.875,1011,50.875,38,26,27,359,356,356,,,,météo très défavorable
2014-01-29,27,25,7,23,27,25,52.7,96,5.25,1014,59.75,33,26,25,305,293,263,,,,météo très défavorable
2014-01-30,31,24,12,21,30,27,15.5,95,9.5,1013,63,39,26,24,353,353,353,,,,météo défavorable
2014-01-31,32,28,16,23,32,30,28.7,88,8,1011,21.625,38,26,28,356,356,113,,,,météo très défavorable
2014-02-01,33,27,14,23,32,30,21.5,92,7.5,1010,21.75,41,26,27,356,356,113,,,,météo très défavorable
2014-02-02,34,29,18,23,33,31,3.4,79,9.625,1008,15.375,41,25,29,113,113,176,,,,météo correcte
2014-02-03,34,29,18,24,34,32,6.4,80,9.125,1007,14.5,41,25,29,113,176,113,,,,météo correcte
2014-02-04,31,26,14,24,31,29,14.9,91,9.125,1009,32.125,40,27,26,176,356,113,,,,météo défavorable
2014-02-05,34,28,17,23,32,31,1.8,86,9.75,1009,11.75,41,25,28,176,113,113,,,,météo correcte
2014-02-06,35,29,9,24,34,31,5.6,80,9.625,1011,19.375,44,26,29,113,176,176,,,,météo défavorable
2014-02-07,35,29,17,24,33,33,1.2,76,9.75,1009,20,43,24,29,113,113,176,,,,météo correcte
2014-02-08,36,30,16,24,34,34,0,67,10,1010,12.875,42,23,30,113,113,113,,,,météo correcte
2014-02-09,35,30,11,25,35,32,7,75,9.375,1011,20.375,44,25,30,176,386,386,,,,météo défavorable
2014-02-10,37,27,13,24,32,33,14.9,92,8.875,1014,30.625,47,27,27,356,386,200,,,,météo défavorable
2014-02-11,35,29,10,23,33,33,4.1,83,9.75,1012,14.5,43,26,29,113,176,113,,,,météo correcte
2014-02-12,29,25,13,24,29,25,23.2,93,7.875,1010,55,36,26,25,263,356,302,,,,météo très défavorable
2014-02-13,29,23,17,20,27,26,10.1,84,9.125,1016,46,31,21,23,356,116,113,,,,météo correcte
2014-02-14,27,20,23,17,25,24,0,75,10,1022,10.5,28,17,20,113,113,113,,,,météo idéale
2014-02-15,28,21,21,16,25,26,0,74,10,1024,9.25,28,18,21,113,113,116,,,,météo idéale
2014-02-16,30,21,21,17,27,28,0,75,10,1021,2.625,31,18,21,113,113,113,,,,météo idéale
2014-02-17,32,23,13,19,28,29,2,84,9.75,1019,26.75,35,21,23,176,113,113,,,,météo favorable
2014-02-18,33,25,13,19,31,30,0,76,10,1016,8.125,36,22,25,113,113,113,,,,météo favorable
2014-02-19,31,25,9,22,30,26,3.7,82,8.75,1013,41.75,37,25,25,116,176,353,,,,météo favorable
2014-02-20,32,25,11,21,30,28,8.8,87,9.25,1011,31.125,38,24,25,293,176,113,,,,météo correcte
2014-02-21,33,26,11,20,31,29,0,79,10,1013,7.375,37,23,26,113,113,113,,,,météo favorable
2014-02-22,31,26,16,21,30,26,3.1,79,9.875,1014,30.75,35,23,26,116,386,176,,,,météo correcte
2014-02-23,30,24,9,19,28,27,2.7,92,8.75,1012,26.75,34,24,24,353,176,113,,,,météo favorable
2014-02-24,30,24,10,19,29,28,0,81,9,1012,6.125,33,21,24,143,113,113,,,,météo idéale
2014-02-25,23,21,16,18,23,21,12.7,94,8.125,1017,65.5,25,21,21,119,296,302,,,,météo défavorable
2014-02-26,20,18,17,15,19,18,9.1,96,8.625,1017,65.625,20,19,18,353,353,176,,,,météo défavorable
2014-02-27,26,18,10,14,24,23,0,88,6.25,1018,44,27,17,18,248,113,113,,,,météo favorable
2014-02-28,30,20,5,14,27,25,0.4,84,7.625,1016,27.25,32,20,20,248,113,113,,,,météo idéale
2014-03-01,29,22,8,15,28,26,0.3,79,9.875,1014,9.5,31,19,22,113,113,113,,,,météo idéale
2014-03-02,28,21,9,17,27,23,0.2,71,10,1016,35.875,29,18,21,113,113,116,,,,météo favorable
2014-03-03,27,21,12,16,26,22,2.6,84,9.75,1016,36.875,28,19,21,113,113,293,,,,météo favorable
2014-03-04,27,21,14,16,25,24,2.5,88,7.125,1012,38.25,28,20,21,248,113,113,,,,météo favorable
2014-03-05,29,22,12,17,28,26,0,81,10,1013,10.875,30,19,22,116,113,113,,,,météo idéale
2014-03-06,31,23,11,16,29,26,0,72,10,1015,4.625,33,19,23,113,113,113,,,,météo idéale
2014-03-07,27,19,10,15,25,24,0,71,10,1017,4.25,28,16,19,113,113,113,,,,météo idéale
2014-03-08,28,20,7,14,26,25,0,70,10,1016,0,28,15,20,113,113,113,,,,météo idéale
2014-03-09,30,21,11,15,28,26,0,69,10,1013,15.625,31,18,21,113,113,116,,,,météo idéale
2014-03-10,28,21,11,17,27,24,4.1,87,9.375,1014,24.125,28,19,21,176,113,113,,,,météo favorable
2014-03-11,28,18,6,12,27,24,0,62,10,1017,2.875,28,13,18,113,113,113,,,,météo idéale
2014-03-12,30,21,8,14,27,26,0,59,10,1018,0,29,15,21,113,113,113,,,,météo idéale
2014-03-13,31,21,12,17,29,27,0,72,10,1018,0,32,18,21,113,113,113,,,,météo idéale
2014-03-14,30,24,21,20,30,26,12.9,85,9.25,1013,13,33,25,24,113,113,386,,,,météo correcte
2014-03-15,27,20,10,17,25,24,26.5,91,9.5,1010,30.25,28,21,20,116,113,113,,,,météo très défavorable
2014-03-16,26,22,17,19,26,24,11.1,89,8.875,1012,30,29,23,22,113,113,356,,,,météo correcte
2014-03-17,28,23,13,19,28,24,0,83,7,1013,9.625,30,21,23,143,113,113,,,,météo idéale
2014-03-18,25,18,18,14,23,22,0,71,10,1018,12,26,15,18,113,113,113,,,,météo idéale
2014-03-19,20,16,22,15,19,18,16.7,96,7.875,1015,85.875,20,16,16,302,266,119,,,,météo très défavorable
2014-03-20,28,18,8,14,25,23,0.3,89,6.375,1013,58,30,20,18,248,116,113,,,,météo correcte
2014-03-21,27,20,17,14,26,21,0,82,7,1018,6.125,28,18,20,143,113,113,,,,météo idéale
2014-03-22,21,13,11,9,20,18,0,63,10,1026,0.25,24,8,12,113,113,113,,,,météo favorable
2014-03-23,24,16,7,9,22,20,0,65,10,1024,0,25,12,16,113,113,113,,,,météo idéale
2014-03-24,26,17,7,12,24,22,0,69,10,1019,0,27,14,17,113,113,113,,,,météo idéale
2014-03-25,28,19,8,14,26,24,0,75,10,1021,16.875,29,18,19,113,116,113,,,,météo favorable
2014-03-26,30,22,14,18,29,26,0.4,86,8.25,1022,46.375,33,20,22,266,113,113,,,,météo favorable
2014-03-27,29,23,10,18,27,25,0,81,10,1019,17.5,31,20,23,116,113,113,,,,météo idéale
2014-03-28,31,25,9,20,30,27,0.2,80,10,1013,13.375,34,22,25,113,113,113,,,,météo idéale
2014-03-29,31,25,13,20,30,26,0,79,10,1011,16.625,36,23,25,113,113,113,,,,météo favorable
2014-03-30,29,22,12,18,27,25,0.1,83,10,1014,19.125,32,21,22,113,113,113,,,,météo idéale
2014-03-31,25,17,15,14,22,22,0,89,10,1018,27.75,27,18,17,119,113,113,,,,météo idéale
2014-04-01,25,20,15,16,25,22,0.2,88,7.75,1023,53.875,27,20,20,248,119,116,,,,météo correcte
2014-04-02,25,21,15,17,25,23,0.5,89,8.75,1023,45.5,27,21,20,119,263,116,,,,météo correcte
2014-04-03,29,22,16,18,27,26,0,86,10,1019,13.125,32,21,22,116,113,113,,,,météo idéale
2014-04-04,31,24,11,19,29,27,0,83,10,1017,12.375,36,23,24,113,113,113,,,,météo favorable
2014-04-05,30,26,10,21,29,26,0,88,8.75,1016,32.625,35,24,26,248,116,113,,,,météo favorable
2014-04-06,30,25,11,22,29,26,5.4,94,9.375,1014,18.75,34,25,25,356,113,113,,,,météo favorable
2014-04-07,30,25,21,23,26,27,8.5,94,9.25,1012,44.875,36,25,25,116,299,113,,,,météo correcte
2014-04-08,25,21,17,23,22,21,39.2,96,7.375,1011,37.25,28,24,21,359,353,113,,,,météo très défavorable
2014-04-09,26,18,12,14,23,20,0,75,10,1014,1.25,26,16,18,113,113,113,,,,météo idéale
2014-04-10,21,18,17,15,19,18,0.4,72,10,1016,26.875,21,14,18,116,113,353,,,,météo favorable
2014-04-11,23,17,21,14,23,17,3.7,94,8.625,1016,50,25,16,17,176,116,293,,,,météo favorable
2014-04-12,20,14,25,15,20,14,2.4,95,9.875,1019,37.875,20,16,13,119,113,113,,,,météo favorable
2014-04-13,18,9,18,7,14,14,0,75,10,1023,5.25,18,10,7,113,113,113,,,,météo favorable
2014-04-14,21,13,3,7,19,15,0,85,8,1024,7.5,21,13,13,143,113,113,,,,météo favorable
2014-04-15,22,14,9,8,20,16,0,81,10,1023,0,25,13,14,113,113,113,,,,météo favorable
2014-04-16,24,14,8,10,21,18,0,84,9,1016,0.125,26,16,14,143,113,113,,,,météo favorable
2014-04-17,26,19,8,14,26,21,0,90,8,1015,29.5,28,20,19,143,116,119,,,,météo favorable
2014-04-18,25,17,14,15,22,20,0,93,9,1014,33.75,26,18,17,119,113,113,,,,météo favorable
2014-04-19,25,17,14,13,23,19,0,87,6.75,1020,18.75,26,17,17,248,113,113,,,,météo idéale
2014-04-20,25,16,8,11,22,19,0,81,10,1022,2.625,26,15,16,113,113,113,,,,météo idéale
2014-04-21,26,17,10,12,24,20,0,84,10,1019,4.875,27,18,17,113,113,113,,,,météo idéale
2014-04-22,24,16,12,12,22,19,0,84,9,1021,15.75,25,16,16,143,113,113,,,,météo idéale
2014-04-23,24,15,7,10,22,17,0,76,10,1022,0,25,13,15,113,113,113,,,,météo idéale
2014-04-24,23,14,8,9,21,17,0,69,10,1023,0,25,11,14,113,113,113,,,,météo favorable
2014-04-25,22,14,10,10,21,17,0,80,10,1023,4.5,25,14,14,113,113,113,,,,météo favorable
2014-04-26,22,13,13,9,19,17,0,80,10,1022,6.125,25,13,12,113,113,113,,,,météo favorable
2014-04-27,24,15,17,11,21,19,0,84,10,1020,33.375,25,16,13,113,113,122,,,,météo favorable
2014-04-28,23,18,8,16,22,20,1.6,91,8.875,1020,74,25,19,18,353,353,200,,,,météo défavorable
2014-04-29,22,19,10,16,20,19,7.8,96,7.625,1018,66.125,24,19,19,356,353,116,,,,météo défavorable
2014-04-30,24,19,12,16,24,19,5.4,93,7.75,1014,45.5,26,20,19,143,176,386,,,,météo favorable
2014-05-01,23,15,13,13,20,15,0.3,94,8.625,1012,43,25,16,15,119,116,113,,,,météo favorable
2014-05-02,23,15,13,12,20,17,0,92,7.75,1017,23.75,25,16,15,248,113,113,,,,météo favorable
2014-05-03,21,17,13,14,21,19,6.6,98,5,1016,81.625,21,19,17,248,122,353,,,,météo défavorable
2014-05-04,26,20,13,18,24,21,1.4,95,8.625,1015,67.75,28,22,20,248,119,116,,,,météo défavorable
2014-05-05,23,21,14,18,22,21,1.4,95,4,1014,90.375,25,20,21,266,122,266,,,,météo défavorable
2014-05-06,23,18,12,17,21,18,0.2,95,4.25,1018,66.125,25,19,18,248,119,113,,,,météo défavorable
2014-05-07,27,18,7,15,24,18,0,91,7,1020,15.25,29,21,18,143,113,113,,,,météo idéale
2014-05-08,22,16,12,14,22,17,0,89,8,1020,3.5,25,15,16,143,113,113,,,,météo favorable
2014-05-09,20,13,9,9,17,14,0.1,92,6.75,1021,37.5,20,14,13,248,116,116,,,,météo favorable
2014-05-10,22,14,15,12,20,17,0,90,7.75,1022,33.5,25,15,13,248,113,113,,,,météo favorable
2014-05-11,22,14,9,12,20,16,1.4,93,8,1020,45.5,25,16,14,143,116,266,,,,météo favorable
2014-05-12,20,16,9,15,18,18,13.3,99,8.875,1017,82.875,20,19,16,353,302,386,,,,météo défavorable
2014-05-13,22,16,7,15,20,16,0.1,97,5.25,1017,68.875,25,17,16,248,116,116,,,,météo défavorable
2014-05-14,23,16,9,12,21,17,0.5,93,7.875,1018,19.875,25,18,16,143,113,113,,,,météo favorable
2014-05-15,24,18,9,14,24,19,3.5,93,9.5,1017,34.625,26,20,18,176,200,176,,,,météo correcte
2014-05-16,24,16,11,14,21,19,0,95,4.25,1018,66.875,26,19,16,248,113,116,,,,météo défavorable
2014-05-17,22,16,12,12,21,17,0.4,90,10,1019,48.875,24,17,16,353,116,116,,,,météo favorable
2014-05-18,18,11,9,9,16,12,0,67,10,1022,14.625,18,7,10,113,113,113,,,,météo favorable
2014-05-19,18,14,10,12,16,14,0,77,10,1020,38.5,18,10,13,116,116,113,,,,météo favorable
2014-05-20,18,12,10,9,18,16,0,82,10,1019,25.875,18,13,11,113,116,116,,,,météo favorable
2014-05-21,19,15,15,13,17,17,5.9,98,8.5,1012,64.875,19,18,15,116,353,266,,,,météo correcte
2014-05-22,13,9,24,9,13,11,0.3,94,10,1023,57.375,13,12,6,116,116,119,,,,météo correcte
2014-05-23,15,9,17,7,14,10,0,92,9,1028,18.625,15,9,6,116,113,113,,,,météo correcte
2014-05-24,16,6,4,2,14,6,0,83,10,1027,0,16,7,6,113,113,113,,,,météo correcte
2014-05-25,15,9,9,5,14,9,0,92,10,1022,17.5,15,10,9,113,113,116,,,,météo correcte
2014-05-26,18,9,6,7,16,9,0,91,8,1022,13.875,18,12,9,143,116,113,,,,météo favorable
2014-05-27,20,9,4,5,17,9,0,92,8,1024,3,20,13,9,143,113,113,,,,météo favorable
2014-05-28,19,11,12,8,18,13,0,94,7,1023,5.375,19,13,10,143,113,113,,,,météo favorable
2014-05-29,19,10,20,8,17,14,0,92,10,1019,7.625,19,12,8,113,113,113,,,,météo favorable
2014-05-30,16,15,13,13,15,15,10.7,98,7.5,1016,81.125,16,15,14,302,296,296,,,,météo défavorable
2014-05-31,17,15,17,14,17,15,3.5,97,7.5,1015,84.875,17,16,14,248,119,119,,,,météo défavorable
2014-06-01,17,10,10,10,15,12,0,95,7.75,1019,33.5,17,13,9,248,113,113,,,,météo correcte
2014-06-02,18,11,9,5,17,11,0,85,10,1019,7,18,10,11,113,113,116,,,,météo favorable
2014-06-03,18,9,18,7,16,13,0,87,10,1016,12.125,18,11,7,113,113,113,,,,météo favorable
2014-06-04,14,11,18,9,13,13,5.7,98,7.375,1010,56.375,14,14,9,116,266,353,,,,météo correcte
2014-06-05,17,13,17,12,16,13,0.3,96,8.75,1013,50.375,17,13,11,119,116,113,,,,météo correcte
2014-06-06,18,9,15,8,15,13,0.1,90,9,1014,28.5,18,11,7,143,113,116,,,,météo favorable
2014-06-07,18,13,9,12,16,13,0.7,94,8.375,1011,48.625,18,15,12,119,116,113,,,,météo favorable
2014-06-08,17,9,9,7,14,10,0,92,7.5,1017,38.375,17,10,8,248,113,113,,,,météo correcte
2014-06-09,19,9,7,6,15,10,0,87,10,1025,4.125,19,12,8,113,113,113,,,,météo favorable
2014-06-10,19,9,17,7,16,14,0,72,10,1025,4.25,19,10,7,113,113,113,,,,météo favorable
2014-06-11,19,15,24,14,19,18,10.7,98,9.5,1017,64.25,19,19,15,353,356,119,,,,météo correcte
2014-06-12,20,19,27,18,20,20,27.1,97,7.125,1010,72.25,20,20,19,119,263,359,,,,météo très défavorable
2014-06-13,15,8,20,8,13,11,0,92,10,1027,23.25,15,10,5,116,113,113,,,,météo correcte
2014-06-14,15,8,13,5,12,10,0,91,10,1028,15.625,15,9,5,116,113,113,,,,météo correcte
2014-06-15,19,10,10,7,17,15,0.1,95,7,1027,48.125,19,16,8,143,113,119,,,,météo favorable
2014-06-16,17,13,10,11,17,13,0.2,96,5.75,1025,56.875,17,14,13,248,119,116,,,,météo correcte
2014-06-17,16,9,11,5,14,11,0,88,8,1027,5.375,16,9,9,113,113,113,,,,météo correcte
2014-06-18,13,7,14,5,12,8,0,89,10,1033,10.25,13,6,4,113,116,113,,,,météo correcte
2014-06-19,14,5,6,2,11,5,0,83,10,1033,1.375,14,5,3,113,113,113,,,,météo correcte
2014-06-20,14,5,9,3,12,8,0,84,10,1027,0,14,6,3,113,113,113,,,,météo correcte
2014-06-21,16,7,12,5,12,13,0,83,10,1023,19.875,16,10,5,113,113,116,,,,météo correcte
2014-06-22,16,13,13,12,16,15,1,98,4.5,1018,81.75,16,15,12,266,122,248,,,,météo défavorable
2014-06-23,19,17,9,15,18,18,5.3,99,1.875,1016,98.5,19,18,17,248,356,248,,,,météo défavorable
2014-06-24,19,17,13,14,18,18,0.7,98,3,1017,92,19,18,17,248,122,143,,,,météo défavorable
2014-06-25,17,12,14,13,16,13,0.3,95,9,1018,47.125,17,14,11,266,113,113,,,,météo correcte
2014-06-26,17,9,17,8,14,12,0,87,10,1022,17,17,11,7,113,113,113,,,,météo correcte
2014-06-27,16,9,21,8,14,11,0.1,89,10,1027,33.25,16,9,7,116,113,113,,,,météo correcte
2014-06-28,14,8,15,8,13,10,0,81,10,1029,22,14,8,6,113,113,113,,,,météo correcte
2014-06-29,15,9,14,7,13,10,0,86,10,1026,19.625,15,9,6,113,116,113,,,,météo correcte
2014-06-30,16,7,7,5,13,7,0,93,7,1021,8.25,16,8,5,143,113,113,,,,météo correcte
2014-07-01,15,8,7,3,14,8,0,92,9,1019,8.125,15,8,7,143,113,113,,,,météo correcte
2014-07-02,15,7,10,5,14,12,0,83,10,1018,23.125,15,10,5,113,116,116,,,,météo correcte
2014-07-03,19,11,11,8,17,13,0,86,10,1018,21.625,19,12,10,113,113,113,,,,météo favorable
2014-07-04,16,9,12,7,15,12,0,86,10,1022,21.125,16,9,7,113,113,113,,,,météo correcte
2014-07-05,16,9,12,7,15,11,0,83,10,1025,15.5,16,9,7,113,113,113,,,,météo correcte
2014-07-06,14,8,17,8,13,11,0,92,10,1029,18.625,14,10,5,116,113,113,,,,météo correcte
2014-07-07,16,7,8,6,13,7,0,87,10,1029,1,16,9,5,113,113,113,,,,météo correcte
2014-07-08,17,8,9,6,14,11,0,87,10,1030,17,17,11,6,113,113,116,,,,météo correcte
2014-07-09,17,8,11,6,14,12,0,91,10,1028,24.125,17,12,7,113,113,113,,,,météo correcte
2014-07-10,16,12,14,9,14,14,0.3,95,6.5,1027,67.625,16,14,11,248,119,119,,,,météo défavorable
2014-07-11,19,11,15,9,17,15,0,94,9,1025,31.625,19,15,9,116,113,116,,,,météo favorable
2014-07-12,17,15,15,13,17,16,18.2,98,8.5,1022,71.125,17,17,15,116,122,356,,,,météo très défavorable
2014-07-13,20,18,7,15,19,18,7.2,98,4.375,1021,93.375,20,19,18,266,122,263,,,,météo défavorable
2014-07-14,23,20,20,16,21,20,0.7,97,7.375,1019,64.25,25,20,20,119,119,116,,,,météo correcte
2014-07-15,21,18,16,17,21,19,17.4,98,8.75,1017,64.875,24,20,18,353,353,356,,,,météo très défavorable
2014-07-16,19,12,14,11,16,16,0,93,10,1019,54.875,19,15,10,116,119,116,,,,météo correcte
2014-07-17,18,14,22,16,16,14,22.3,98,8.25,1024,61.125,18,17,13,359,122,113,,,,météo très défavorable
2014-07-18,16,9,9,7,14,11,0,90,10,1027,6.25,16,11,7,113,113,116,,,,météo correcte
2014-07-19,18,10,9,7,15,13,0,88,10,1025,0.75,18,12,10,113,113,113,,,,météo favorable
2014-07-20,18,10,14,9,16,14,0,94,7,1023,3.5,18,12,9,143,113,113,,,,météo favorable
2014-07-21,20,11,17,9,17,16,0,94,10,1018,11.5,20,14,10,113,113,113,,,,météo favorable
2014-07-22,19,15,17,13,17,17,20.1,99,6.75,1013,82.125,19,18,15,359,353,353,,,,météo très défavorable
2014-07-23,14,11,24,12,12,11,0.5,94,10,1017,62,14,13,9,119,122,113,,,,météo correcte
2014-07-24,12,8,19,8,10,8,0.4,87,9.375,1026,37.875,12,7,5,263,116,113,,,,météo défavorable
2014-07-25,13,7,11,1,11,8,0,78,10,1025,10.625,13,4,5,116,113,113,,,,météo correcte
2014-07-26,13,6,8,3,11,9,0,83,10,1028,15,13,6,4,113,113,116,,,,météo correcte
2014-07-27,14,5,10,3,12,10,0,77,10,1030,13.125,14,7,3,113,116,113,,,,météo correcte
2014-07-28,18,8,16,6,14,15,0,88,10,1028,19.75,18,13,6,113,119,113,,,,météo correcte
2014-07-29,20,17,16,14,18,18,1.8,99,4.75,1022,95.125,20,18,17,266,266,248,,,,météo défavorable
2014-07-30,21,18,8,16,21,19,15.9,99,6.5,1021,93.375,21,19,18,353,119,353,,,,météo défavorable
2014-07-31,22,20,14,17,22,21,0.7,97,2.75,1017,95.375,25,20,20,266,119,248,,,,météo défavorable
2014-08-01,24,20,5,18,22,20,1.3,97,3.5,1015,88.125,26,22,20,248,266,143,,,,météo défavorable
2014-08-02,26,19,19,18,23,23,0.1,97,8.75,1012,54.375,29,23,19,119,116,116,,,,météo favorable
2014-08-03,23,16,23,19,23,16,1.4,96,3.5,1012,76.25,25,21,16,248,266,266,,,,météo défavorable
2014-08-04,17,12,19,12,16,12,0,77,10,1027,5.25,17,11,11,113,113,113,,,,météo correcte
2014-08-05,17,8,18,7,15,13,0,74,10,1027,2.625,17,8,6,113,113,113,,,,météo correcte
2014-08-06,24,13,19,9,20,21,2.5,94,10,1018,39.375,26,20,11,113,116,119,,,,météo favorable
2014-08-07,17,12,13,11,15,13,5.7,90,9.5,1029,22.125,17,15,11,113,113,116,,,,météo correcte
2014-08-08,18,10,7,5,15,11,0,75,10,1031,0,18,9,9,113,113,113,,,,météo favorable
2014-08-09,18,9,11,6,15,14,0,77,10,1026,19.75,18,10,8,113,116,116,,,,météo favorable
2014-08-10,19,14,9,11,18,16,0,93,7,1016,59.25,19,16,14,143,119,119,,,,météo correcte
2014-08-11,18,11,13,9,17,14,0,92,7,1020,12.875,18,12,9,143,113,113,,,,météo favorable
2014-08-12,17,9,16,5,16,12,0,75,10,1027,2.125,17,6,7,113,113,113,,,,météo correcte
2014-08-13,14,5,8,2,12,7,0,63,10,1035,0,14,1,3,113,113,113,,,,météo correcte
2014-08-14,16,7,12,3,14,11,0,68,10,1031,8,16,5,5,113,113,113,,,,météo correcte
2014-08-15,18,7,13,4,15,14,0,81,10,1027,21.375,18,10,5,113,116,113,,,,météo favorable
2014-08-16,22,13,7,9,20,17,0,84,10,1025,13.125,25,15,13,113,113,113,,,,météo favorable
2014-08-17,24,17,5,11,23,18,0,83,10,1024,2.125,26,17,17,113,113,113,,,,météo idéale
2014-08-18,24,17,9,12,22,19,0,84,10,1023,0,26,17,17,113,113,113,,,,météo idéale
2014-08-19,25,16,8,13,23,20,0,90,8,1022,1.375,26,18,16,143,113,113,,,,météo idéale
2014-08-20,25,17,14,14,23,21,0,90,8,1020,1.875,27,18,17,143,113,113,,,,météo idéale
2014-08-21,26,18,15,16,25,21,0,91,8.75,1017,17.875,28,19,18,248,113,113,,,,météo idéale
2014-08-22,27,18,10,14,25,22,0,87,8,1015,2.625,29,20,18,143,113,113,,,,météo idéale
2014-08-23,29,23,24,19,28,25,1.7,91,9.875,1011,31.625,31,21,23,353,116,113,,,,météo favorable
2014-08-24,22,13,24,17,22,13,1.8,92,5.5,1011,59.75,25,21,11,248,266,353,,,,météo correcte
2014-08-25,15,10,32,7,12,12,0,70,10,1017,30.25,15,8,7,113,122,116,,,,météo correcte
2014-08-26,15,8,23,6,12,11,0,80,10,1022,24,15,6,5,116,113,113,,,,météo correcte
2014-08-27,16,8,5,3,15,11,0,77,10,1024,7.25,16,6,7,113,113,113,,,,météo correcte
2014-08-28,18,8,10,4,15,13,0,78,10,1025,9.625,18,8,7,113,113,113,,,,météo favorable
2014-08-29,19,9,10,5,17,15,0,71,10,1022,8.875,19,10,7,113,113,113,,,,météo favorable
2014-08-30,24,13,12,8,21,19,0.5,83,9,1018,32.125,26,16,12,143,116,116,,,,météo favorable
2014-08-31,24,17,14,15,22,18,0.2,92,7.375,1015,36,25,15,17,248,113,113,,,,météo favorable
2014-09-01,24,15,14,11,22,19,0,80,9,1015,19.5,25,15,15,143,116,116,,,,météo favorable
2014-09-02,24,16,13,13,21,20,3.4,90,9.875,1013,29.375,26,18,16,353,116,113,,,,météo favorable
2014-09-03,24,15,22,12,22,20,0,87,8.75,1017,27,25,16,15,116,113,113,,,,météo idéale
2014-09-04,22,16,26,13,20,19,0.1,81,10,1019,26.5,25,15,16,116,116,113,,,,météo favorable
2014-09-05,23,19,18,17,22,21,31.7,97,8,1014,81.5,25,21,19,353,353,356,,,,météo très défavorable
2014-09-06,20,17,18,17,20,17,17.5,98,8.75,1018,59.75,20,19,17,356,356,113,,,,météo très défavorable
2014-09-07,23,15,10,7,20,17,0,69,10,1022,4.125,25,11,15,113,113,113,,,,météo favorable
2014-09-08,27,18,14,12,25,24,0,86,10,1018,26.5,30,22,18,113,116,113,,,,météo favorable
2014-09-09,30,23,24,20,26,23,35.7,96,7.25,1009,60.125,35,24,23,353,386,359,,,,météo très défavorable
2014-09-10,13,11,18,8,13,12,13.2,95,9.25,1018,48.875,13,12,8,353,353,113,,,,météo défavorable
2014-09-11,19,11,14,7,18,15,0,72,10,1022,1.5,19,10,10,113,113,113,,,,météo favorable
2014-09-12,15,12,16,11,15,12,1.2,89,8,1020,47.5,15,11,10,113,116,266,,,,météo correcte
2014-09-13,17,14,10,12,16,15,25.1,99,4.5,1017,100,17,17,14,248,302,302,,,,météo très défavorable
2014-09-14,18,16,13,15,18,17,30.8,99,7,1014,99.25,18,18,16,302,302,296,,,,météo très défavorable
2014-09-15,21,15,18,13,20,18,1,89,7.375,1020,44.5,21,14,14,263,113,119,,,,météo favorable
2014-09-16,22,14,8,8,21,17,0,82,8,1020,8.125,25,14,14,113,113,113,,,,météo favorable
2014-09-17,23,15,10,10,22,18,0,75,10,1020,33,25,15,15,116,113,116,,,,météo favorable
2014-09-18,24,15,10,10,21,20,0,83,9,1017,11.375,25,18,14,143,113,113,,,,météo idéale
2014-09-19,24,19,14,15,24,20,0.3,91,6.625,1012,39.625,26,20,19,248,116,113,,,,météo favorable
2014-09-20,24,18,17,11,23,19,0,84,7,1019,14,25,15,18,143,113,113,,,,météo idéale
2014-09-21,21,15,9,9,19,18,0,86,8,1022,6.5,21,14,14,143,113,113,,,,météo favorable
2014-09-22,23,15,21,10,20,19,0,81,10,1020,5.125,25,15,15,113,113,113,,,,météo favorable
2014-09-23,27,18,6,12,25,24,2.7,86,9,1013,13.5,29,19,18,143,113,386,,,,météo idéale
2014-09-24,23,13,15,9,20,19,0,79,10,1019,19.625,25,13,11,116,113,113,,,,météo favorable
2014-09-25,24,17,15,12,23,21,0.4,88,9.875,1015,26.375,26,20,17,113,116,386,,,,météo favorable
2014-09-26,20,14,17,10,19,16,0,86,10,1020,17.125,20,15,12,116,113,113,,,,météo favorable
2014-09-27,22,13,17,8,19,18,0,68,10,1022,4.75,24,12,12,113,113,113,,,,météo favorable
2014-09-28,27,17,12,12,21,23,0.5,85,8,1016,31.875,30,22,17,113,266,113,,,,météo correcte
2014-09-29,25,20,17,16,25,21,0.2,89,8.75,1015,30.875,26,18,20,116,113,113,,,,météo favorable
2014-09-30,25,17,19,14,22,21,0,75,10,1015,10.625,26,17,17,113,113,113,,,,météo idéale
2014-10-01,24,17,18,11,23,20,0,77,10,1024,0,25,15,17,113,113,113,,,,météo idéale
2014-10-02,22,14,19,10,19,18,0,69,10,1029,5.375,24,11,12,113,113,113,,,,météo favorable
2014-10-03,19,13,30,11,19,13,0.3,81,9.375,1028,33,19,13,11,263,116,116,,,,météo favorable
2014-10-04,22,17,26,13,20,20,0,73,10,1024,50.375,25,15,17,116,113,119,,,,météo favorable
2014-10-05,20,18,22,16,20,18,9.5,96,8,1016,76,20,19,18,353,293,296,,,,météo défavorable
2014-10-06,26,20,13,17,24,21,4.9,91,9.625,1016,41.125,27,18,20,296,113,113,,,,météo favorable
2014-10-07,28,22,4,11,27,25,0,73,10,1017,0,30,18,22,113,113,113,,,,météo idéale
2014-10-08,29,21,13,14,27,25,0.3,85,9,1016,20.625,33,23,21,113,116,386,,,,météo favorable
2014-10-09,29,25,20,21,28,27,36.9,98,8.25,1009,53.5,36,25,25,353,356,305,,,,météo très défavorable
2014-10-10,22,14,24,15,19,20,34.5,97,7.75,1019,57.125,24,21,12,308,113,113,,,,météo très défavorable
2014-10-11,23,14,12,8,20,19,0,80,9,1022,6.625,25,15,13,143,113,113,,,,météo favorable
2014-10-12,26,18,8,14,24,22,0.1,84,10,1019,23.25,27,19,18,116,113,113,,,,météo idéale
2014-10-13,26,19,10,13,24,22,0,88,6.25,1019,41.75,27,18,19,248,113,113,,,,météo favorable
2014-10-14,27,20,9,13,26,23,0,80,10,1019,4.625,28,19,20,113,113,113,,,,météo idéale
2014-10-15,29,20,18,15,25,26,3.5,82,9.5,1017,29.875,31,20,20,113,113,176,,,,météo favorable
2014-10-16,30,27,11,21,29,27,29.3,96,7.875,1009,48.625,38,27,27,356,356,200,,,,météo très défavorable
2014-10-17,26,20,20,16,26,24,16.1,93,9.125,1011,47.375,29,24,20,386,353,353,,,,météo très défavorable
2014-10-18,28,23,8,21,27,23,19.2,97,7.875,1007,65.875,33,26,23,353,353,356,,,,météo très défavorable
2014-10-19,25,19,22,17,24,21,0.7,87,9,1018,28.125,26,20,19,176,113,113,,,,météo idéale
2014-10-20,25,19,10,12,24,21,0,71,10,1022,0.25,26,15,19,113,113,113,,,,météo idéale
2014-10-21,27,20,11,12,25,23,0,73,10,1022,0.875,28,18,20,113,113,113,,,,météo idéale
2014-10-22,29,21,13,14,27,25,0,70,10,1020,0,30,19,21,113,113,113,,,,météo idéale
2014-10-23,31,24,8,15,30,27,0,75,10,1017,15.5,34,22,24,113,116,116,,,,météo favorable
2014-10-24,31,25,8,17,30,27,0,70,10,1016,16.75,33,21,25,116,113,113,,,,météo idéale
2014-10-25,31,24,9,16,30,27,0,78,10,1015,5,32,21,24,116,113,113,,,,météo idéale
2014-10-26,32,24,13,18,30,28,0,77,10,1013,1.625,34,21,24,113,113,113,,,,météo idéale
2014-10-27,33,26,17,19,32,30,0,76,10,1011,0.375,39,24,26,113,113,113,,,,météo favorable
2014-10-28,34,28,17,22,33,31,0.5,77,9.875,1012,7.125,41,24,28,113,113,176,,,,météo correcte
2014-10-29,32,25,23,23,30,27,21.7,96,8,1006,35.875,38,25,25,356,386,359,,,,météo très défavorable
2014-10-30,27,20,21,16,24,24,25.4,79,9.25,1008,40,29,22,20,176,176,200,,,,météo très défavorable
2014-10-31,27,22,18,17,27,22,1.4,89,7.875,1013,25.5,30,22,22,176,116,176,,,,météo favorable
2014-11-01,21,19,27,18,21,19,4,95,6.75,1019,92,24,19,19,353,266,176,,,,météo défavorable
2014-11-02,19,16,21,15,19,18,11.2,97,7,1020,98.125,19,18,16,296,302,266,,,,météo défavorable
2014-11-03,22,20,12,17,21,22,9.4,97,6.25,1014,81.125,25,22,20,248,356,176,,,,météo défavorable
2014-11-04,23,17,16,10,21,20,0,66,10,1016,5,25,13,17,113,113,113,,,,météo favorable
2014-11-05,26,18,10,10,23,22,0,68,10,1020,0.625,26,16,18,113,113,113,,,,météo idéale
2014-11-06,28,19,10,12,25,24,0,74,10,1017,16.25,30,19,19,116,113,113,,,,météo idéale
2014-11-07,30,24,14,15,28,26,0,80,9,1013,3.875,31,20,24,143,113,113,,,,météo idéale
2014-11-08,31,24,7,16,29,26,0,72,9,1016,0.5,32,20,24,143,113,113,,,,météo idéale
2014-11-09,31,25,6,16,30,28,0,65,10,1015,6.25,33,20,25,113,113,113,,,,météo idéale
2014-11-10,32,26,10,18,32,28,0.6,69,10,1013,12.875,36,21,26,176,113,113,,,,météo favorable
2014-11-11,32,25,13,20,31,28,1.1,69,9.875,1010,9.5,34,21,25,113,113,113,,,,météo idéale
2014-11-12,30,24,18,17,29,26,1.9,76,9.75,1013,12.375,31,20,24,176,113,113,,,,météo idéale
2014-11-13,24,17,17,10,22,20,0,58,10,1020,0,25,12,17,113,113,113,,,,météo idéale
2014-11-14,29,21,3,9,27,24,0,65,10,1019,0.625,29,14,21,113,113,113,,,,météo idéale
2014-11-15,30,22,8,14,28,26,0,57,10,1019,2.875,30,16,22,113,113,113,,,,météo idéale
2014-11-16,33,27,5,15,32,28,0,56,10,1020,3.5,35,19,27,113,113,113,,,,météo favorable
2014-11-17,32,23,12,16,30,28,0,60,10,1018,4.625,35,20,23,113,113,113,,,,météo favorable
2014-11-18,32,25,17,18,31,28,0,67,10,1013,10.5,33,19,25,113,116,113,,,,météo favorable
2014-11-19,32,27,13,21,31,27,5,77,10,1008,18.625,35,22,27,116,386,386,,,,météo correcte
2014-11-20,27,22,13,18,26,22,22.3,94,8.375,1014,72.5,30,23,22,356,353,296,,,,météo très défavorable
2014-11-21,22,18,19,16,20,20,45.7,98,6.75,1014,69,25,22,18,356,308,266,,,,météo très défavorable
2014-11-22,27,20,12,13,24,24,0,76,6.25,1015,40,27,17,20,248,113,113,,,,météo favorable
2014-11-23,28,22,10,13,27,25,0,67,10,1015,0,29,17,22,113,113,113,,,,météo idéale
2014-11-24,31,23,11,15,30,28,3.8,81,9.875,1010,23.375,34,21,23,113,113,353,,,,météo favorable
2014-11-25,26,22,16,18,26,24,11.9,91,9,1013,50.75,28,21,22,353,116,176,,,,météo correcte
2014-11-26,29,24,14,16,28,25,0,77,9,1015,10.625,30,19,24,143,113,113,,,,météo idéale
2014-11-27,30,22,10,13,28,25,0,64,10,1017,0.5,30,17,22,113,113,113,,,,météo idéale
2014-11-28,31,25,13,16,30,27,0,69,10,1016,4.125,32,19,25,113,113,113,,,,météo idéale
2014-11-29,34,26,22,18,33,31,0,71,10,1011,13.625,38,23,26,113,113,113,,,,météo favorable
2014-11-30,28,18,24,22,28,18,39.3,96,7.625,1012,64.25,34,26,18,359,356,353,,,,météo très défavorable
2014-12-01,18,17,18,14,17,17,8.8,97,7.5,1016,89.125,18,16,17,353,266,353,,,,météo défavorable
2014-12-02,26,19,15,14,24,24,0.7,86,8,1013,48.875,28,18,19,122,116,113,,,,météo favorable
2014-12-03,29,22,11,14,27,26,0,77,6.5,1014,28.125,29,18,22,248,113,113,,,,météo idéale
2014-12-04,31,26,8,14,31,27,0,63,10,1018,0,33,19,26,113,113,113,,,,météo idéale
2014-12-05,31,23,14,15,28,28,0,62,10,1018,0,31,19,23,113,113,113,,,,météo idéale
2014-12-06,32,24,14,17,30,30,0,67,10,1013,0.5,36,22,24,113,113,113,,,,météo favorable
2014-12-07,33,28,15,21,33,28,0.9,79,9.75,1011,17.25,39,24,28,113,116,176,,,,météo favorable
2014-12-08,28,24,10,21,26,25,18.4,98,8.75,1013,50.875,34,26,24,356,296,176,,,,météo très défavorable
2014-12-09,34,29,11,21,33,29,8.3,84,9.625,1010,15.75,41,26,29,386,356,386,,,,météo correcte
2014-12-10,33,29,18,22,32,30,5.6,88,8.5,1012,40.875,41,26,29,248,353,176,,,,météo correcte
2014-12-11,28,21,18,15,25,25,0.2,70,10,1018,12.625,29,18,21,113,113,176,,,,météo idéale
2014-12-12,30,23,12,16,29,27,0,77,10,1015,21.625,33,21,23,113,113,113,,,,météo idéale
2014-12-13,31,25,14,17,30,27,0,75,10,1012,10.875,33,20,25,113,113,113,,,,météo idéale
2014-12-14,31,24,14,17,29,26,0,71,10,1017,8.875,32,19,24,113,113,113,,,,météo idéale
2014-12-15,30,22,17,17,27,26,0.3,67,10,1016,9.625,31,18,22,113,113,113,,,,météo idéale
2014-12-16,22,20,12,18,21,20,37.1,98,7.875,1014,75.125,24,21,20,353,308,302,,,,météo très défavorable
2014-12-17,31,25,14,19,29,28,1.7,88,7.875,1013,49.125,34,23,25,266,176,113,,,,météo favorable
2014-12-18,32,27,8,17,31,29,0,66,10,1013,6.625,32,20,27,113,113,113,,,,météo idéale
2014-12-19,33,27,9,18,32,30,0,58,10,1010,2,34,18,27,113,113,113,,,,météo idéale
2014-12-20,33,27,12,19,33,28,14.2,76,9,1004,17.625,38,24,27,113,113,353,,,,météo défavorable
2014-12-21,26,19,24,21,19,23,26.8,96,8.25,1009,46.25,27,22,19,302,296,113,,,,météo très défavorable
2014-12-22,26,20,15,12,25,23,0,63,10,1020,4,25,13,20,113,113,113,,,,météo idéale
2014-12-23,26,20,7,11,26,23,0,59,10,1024,3.875,26,12,20,113,113,113,,,,météo idéale
2014-12-24,30,22,12,14,28,26,0,67,10,1018,0,30,15,22,113,113,113,,,,météo idéale
2014-12-25,33,26,10,17,32,30,0,73,10,1014,13.125,38,23,26,113,113,113,,,,météo favorable
2014-12-26,33,27,13,22,33,29,11.6,87,9,1014,31,43,27,27,353,356,353,,,,météo correcte
2014-12-27,31,26,16,23,28,28,14.7,97,8.375,1012,45.5,38,26,26,263,299,200,,,,météo défavorable
2014-12-28,32,28,12,22,30,29,2.7,86,9.625,1010,17,38,26,28,176,176,113,,,,météo favorable
2014-12-29,34,29,11,21,33,31,0,81,7.75,1010,16.875,40,25,29,248,113,113,,,,météo correcte
2014-12-30,35,30,6,20,34,32,0.1,70,10,1008,3,41,24,30,113,113,113,,,,météo correcte
2014-12-31,33,28,12,22,32,31,2.2,81,7.25,1005,51.5,42,26,28,248,353,200,,,,météo correcte
2015-01-01,32,27,28,22,32,27,3.9,73,9.875,1010,24.375,37,24,27,176,176,116,,,,météo favorable
2015-01-02,28,20,16,14,26,25,0,63,10,1015,0,28,15,20,113,113,113,,,,météo idéale
2015-01-03,32,22,7,14,29,27,0,49,10,1018,0,31,14,22,113,113,113,,,,météo idéale
2015-01-04,35,26,5,16,34,30,0,55,10,1017,3.5,36,18,26,113,113,113,,,,météo favorable
2015-01-05,34,27,12,18,32,32,0,52,10,1015,0.625,35,18,27,113,113,113,,,,météo favorable
2015-01-06,34,30,17,22,33,31,4.9,80,9.25,1012,31,40,26,30,176,113,263,,,,météo correcte
2015-01-07,33,27,9,23,30,30,44.4,95,7.875,1010,38.25,41,26,27,305,176,176,,,,météo très défavorable
2015-01-08,34,29,7,22,32,31,0.3,82,9,1013,23.375,42,25,28,143,176,113,,,,météo correcte
2015-01-09,32,29,18,23,32,30,16,82,9.125,1009,38.375,42,27,29,353,356,386,,,,météo très défavorable
2015-01-10,37,31,10,23,35,33,0,77,7,1011,3.25,45,27,31,143,113,113,,,,météo défavorable
2015-01-11,33,28,15,24,31,31,16.8,90,8.5,1012,28,42,26,28,359,200,200,,,,météo très défavorable
2015-01-12,33,28,9,21,33,28,3.1,83,10,1012,22.75,41,27,28,176,353,113,,,,météo correcte
2015-01-13,33,25,14,21,30,29,13.5,90,8.375,1011,36.75,40,25,25,359,176,176,,,,météo défavorable
2015-01-14,32,26,7,22,30,29,24.2,95,8.25,1012,45.5,42,27,26,299,353,356,,,,météo très défavorable
2015-01-15,31,25,18,21,29,29,0,74,10,1018,13.5,33,20,25,113,113,113,,,,météo idéale
2015-01-16,30,25,15,22,30,28,5.2,84,10,1015,56.375,37,26,25,353,353,353,,,,météo correcte
2015-01-17,33,29,6,23,33,29,10,88,6.875,1012,50,43,27,29,353,353,356,,,,météo correcte
2015-01-18,36,27,16,21,33,34,0,68,10,1015,13,39,21,27,113,113,113,,,,météo favorable
2015-01-19,39,31,14,24,37,35,1.9,58,9.625,1012,20.5,44,23,31,113,200,200,,,,météo défavorable
2015-01-20,28,24,27,21,27,25,5.7,84,8.5,1017,66.375,29,21,24,356,176,119,,,,météo défavorable
2015-01-21,33,25,17,18,30,31,0,65,10,1021,3.375,31,17,25,113,113,113,,,,météo idéale
2015-01-22,33,24,21,18,30,31,0,58,10,1020,1.25,32,15,24,113,113,113,,,,météo idéale
2015-01-23,35,25,18,19,31,33,0,62,10,1017,23.375,34,17,25,113,113,113,,,,météo idéale
2015-01-24,36,30,13,22,36,35,0,60,10,1013,19.75,38,21,30,113,116,113,,,,météo favorable
2015-01-25,39,31,8,23,37,37,0,53,10,1010,10.25,40,20,31,113,113,113,,,,météo correcte
2015-01-26,39,31,19,25,37,38,0,48,10,1010,8.625,40,19,31,113,113,113,,,,météo correcte
2015-01-27,41,33,21,26,38,38,0,44,10,1009,24.875,42,19,33,113,113,116,,,,météo correcte
2015-01-28,36,32,14,25,36,34,1.4,56,9.875,1009,27.25,39,22,32,113,116,116,,,,météo favorable
2015-01-29,32,24,28,21,30,30,2.1,74,9.875,1015,34.125,31,22,24,122,113,113,,,,météo favorable
2015-01-30,30,22,15,16,28,29,0,50,10,1020,0.625,29,11,22,113,113,113,,,,météo idéale
2015-01-31,33,25,19,18,30,32,0,54,10,1019,1,33,15,25,113,113,113,,,,météo idéale
2015-02-01,35,26,17,20,31,34,0,66,10,1016,4.75,35,19,26,113,113,113,,,,météo favorable
2015-02-02,37,30,13,22,34,37,0,61,10,1014,5.125,38,22,30,113,113,113,,,,météo favorable
2015-02-03,38,29,19,24,35,35,0,59,10,1013,20.625,40,21,29,113,113,116,,,,météo correcte
2015-02-04,36,29,15,23,36,34,0,62,10,1010,21.875,40,21,29,113,113,116,,,,météo correcte
2015-02-05,36,27,18,23,33,34,0,65,10,1011,20.375,37,20,27,113,116,113,,,,météo favorable
2015-02-06,36,29,15,22,32,33,0,58,10,1011,34.25,37,20,29,116,116,113,,,,météo favorable
2015-02-07,37,29,14,21,34,34,0,50,10,1011,8.5,36,17,29,113,113,113,,,,météo favorable
2015-02-08,36,29,13,21,34,35,0,46,10,1011,5,35,16,29,113,113,113,,,,météo favorable
2015-02-09,38,30,17,23,36,37,0,37,10,1009,4.625,38,14,30,113,113,113,,,,météo favorable
2015-02-10,28,25,33,24,26,26,4.3,73,9.5,1012,31.25,31,22,25,176,296,176,,,,météo correcte
2015-02-11,36,28,8,20,32,34,0,61,10,1016,30.625,37,20,28,113,116,113,,,,météo favorable
2015-02-12,37,26,11,18,34,35,0,54,10,1014,0.625,35,16,26,113,113,113,,,,météo favorable
2015-02-13,36,25,23,20,32,33,0,55,10,1018,2.75,35,15,25,113,113,113,,,,météo favorable
2015-02-14,35,25,24,19,32,32,0,64,10,1018,9.625,35,18,25,113,113,113,,,,météo favorable
2015-02-15,35,25,23,21,31,33,0,62,10,1018,8.125,34,17,25,113,113,113,,,,météo idéale
2015-02-16,34,25,21,21,32,33,0,61,10,1016,13.375,34,17,25,113,113,113,,,,météo idéale
2015-02-17,35,27,17,21,32,34,0,59,10,1015,16.375,35,18,27,113,116,116,,,,météo favorable
2015-02-18,35,27,19,22,35,33,0.8,62,9.875,1009,25.25,37,19,27,113,113,200,,,,météo favorable
2015-02-19,30,22,25,20,24,27,3.5,85,9.25,1011,67.5,31,20,22,353,176,353,,,,météo défavorable
2015-02-20,31,21,26,15,28,29,0,60,10,1017,5.25,29,14,21,113,113,113,,,,météo idéale
2015-02-21,34,26,12,16,31,31,0,59,10,1019,19.375,34,17,26,113,113,119,,,,météo idéale
2015-02-22,35,28,14,21,33,34,0.2,63,9.875,1017,13.875,36,20,28,113,176,113,,,,météo favorable
2015-02-23,36,28,14,21,34,34,0.2,74,10,1016,11.75,36,23,28,176,113,113,,,,météo favorable
2015-02-24,37,28,15,22,34,35,0,61,10,1014,7,37,20,28,113,113,113,,,,météo favorable
2015-02-25,38,30,18,24,36,34,3.7,53,9.625,1014,24.75,39,20,30,113,113,116,,,,météo favorable
2015-02-26,30,24,10,21,26,28,12.4,93,8.75,1013,64.5,35,24,24,356,353,176,,,,météo correcte
2015-02-27,32,26,24,22,30,31,6.8,78,9.25,1012,37.25,34,22,26,356,176,116,,,,météo favorable
2015-02-28,31,23,14,18,29,28,1.1,63,9.75,1018,27.625,32,17,23,113,113,119,,,,météo idéale
2015-03-01,33,23,19,20,29,31,8.5,74,9.25,1016,31.125,34,18,23,356,176,113,,,,météo correcte
2015-03-02,33,27,20,22,32,31,5.2,84,9.375,1012,22.375,37,24,27,176,356,113,,,,météo correcte
2015-03-03,32,28,14,24,32,28,11.3,86,9.25,1012,46.375,37,23,28,176,353,356,,,,météo correcte
2015-03-04,35,28,17,23,32,32,16.6,83,8.75,1011,30.5,42,25,28,176,176,176,,,,météo très défavorable
2015-03-05,36,28,18,22,34,33,0,72,10,1013,27.125,39,22,28,119,113,116,,,,météo favorable
2015-03-06,34,26,18,23,30,32,0.1,63,10,1015,48.625,36,20,26,176,122,113,,,,météo correcte
2015-03-07,35,26,16,21,32,33,0,64,10,1015,1.75,35,18,26,113,113,113,,,,météo favorable
2015-03-08,35,25,15,20,32,32,0,62,10,1015,0,34,17,25,113,113,113,,,,météo idéale
2015-03-09,36,26,15,20,33,33,0,73,10,1015,5.75,37,21,26,113,113,113,,,,météo favorable
2015-03-10,35,27,15,22,31,33,0,71,10,1015,10.625,37,21,27,113,113,116,,,,météo favorable
2015-03-11,34,25,15,20,31,32,0,69,10,1015,3.375,32,19,25,113,113,113,,,,météo idéale
2015-03-12,34,26,15,19,32,32,0,69,10,1013,0.375,34,19,26,113,113,113,,,,météo idéale
2015-03-13,36,25,18,19,33,33,0,61,10,1011,7.75,35,17,25,113,113,113,,,,météo favorable
2015-03-14,36,28,14,20,34,34,0,65,10,1011,8.25,35,20,28,113,113,113,,,,météo favorable
2015-03-15,38,29,10,21,36,35,0,42,10,1012,13.75,37,15,29,113,113,116,,,,météo favorable
2015-03-16,37,28,19,23,36,34,0,57,10,1014,8.625,38,19,28,113,113,113,,,,météo favorable
2015-03-17,36,27,15,22,33,34,0,59,10,1017,20.25,37,18,27,116,113,113,,,,météo favorable
2015-03-18,35,25,17,19,32,32,0,58,10,1017,0,33,16,25,113,113,113,,,,météo idéale
2015-03-19,36,24,17,19,32,34,0,65,10,1016,6.375,36,18,24,113,113,113,,,,météo favorable
2015-03-20,38,31,18,23,36,35,0,49,10,1012,19.5,39,19,31,116,116,113,,,,météo favorable
2015-03-21,26,19,28,18,23,23,0,37,10,1019,3.375,25,15,19,113,113,113,,,,météo idéale
2015-03-22,26,18,14,11,23,24,0,60,10,1021,6.25,25,10,18,113,113,113,,,,météo idéale
2015-03-23,28,19,10,12,25,26,0,59,10,1022,4.5,28,11,19,113,113,113,,,,météo idéale
2015-03-24,30,21,12,14,28,26,0.2,45,10,1021,32.125,29,9,21,113,116,176,,,,météo favorable
2015-03-25,26,20,27,17,26,22,0.1,75,10,1018,40.75,27,16,20,176,113,116,,,,météo favorable
2015-03-26,20,16,16,16,17,19,1.9,90,8.25,1019,47.625,20,15,16,176,263,113,,,,météo correcte
2015-03-27,27,17,17,12,24,24,0,70,10,1021,2.125,26,12,17,113,113,113,,,,météo idéale
2015-03-28,29,19,12,13,27,26,0,74,10,1022,2.625,28,15,19,113,113,113,,,,météo idéale
2015-03-29,31,22,6,13,28,28,0,53,10,1018,14.875,30,15,22,113,113,113,,,,météo idéale
2015-03-30,32,24,11,15,29,28,0,59,10,1013,10.875,32,16,24,113,113,113,,,,météo idéale
2015-03-31,32,25,19,17,30,28,0,46,10,1017,11.625,31,13,25,116,113,113,,,,météo idéale
2015-04-01,31,20,7,13,29,27,0,60,10,1019,0,29,12,20,113,113,113,,,,météo idéale
2015-04-02,34,23,12,15,31,31,0,36,10,1018,0,33,7,23,113,113,113,,,,météo idéale
2015-04-03,35,22,13,15,31,31,0,42,10,1014,0.25,33,11,22,113,113,113,,,,météo idéale
2015-04-04,35,26,9,18,33,31,0,38,10,1010,17.625,34,12,26,113,113,116,,,,météo idéale
2015-04-05,33,25,21,17,31,29,0,62,10,1016,11.375,33,17,25,113,113,113,,,,météo idéale
2015-04-06,26,16,18,12,23,23,0,72,10,1022,3.125,25,12,16,113,113,113,,,,météo idéale
2015-04-07,28,19,21,13,25,24,0,65,10,1020,16.5,27,12,18,113,116,113,,,,météo favorable
2015-04-08,30,19,19,13,27,25,0,63,10,1018,1.5,29,12,19,113,113,113,,,,météo idéale
2015-04-09,33,23,8,14,30,31,0,50,10,1018,1,33,12,23,113,113,113,,,,météo idéale
2015-04-10,34,25,11,18,32,31,0,54,10,1020,10.5,34,15,25,113,113,113,,,,météo idéale
2015-04-11,35,26,9,19,32,33,0,45,10,1018,11.375,36,13,26,113,113,113,,,,météo favorable
2015-04-12,33,23,15,18,30,29,0,73,10,1018,16.125,33,18,23,113,113,116,,,,météo idéale
2015-04-13,34,24,19,19,31,29,0,72,10,1017,4.125,34,18,24,113,113,113,,,,météo idéale
2015-04-14,33,22,13,17,30,28,0,63,10,1015,3.875,32,15,22,113,113,113,,,,météo idéale
2015-04-15,32,23,24,16,30,28,0,69,10,1016,10.375,31,17,23,113,113,113,,,,météo idéale
2015-04-16,30,21,28,16,28,27,0,74,10,1019,29,31,17,21,113,116,116,,,,météo favorable
2015-04-17,30,21,16,18,24,26,4,91,9.625,1015,45.375,32,20,21,353,176,176,,,,météo favorable
2015-04-18,27,17,13,12,24,24,0,43,10,1018,0,27,8,17,113,113,113,,,,météo idéale
2015-04-19,31,18,18,13,27,27,0,59,10,1011,8.875,31,16,18,113,113,113,,,,météo idéale
2015-04-20,30,22,21,18,28,27,0,53,10,1015,15.375,29,18,22,113,113,113,,,,météo idéale
2015-04-21,27,17,19,12,24,25,0,59,10,1020,3.375,27,9,17,113,113,113,,,,météo idéale
2015-04-22,26,18,11,12,24,24,0,74,10,1023,5.125,27,13,18,113,113,113,,,,météo idéale
2015-04-23,27,17,11,13,25,24,0,66,10,1022,0,28,12,17,113,113,113,,,,météo idéale
2015-04-24,28,19,10,11,26,24,0,50,10,1022,0,27,9,19,113,113,113,,,,météo idéale
2015-04-25,29,18,9,13,26,27,0,40,10,1023,0,30,6,18,113,113,113,,,,météo idéale
2015-04-26,29,18,12,12,26,25,0,44,10,1020,0,29,7,18,113,113,113,,,,météo idéale
2015-04-27,30,20,10,15,28,26,0,57,10,1019,28.625,30,13,20,116,113,116,,,,météo idéale
2015-04-28,30,21,16,19,27,27,0,46,10,1020,31.125,31,10,21,116,113,113,,,,météo favorable
2015-04-29,24,18,23,16,23,21,0,77,10,1022,44.125,25,14,18,116,116,116,,,,météo favorable
2015-04-30,24,19,17,18,22,20,0,64,10,1019,46.75,25,13,19,119,116,113,,,,météo favorable
2015-05-01,30,20,19,15,27,27,0,69,10,1016,30.25,30,16,20,116,113,116,,,,météo favorable
2015-05-02,23,20,30,18,21,20,32.4,92,7.125,1009,62,25,21,20,356,356,359,,,,météo très défavorable
2015-05-03,19,10,22,8,15,16,0.5,76,9.875,1016,4,20,12,8,113,113,113,,,,météo favorable
2015-05-04,20,10,12,5,17,17,0,53,10,1020,0,21,5,9,113,113,113,,,,météo favorable
2015-05-05,22,13,8,8,20,18,0,54,10,1022,38.25,23,5,13,119,116,113,,,,météo favorable
2015-05-06,23,15,16,7,22,21,0,55,10,1023,5.875,24,8,15,113,113,113,,,,météo favorable
2015-05-07,20,9,16,6,16,16,0,66,10,1025,14.25,20,7,6,113,113,113,,,,météo favorable
2015-05-08,23,14,17,12,20,20,0,67,10,1023,21.125,24,8,13,116,113,113,,,,météo favorable
2015-05-09,24,17,12,12,24,17,1.3,89,9,1018,51,25,17,17,116,116,353,,,,météo favorable
2015-05-10,22,18,14,15,18,19,10.4,96,9.25,1020,80.5,25,18,18,356,353,353,,,,météo défavorable
2015-05-11,22,14,16,11,19,17,0.1,93,7.75,1024,42,25,14,13,248,116,113,,,,météo favorable
2015-05-12,23,14,19,12,20,19,0,86,10,1024,11.125,25,12,13,116,113,113,,,,météo favorable
2015-05-13,24,15,17,12,22,21,0,85,10,1022,20,26,15,13,113,116,116,,,,météo favorable
2015-05-14,26,19,14,17,24,24,0.2,82,10,1020,48.375,27,17,19,116,116,113,,,,météo favorable
2015-05-15,27,18,14,17,25,24,0.7,89,8.75,1018,48.625,28,18,18,116,113,176,,,,météo favorable
2015-05-16,28,20,16,16,27,26,0.2,81,10,1020,53,30,18,20,176,116,119,,,,météo favorable
2015-05-17,30,21,23,19,27,27,0.4,92,7.375,1020,51.125,32,20,21,248,113,200,,,,météo favorable
2015-05-18,29,22,20,19,26,25,7.3,93,7.25,1022,51.375,32,22,22,248,200,386,,,,météo correcte
2015-05-19,30,22,14,20,27,27,0.9,90,8,1022,36.625,33,21,22,143,116,113,,,,météo favorable
2015-05-20,27,19,17,16,26,24,0,80,10,1020,0.125,28,17,19,113,113,113,,,,météo idéale
2015-05-21,28,20,22,17,27,26,0,82,10,1018,0.875,30,18,20,113,113,113,,,,météo idéale
2015-05-22,29,21,18,18,27,25,0.2,90,9,1017,18,30,20,21,143,113,113,,,,météo idéale
2015-05-23,23,20,21,18,22,22,10.1,96,9,1013,72,25,22,20,356,356,353,,,,météo défavorable
2015-05-24,21,14,22,13,19,18,0.2,84,10,1019,29.25,21,15,13,113,113,113,,,,météo favorable
2015-05-25,23,13,17,11,20,21,0,78,10,1021,9.5,25,10,12,113,113,113,,,,météo favorable
2015-05-26,22,15,21,13,20,18,0,81,10,1020,34.75,25,15,14,113,116,119,,,,météo favorable
2015-05-27,18,15,17,14,17,16,6.9,93,5.875,1018,99.25,18,16,15,389,389,389,,,,météo défavorable
2015-05-28,20,12,11,10,18,16,0,90,8,1023,13.25,20,11,11,143,113,113,,,,météo favorable
2015-05-29,20,12,12,9,19,17,0,85,10,1019,38.625,21,12,11,119,113,116,,,,météo favorable
2015-05-30,21,15,6,8,19,17,0,80,10,1018,14.125,21,10,15,113,113,113,,,,météo favorable
2015-05-31,22,15,5,11,19,18,0,79,10,1021,38.75,24,11,15,122,113,113,,,,météo favorable
2015-06-01,22,13,12,10,19,18,0,82,10,1023,28.625,25,11,12,113,113,119,,,,météo favorable
2015-06-02,23,13,15,10,21,21,0,82,10,1020,13.125,25,13,12,113,119,113,,,,météo correcte
2015-06-03,23,16,18,14,21,19,0.2,93,10,1016,52,25,18,16,116,176,116,,,,météo favorable
2015-06-04,25,17,17,15,23,21,0,90,7,1020,47.125,27,18,17,143,113,119,,,,météo favorable
2015-06-05,28,21,25,19,26,25,0.7,95,9.875,1017,79.5,30,22,21,122,353,176,,,,météo défavorable
2015-06-06,29,22,29,20,27,25,0,84,10,1011,2.625,31,20,22,113,113,113,,,,météo idéale
2015-06-07,21,16,23,19,18,16,2.7,82,7.75,1018,93.25,24,18,16,176,266,296,,,,météo défavorable
2015-06-08,19,17,17,15,19,18,4.2,96,5.125,1017,91.875,19,18,17,176,266,266,,,,météo défavorable
2015-06-09,22,20,7,18,21,20,14,98,5.375,1012,90.375,25,21,20,176,266,302,,,,météo défavorable
2015-06-10,18,14,19,14,18,16,1.7,89,10,1017,66.125,18,17,13,176,116,116,,,,météo défavorable
2015-06-11,19,11,17,9,17,15,0,56,10,1024,8.125,19,4,10,113,113,113,,,,météo favorable
2015-06-12,15,8,8,4,14,11,0,62,10,1025,2,15,1,7,113,113,113,,,,météo correcte
2015-06-13,18,9,9,6,15,14,0,58,10,1018,15.625,18,2,7,116,113,113,,,,météo favorable
2015-06-14,19,8,16,5,16,17,0,74,10,1018,1.75,21,6,7,113,113,113,,,,météo favorable
2015-06-15,15,6,14,3,13,12,0,56,10,1023,0,15,0,4,113,113,113,,,,météo correcte
2015-06-16,19,8,17,6,16,15,0,65,10,1020,0,19,5,5,113,113,113,,,,météo favorable
2015-06-17,19,10,15,6,16,15,0,81,10,1021,1.375,19,7,10,113,113,113,,,,météo favorable
2015-06-18,13,7,23,7,11,10,0,65,10,1033,1.5,13,7,3,113,113,113,,,,météo correcte
2015-06-19,14,5,18,1,12,11,0,67,10,1033,6.125,14,2,2,116,113,113,,,,météo correcte
2015-06-20,18,5,19,2,14,15,0,87,10,1025,53.25,19,7,2,113,113,122,,,,météo favorable
2015-06-21,20,9,5,6,17,18,0,76,10,1022,4.75,20,6,9,113,113,113,,,,météo favorable
2015-06-22,17,13,21,10,17,14,0,91,8,1028,20.375,17,11,12,143,113,113,,,,météo correcte
2015-06-23,15,5,21,4,12,12,0,67,10,1031,17.5,15,3,2,113,113,122,,,,météo correcte
2015-06-24,15,7,27,5,15,13,0,72,10,1030,51.375,15,8,4,113,113,122,,,,météo correcte
2015-06-25,24,13,21,11,20,22,0,94,10,1026,41.25,26,17,11,119,113,113,,,,météo favorable
2015-06-26,25,15,18,14,22,23,0,93,10,1026,19.875,27,17,15,113,113,113,,,,météo idéale
2015-06-27,25,17,19,15,23,22,0,93,10,1024,28.875,27,18,17,116,113,113,,,,météo idéale
2015-06-28,26,18,18,16,23,22,1,92,10,1019,31.5,27,17,18,116,113,113,,,,météo favorable
2015-06-29,21,19,17,17,19,19,3.6,97,7.5,1015,85.375,21,19,19,200,353,143,,,,météo défavorable
2015-06-30,21,16,15,17,18,17,6.8,95,7.375,1017,51.375,21,16,16,143,113,119,,,,météo favorable
2015-07-01,19,10,15,9,16,17,0,78,10,1023,14,20,8,8,113,113,113,,,,météo favorable
2015-07-02,19,12,19,10,16,15,0,87,10,1021,29.375,19,11,10,116,119,113,,,,météo correcte
2015-07-03,17,13,27,12,17,13,0,87,10,1023,56,17,11,11,116,122,119,,,,météo correcte
2015-07-04,13,5,11,3,11,10,0,84,10,1027,4.5,14,5,3,113,113,113,,,,météo correcte
2015-07-05,15,5,22,3,12,11,0,83,10,1025,35.375,15,5,2,113,113,122,,,,météo correcte
2015-07-06,18,11,10,10,14,14,0,85,10,1019,33.375,18,10,12,119,113,116,,,,météo favorable
2015-07-07,18,9,22,7,16,16,0,81,10,1021,19.375,19,7,7,116,113,113,,,,météo favorable
2015-07-08,20,9,18,6,17,16,0,79,10,1021,2,20,10,7,113,113,113,,,,météo favorable
2015-07-09,21,12,10,9,19,17,0,90,10,1017,19.625,25,13,12,113,113,116,,,,météo favorable
2015-07-10,21,14,11,12,19,18,0.1,95,8,1020,51.375,25,14,13,143,119,116,,,,météo correcte
2015-07-11,22,15,10,12,21,19,0,91,8,1017,50.75,25,15,14,143,116,113,,,,météo favorable
2015-07-12,20,16,14,13,18,19,0.5,96,5.5,1014,81.625,20,18,16,248,176,143,,,,météo défavorable
2015-07-13,18,14,23,16,16,14,3.6,94,7.75,1012,77.625,18,18,13,248,353,353,,,,météo défavorable
2015-07-14,15,8,19,7,14,11,0,73,10,1024,23.75,15,7,6,116,113,113,,,,météo correcte
2015-07-15,15,7,10,4,13,12,0,61,10,1028,0,16,0,5,113,113,113,,,,météo correcte
2015-07-16,16,7,13,4,14,14,0,62,10,1027,37.5,18,3,5,122,119,113,,,,météo correcte
2015-07-17,20,10,10,7,16,16,0,90,10,1026,18.5,20,12,8,116,113,113,,,,météo favorable
2015-07-18,21,10,16,8,18,19,0,95,9,1022,25.875,23,13,8,143,113,116,,,,météo favorable
2015-07-19,22,16,5,14,21,18,1.3,97,5.75,1016,87.75,25,18,16,248,116,122,,,,météo défavorable
2015-07-20,15,9,28,10,14,12,0,75,10,1026,25.875,15,11,6,113,113,113,,,,météo correcte
2015-07-21,14,5,12,3,12,11,0,81,10,1028,0,15,4,3,113,113,113,,,,météo correcte
2015-07-22,17,9,10,3,15,13,0,74,10,1026,19.875,17,7,7,113,113,119,,,,météo correcte
2015-07-23,18,10,10,8,16,14,0,79,10,1026,66,18,9,9,119,116,122,,,,météo défavorable
2015-07-24,20,11,13,8,18,18,0,89,10,1025,23.25,21,13,10,113,116,113,,,,météo favorable
2015-07-25,22,13,18,10,20,19,0,90,10,1025,8,25,14,12,113,113,113,,,,météo favorable
2015-07-26,21,12,20,10,19,17,0,92,9,1023,12.875,24,13,11,143,113,113,,,,météo favorable
2015-07-27,23,13,22,11,20,20,0,92,10,1019,8.375,25,13,11,116,113,113,,,,météo favorable
2015-07-28,28,19,24,16,25,23,0,92,10,1014,29.125,29,19,19,119,116,113,,,,météo favorable
2015-07-29,30,21,15,18,26,27,0,90,10,1018,19.625,32,20,21,113,113,113,,,,météo idéale
2015-07-30,26,20,15,19,25,23,1.2,94,8.75,1018,27.5,28,21,20,143,176,113,,,,météo favorable
2015-07-31,26,22,33,19,23,22,0.5,80,9.875,1014,26.375,27,20,22,113,176,116,,,,météo favorable
2015-08-01,21,13,23,11,19,20,0,79,10,1019,19,21,16,12,113,113,116,0,4,10.8,météo favorable
2015-08-02,28,20,18,18,25,24,0.7,74,10,1009,23.5,29,18,20,113,386,116,0,5,10.8,météo correcte
2015-08-03,19,18,21,17,18,19,2.8,96,9.875,1017,73,19,17,18,353,119,116,0,4,6.9,météo défavorable
2015-08-04,19,15,22,14,18,18,4.1,94,8.5,1018,83,19,18,15,119,266,356,0,5,5.4,météo défavorable
2015-08-05,26,17,20,16,21,23,0.3,92,8.875,1016,60,27,20,17,116,119,116,0,4,10.1,météo correcte
2015-08-06,30,21,30,21,28,26,0,78,9.875,1006,38.25,32,20,21,200,116,113,0,5,10.8,météo favorable
2015-08-07,26,21,14,20,23,22,2.5,91,9.75,1007,32.75,28,21,21,386,386,200,0,6,10.9,météo correcte
2015-08-08,30,23,26,19,27,27,0,84,9.875,1008,28.75,33,21,23,113,113,116,0,5,10.9,météo idéale
2015-08-09,32,24,36,25,30,27,0,56,10,1006,24,33,17,24,116,113,113,0,7,10.9,météo idéale
2015-08-10,23,13,26,17,13,15,2.7,91,9.625,1020,80.75,25,18,11,122,302,122,0,6,5.4,météo défavorable
2015-08-11,15,13,14,10,15,14,0,95,9,1021,61,15,13,11,143,119,122,0,4,7,météo correcte
2015-08-12,17,15,22,13,16,17,14.1,98,7.5,1020,99.625,17,17,14,353,302,359,0,3,5.5,météo défavorable
2015-08-13,17,15,18,15,15,16,6.9,95,7.375,1019,88.5,17,16,14,353,119,122,0,4,5.5,météo défavorable
2015-08-14,13,13,10,12,13,13,22.1,98,3,1019,96,13,13,13,143,359,308,0,3,5.5,météo très défavorable
2015-08-15,14,10,14,10,13,13,3.2,90,9.625,1021,72.875,14,12,8,119,116,119,0,3,8.5,météo défavorable
2015-08-16,18,12,19,8,16,16,0.1,84,10,1025,76.5,19,12,10,122,122,116,0,3,7,météo défavorable
2015-08-17,17,16,26,16,17,17,38.6,97,6.25,1019,94.125,17,17,16,359,308,353,0,3,5.5,météo très défavorable
2015-08-18,18,15,18,15,16,17,2.9,96,6.625,1017,70.75,18,15,14,266,296,113,0,4,8.6,météo défavorable
2015-08-19,17,11,18,9,16,14,0,87,9,1023,16.125,17,12,9,143,113,116,0,4,11,météo correcte
2015-08-20,17,12,17,11,15,15,0,88,10,1025,56,17,12,11,116,116,116,0,4,10.1,météo correcte
2015-08-21,21,13,15,10,18,18,0,85,9,1022,7.375,21,14,11,143,113,113,0,4,11.1,météo favorable
2015-08-22,24,18,23,15,22,21,0.5,86,9.875,1012,24.5,25,19,18,113,176,116,0,4,11.1,météo favorable
2015-08-23,17,12,22,10,16,13,0,70,10,1022,4.5,17,11,10,113,113,113,0,4,11.1,météo correcte
2015-08-24,16,8,17,6,13,13,0,72,10,1024,8,16,8,6,113,113,113,0,3,11.1,météo correcte
2015-08-25,22,12,19,8,18,19,0,82,10,1020,17.5,24,15,10,113,113,116,0,3,11.2,météo favorable
2015-08-26,23,18,17,16,21,20,11.1,98,7.5,1013,54.375,25,19,18,356,359,386,0,5,7.1,météo correcte
2015-08-27,21,13,19,11,19,17,0,74,8,1020,5.125,21,13,12,113,113,113,0,3,11.2,météo favorable
2015-08-28,24,15,28,11,22,20,0,70,10,1021,5.75,25,14,15,113,113,113,0,4,11.2,météo idéale
2015-08-29,28,19,27,16,27,25,0,74,10,1013,7.75,29,20,20,113,113,113,0,5,11.2,météo idéale
2015-08-30,31,21,19,17,27,27,0,72,10,1014,4.625,33,21,21,113,113,113,0,5,11.2,météo idéale
2015-08-31,30,22,15,19,28,28,0.5,68,9.875,1014,29.125,32,19,22,113,116,116,0,6,11.3,météo favorable
2015-09-01,20,15,15,13,18,18,4.6,88,8.75,1017,60.5,21,15,14,299,299,299,0,3,8.6,météo correcte
2015-09-02,15,12,18,8,13,14,0.1,74,9.875,1024,60.875,15,9,10,116,119,119,0,3,5.6,météo correcte
2015-09-03,18,12,20,10,17,15,0,82,10,1022,23,18,11,10,113,113,113,0,3,11.3,météo favorable
2015-09-04,14,11,12,9,14,13,0.3,77,9.875,1023,8.875,14,8,10,113,113,113,0,3,11.3,météo correcte
2015-09-05,18,13,14,10,16,15,4.1,84,8.375,1021,68.375,18,12,11,176,305,299,0,3,5.7,météo défavorable
2015-09-06,20,15,15,14,17,17,0,69,9.5,1019,18,20,10,15,116,116,113,0,4,11.4,météo favorable
2015-09-07,15,13,17,9,13,14,0,80,10,1013,15,15,11,12,113,113,113,0,4,11.4,météo correcte
2015-09-08,24,16,14,12,21,20,0,78,10,1011,16.125,25,14,16,116,116,113,0,4,11.4,météo favorable
2015-09-09,24,16,16,12,22,21,0,74,9.875,1012,26.125,25,15,16,113,113,113,0,3,11.6,météo idéale
2015-09-10,16,9,23,9,11,14,5.9,94,8.75,1018,54.625,16,9,5,356,263,113,0,3,10.2,météo correcte
2015-09-11,13,8,23,5,12,10,0,55,10,1023,1,13,1,5,113,113,113,0,3,11.6,météo correcte
2015-09-12,19,10,14,4,17,15,0,62,10,1024,2.625,19,8,9,113,113,113,0,2,11.6,météo favorable
2015-09-13,23,13,19,7,20,19,0,60,10,1023,1.125,24,11,11,113,113,113,0,3,11.6,météo favorable
2015-09-14,24,16,23,10,23,20,0,56,10,1020,18.75,25,11,16,113,113,113,0,4,10.2,météo idéale
2015-09-15,30,19,20,14,26,26,0,67,10,1012,11.25,30,19,19,113,113,116,0,5,11.6,météo idéale
2015-09-16,21,18,16,17,19,18,13.4,86,8.5,1013,60.125,21,16,18,356,356,356,0,5,6,météo défavorable
2015-09-17,19,15,15,12,18,17,2.8,84,8.75,1018,59.5,20,13,14,299,305,176,0,3,8.8,météo correcte
2015-09-18,20,14,15,10,18,17,1,81,9.375,1018,54.5,21,13,12,176,176,176,0,3,8.8,météo favorable
2015-09-19,20,13,16,10,18,18,0.3,82,9,1018,50.875,21,13,12,176,176,176,0,3,8.8,météo favorable
2015-09-20,23,17,14,16,19,21,0.5,83,9.5,1017,53.375,25,18,17,113,113,353,0,4,8.8,météo favorable
2015-09-21,24,19,15,16,24,23,6.6,98,8.375,1013,94.25,26,21,19,356,353,119,0,4,6,météo défavorable
2015-09-22,21,20,19,19,20,20,17.8,94,8.75,1012,93,21,21,20,356,356,356,0,5,6,météo très défavorable
2015-09-23,23,21,16,18,22,22,14.9,95,8,1008,92.875,25,21,21,356,353,353,0,4,6,météo défavorable
2015-09-24,18,16,16,16,17,17,0.4,95,6,1010,96.875,18,17,16,266,143,143,0,4,6.1,météo défavorable
2015-09-25,19,15,19,14,18,18,0,91,8.75,1018,79.625,19,14,14,119,119,119,0,3,6.1,météo défavorable
2015-09-26,19,15,12,10,19,18,0,83,7.5,1019,53.875,20,14,15,248,119,113,0,4,8.8,météo correcte
2015-09-27,21,16,16,11,20,19,0,76,8,1018,14.375,24,12,16,143,113,113,0,4,11.6,météo favorable
2015-09-28,25,17,15,10,23,21,0,66,10,1015,19.125,25,13,17,113,113,116,0,4,11.6,météo idéale
2015-09-29,22,16,14,14,19,20,6.3,87,9.625,1016,47.125,25,16,16,299,116,113,0,3,10.2,météo favorable
2015-09-30,21,14,15,8,18,18,0,59,10,1019,2.5,21,10,13,113,113,113,0,4,11.6,météo favorable
2015-10-01,22,16,22,11,22,21,0,85,9.875,1016,34.25,25,18,16,113,116,116,0,4,10.2,météo favorable
2015-10-02,21,16,28,17,21,16,6,87,7.375,1019,64.125,21,18,16,248,119,119,0,4,7.5,météo correcte
2015-10-03,16,9,20,7,13,14,0,62,10,1023,18.875,16,8,6,116,113,113,0,4,11.6,météo correcte
2015-10-04,20,12,15,6,17,18,0,65,10,1023,6.5,20,12,10,113,113,113,0,3,11.6,météo favorable
2015-10-05,20,15,19,12,18,18,0,73,10,1020,32.625,20,14,15,113,113,119,0,4,10.2,météo favorable
2015-10-06,29,20,11,17,27,28,0,76,9.625,1013,64,32,23,20,119,116,200,0,4,10.2,météo correcte
2015-10-07,22,16,22,17,16,16,12.6,97,8.75,1010,87.875,24,20,16,356,356,353,0,5,6.2,météo défavorable
2015-10-08,19,15,24,13,17,18,0.9,92,9,1014,95.75,19,15,14,266,122,119,0,3,6.2,météo défavorable
2015-10-09,18,14,34,14,15,17,0.1,64,10,1022,63,18,10,12,122,116,119,0,4,8.9,météo correcte
2015-10-10,14,13,29,11,14,13,0.5,91,9,1025,93.5,14,12,11,122,122,266,0,3,6.4,météo défavorable
2015-10-11,15,13,23,11,15,15,0.4,84,10,1025,84.5,16,11,11,122,353,122,0,4,6.4,météo défavorable
2015-10-12,19,13,12,9,18,18,0,84,7.5,1022,52.5,19,11,12,248,113,116,0,3,11.6,météo favorable
2015-10-13,22,17,18,10,20,20,0,64,10,1018,9.5,24,13,17,113,113,113,0,4,11.6,météo favorable
2015-10-14,23,18,26,15,23,20,4.7,97,7.375,1012,83.875,25,20,18,122,353,356,0,4,6.4,météo défavorable
2015-10-15,24,18,24,18,22,20,0.3,87,7.5,1015,46,25,18,18,248,113,113,0,4,10.3,météo favorable
2015-10-16,21,16,18,9,19,18,0,61,10,1022,0,21,10,16,113,113,113,0,4,11.6,météo favorable
2015-10-17,19,13,21,7,18,17,0,62,10,1028,1,19,8,12,113,113,113,0,4,11.6,météo favorable
2015-10-18,22,13,17,6,19,20,0,62,10,1027,9.875,24,12,12,113,113,113,0,3,11.6,météo favorable
2015-10-19,24,15,17,12,18,24,1.7,92,9.25,1018,61.5,27,21,14,263,296,116,0,4,7.8,météo correcte
2015-10-20,24,18,18,18,23,22,17.9,98,7.5,1010,47.375,25,18,18,356,113,113,0,4,10.3,météo très défavorable
2015-10-21,25,18,19,12,23,22,0,68,10,1012,20.625,26,15,18,113,113,113,0,4,10.3,météo idéale
2015-10-22,25,18,15,12,23,23,0,72,10,1016,8.25,26,16,18,113,113,113,0,4,11.6,météo idéale
2015-10-23,16,15,25,12,15,15,0,81,10,1022,51.375,16,12,15,116,119,119,0,5,6.5,météo correcte
2015-10-24,24,18,12,14,22,22,1.3,72,9.125,1019,48.875,26,16,18,176,176,299,0,4,9.1,météo favorable
2015-10-25,22,17,21,16,22,19,0.1,79,10,1018,58,25,16,17,116,116,119,0,5,9.1,météo correcte
2015-10-26,25,19,14,17,20,25,0.3,89,9,1016,66.375,27,20,19,122,266,113,0,4,9.1,météo défavorable
2015-10-27,28,23,17,17,27,26,0,76,9,1017,43.25,29,20,23,143,116,113,0,5,12,météo favorable
2015-10-28,28,22,18,16,26,27,0,80,7.75,1019,19.875,29,18,22,248,113,113,0,5,13.3,météo idéale
2015-10-29,31,23,12,17,29,29,0,76,8.875,1014,19.75,32,20,23,143,113,113,0,5,13.6,météo idéale
2015-10-30,24,19,24,19,22,23,4.7,92,9.5,1014,57,26,18,20,296,116,119,0,5,12.1,météo correcte
2015-10-31,22,17,23,15,18,22,0.1,86,10,1019,68.625,25,15,17,122,122,113,0,4,10.9,météo défavorable
2015-11-01,23,17,23,12,22,21,0,71,10,1020,14.25,25,13,17,113,113,113,0,4,13.6,météo favorable
2015-11-02,19,15,19,14,19,18,0,80,10,1020,67.875,19,15,15,113,122,122,0,4,9.7,météo défavorable
2015-11-03,25,20,19,15,23,23,0.2,81,9,1016,72.75,26,18,20,143,119,116,0,4,9.7,météo défavorable
2015-11-04,20,18,27,17,20,18,0.6,87,9,1019,95.125,20,16,18,122,122,266,0,5,8.5,météo défavorable
2015-11-05,22,14,17,13,16,21,2.5,93,8.75,1020,43.25,24,15,13,293,176,113,0,4,13.7,météo favorable
2015-11-06,25,20,11,12,23,24,0,69,9,1023,2.125,25,14,20,143,113,113,0,4,13.7,météo idéale
2015-11-07,27,20,15,12,25,25,0,58,10,1020,3.625,26,13,20,113,113,113,0,4,13.7,météo idéale
2015-11-08,29,21,10,13,26,27,0,71,9.875,1015,16.25,29,18,21,113,113,116,0,5,13.7,météo idéale
2015-11-09,33,26,13,16,31,31,0,51,10,1011,9.125,33,19,26,113,113,113,0,5,13.7,météo idéale
2015-11-10,29,24,16,22,28,28,8.8,90,9.375,1014,43,32,22,24,305,113,113,0,5,13.3,météo correcte
2015-11-11,31,24,18,19,29,29,0,74,10,1015,19.875,32,20,24,116,113,113,0,6,13.8,météo idéale
2015-11-12,31,25,22,20,26,28,5.8,83,8.375,1011,34.25,35,25,25,113,176,356,0,6,13.3,météo favorable
2015-11-13,25,19,27,17,20,23,8.2,81,9.125,1010,35.75,26,23,19,116,116,113,0,5,13.3,météo correcte
2015-11-14,27,20,15,13,25,25,0,63,10,1015,0,27,17,20,113,113,113,0,5,13.8,météo idéale
2015-11-15,29,23,20,15,27,27,0,60,10,1014,0.875,29,16,23,113,113,113,0,5,13.8,météo idéale
2015-11-16,28,21,16,17,24,28,1.3,71,9.75,1010,12.375,31,21,21,113,176,176,0,5,13.8,météo favorable
2015-11-17,28,22,9,19,24,28,4.8,86,9.5,1006,51.75,31,21,22,356,119,113,0,5,11,météo correcte
2015-11-18,29,20,13,18,22,27,0,82,8.75,1008,49.125,30,20,20,119,116,113,0,6,12.2,météo favorable
2015-11-19,25,18,17,19,18,20,3.5,95,9.625,1007,38.375,26,17,18,113,119,356,0,5,12.2,météo correcte
2015-11-20,21,17,24,12,20,21,1.2,69,10,1015,38.125,24,13,17,113,113,113,0,3,13.9,météo favorable
2015-11-21,24,18,17,9,23,23,0,54,10,1015,0.25,25,14,18,113,113,113,0,4,13.9,météo idéale
2015-11-22,28,22,17,13,26,26,0,56,10,1014,0,27,15,22,113,113,113,0,4,13.9,météo idéale
2015-11-23,28,21,21,14,27,26,0,58,10,1014,5.75,27,15,21,113,113,113,0,5,13.9,météo idéale
2015-11-24,27,19,22,13,24,26,0,59,10,1011,6.375,26,14,19,113,113,113,0,5,14,météo idéale
2015-11-25,28,21,17,14,26,27,0,67,10,1012,2.75,29,17,21,113,113,113,0,5,14,météo idéale
2015-11-26,31,23,15,16,29,30,0.3,73,9.875,1012,10.875,33,20,23,113,176,113,0,5,14,météo favorable
2015-11-27,26,24,20,22,24,26,43.9,96,6.625,1007,74.25,29,23,24,308,308,353,0,5,8.7,météo très défavorable
2015-11-28,26,20,20,15,24,25,0.1,72,10,1014,8.25,26,18,20,113,113,113,0,5,14,météo idéale
2015-11-29,26,21,19,13,25,25,0,49,10,1019,2.625,26,13,21,113,113,113,0,5,14,météo idéale
2015-11-30,28,23,11,13,27,27,0,47,10,1020,5.25,27,15,23,113,113,113,0,5,14,météo idéale
2015-12-01,28,22,19,16,28,25,0.2,63,9.875,1016,25,27,17,22,113,116,176,0,5,14,météo favorable
2015-12-02,29,23,22,17,27,28,0.1,78,10,1016,31.625,29,19,23,113,113,113,0,5,14,météo favorable
2015-12-03,23,22,18,18,23,22,0,77,10,1014,65.75,25,18,22,116,119,119,0,6,9.9,météo défavorable
2015-12-04,32,25,17,19,30,31,0.2,74,9.875,1011,15.5,32,20,25,176,113,113,0,5,14.1,météo idéale
2015-12-05,28,23,24,17,27,27,0,63,9,1015,10.875,27,17,23,143,113,113,0,6,14.1,météo idéale
2015-12-06,25,19,15,14,24,24,0,65,10,1018,10.125,25,13,19,113,113,113,0,5,14.1,météo idéale
2015-12-07,27,20,9,11,25,26,0,46,10,1016,1.125,26,10,20,113,113,113,0,4,14.1,météo idéale
2015-12-08,31,23,15,15,29,31,0,56,10,1012,1.75,30,14,23,113,113,113,0,5,14.1,météo idéale
2015-12-09,25,20,25,19,21,25,0.7,78,9.875,1012,27.375,26,17,20,116,176,113,0,6,13.4,météo favorable
2015-12-10,32,25,6,16,31,31,0,59,10,1012,2,31,17,25,113,113,113,0,5,14.1,météo idéale
2015-12-11,33,26,14,18,31,32,0,50,10,1011,6.25,32,15,26,113,113,113,0,6,14.1,météo idéale
2015-12-12,36,28,16,20,33,36,0,60,10,1008,6.25,39,22,28,113,113,113,0,6,14.1,météo favorable
2015-12-13,33,28,18,24,33,33,6.7,75,9.25,1005,28.25,37,23,28,113,113,200,0,6,14.1,météo favorable
2015-12-14,34,26,16,22,33,26,1.1,78,9.875,1007,20.375,36,22,26,113,113,386,0,6,14.1,météo favorable
2015-12-15,31,24,23,19,29,30,0.3,69,9.875,1015,6.5,31,20,24,113,113,113,0,5,14.1,météo idéale
2015-12-16,32,25,23,18,30,31,0,40,10,1017,13.375,31,12,25,113,113,113,0,6,14.1,météo idéale
2015-12-17,27,24,25,21,27,24,30.8,91,7.5,1009,53.5,31,24,24,176,359,356,0,5,13.4,météo très défavorable
2015-12-18,30,24,13,18,29,29,0.9,65,10,1012,50.875,31,17,24,176,176,176,0,5,11.1,météo favorable
2015-12-19,30,25,12,19,29,28,5.5,69,8.875,1011,53.625,32,18,25,176,305,356,0,5,11.1,météo correcte
2015-12-20,31,25,11,20,29,29,3.8,72,8.75,1009,54,32,19,25,356,299,299,0,5,11.1,météo correcte
2015-12-21,30,23,16,20,29,30,1.3,76,9.625,1012,32.625,34,23,23,176,176,113,0,5,14.1,météo favorable
2015-12-22,32,25,25,23,32,25,45.6,95,9.125,1008,50.5,38,25,25,116,200,305,0,6,12.2,météo très défavorable
2015-12-23,28,23,12,22,24,27,2.8,90,10,1011,46.5,30,23,23,353,116,113,0,5,12.2,météo favorable
2015-12-24,29,24,19,21,27,29,0,71,10,1015,18.375,31,20,24,113,113,113,0,6,14.1,météo idéale
2015-12-25,30,24,13,19,28,30,0,76,9,1017,8.875,32,20,24,143,113,113,0,6,14.1,météo idéale
2015-12-26,30,25,14,19,29,30,0,72,10,1015,8.875,31,20,25,113,113,113,0,6,14.1,météo idéale
2015-12-27,32,27,9,21,31,32,0.2,78,8.875,1009,23.375,35,23,27,143,176,113,0,6,13.4,météo favorable
2015-12-28,32,25,9,20,30,31,0.8,68,9.625,1012,39.25,34,18,25,299,176,176,0,6,11.1,météo favorable
2015-12-29,27,25,10,26,25,26,14,94,8.25,1009,62.125,31,25,25,113,308,296,0,6,11.1,météo défavorable
2015-12-30,30,24,24,23,24,29,0,91,6.25,1006,56.625,33,24,25,248,116,113,0,5,12.3,météo correcte
2015-12-31,29,25,15,20,29,29,0,78,7.75,1010,35.375,31,21,25,248,113,113,0,6,12.3,météo favorable
2016-01-01,30,25,18,21,29,29,0.6,75,10,1011,35,33,21,26,113,353,116,0,5,14.5,météo correcte
2016-01-02,31,26,16,21,30,31,0.1,71,10,1013,22.25,33,20,26,113,116,113,0,6,14.5,météo favorable
2016-01-03,34,26,17,22,32,33,0.1,72,10,1012,20.5,38,22,26,113,113,116,0,6,14.5,météo favorable
2016-01-04,32,25,10,19,30,31,1.6,63,9.125,1013,47.625,33,22,25,299,299,176,0,7,11.2,météo correcte
2016-01-05,32,27,25,23,31,32,0.6,73,8.375,1010,29.25,35,22,27,176,116,113,0,5,14.5,météo favorable
2016-01-06,29,24,25,22,24,29,0.1,80,10,1014,44.25,30,21,24,119,119,113,0,6,11.2,météo correcte
2016-01-07,29,22,21,16,27,29,0,72,10,1015,0.5,28,17,22,113,113,113,0,6,14.5,météo idéale
2016-01-08,30,21,12,18,27,30,0,75,10,1013,15.25,31,18,21,116,113,113,0,6,14.5,météo idéale
2016-01-09,32,26,22,19,31,32,0,58,10,1014,5,33,17,26,113,113,113,0,6,14.4,météo idéale
2016-01-10,32,26,17,21,31,31,0,67,10,1012,15.875,35,21,26,113,113,113,0,6,13.4,météo favorable
2016-01-11,34,27,17,21,32,30,0,70,10,1010,2.75,36,21,27,113,113,113,0,6,14.4,météo favorable
2016-01-12,35,29,13,23,35,35,0,63,10,1008,2.125,37,22,29,113,113,113,0,6,14,météo favorable
2016-01-13,33,27,24,23,32,32,0,48,10,1013,7.625,33,16,27,113,113,113,0,7,14,météo idéale
2016-01-14,33,25,17,19,31,33,0,47,10,1014,1,31,13,25,113,113,113,0,6,11.6,météo idéale
2016-01-15,34,27,17,19,33,33,0,46,10,1012,1.375,33,14,27,113,113,113,0,6,11.6,météo idéale
2016-01-16,35,27,13,20,33,35,0,51,10,1014,0.875,34,16,27,113,113,113,0,6,11.6,météo idéale
2016-01-17,37,28,15,21,35,37,0,48,10,1013,1.875,36,16,28,113,113,113,0,6,11.6,météo favorable
2016-01-18,36,31,17,22,35,35,0,33,10,1014,3.25,36,16,31,113,113,113,0,6,11.6,météo favorable
2016-01-19,35,27,15,22,34,35,0,66,10,1015,5.25,37,20,27,113,113,113,0,7,11.6,météo favorable
2016-01-20,37,28,18,23,35,36,0,62,10,1015,8.625,39,20,28,113,113,113,0,7,11.6,météo favorable
2016-01-21,36,29,14,24,34,36,0,48,10,1016,13.5,38,17,29,113,113,113,0,7,11.6,météo favorable
2016-01-22,37,28,20,24,35,37,0,51,10,1014,3.75,37,17,28,113,113,113,0,7,11.6,météo favorable
2016-01-23,40,31,11,24,38,39,0,45,10,1012,7.625,41,18,31,113,113,116,0,7,11.6,météo correcte
2016-01-24,39,32,30,25,37,38,0,43,10,1009,4.75,40,18,32,113,113,113,0,7,11.6,météo correcte
2016-01-25,33,22,19,24,25,33,1.2,73,10,1009,32.25,32,17,22,113,353,113,0,7,9.2,météo correcte
2016-01-26,32,24,12,22,30,32,0.7,46,9.875,1012,17.75,30,14,24,176,113,113,0,6,11.6,météo idéale
2016-01-27,31,23,19,18,28,31,0,54,10,1016,3.625,30,13,23,113,113,113,0,6,11.6,météo idéale
2016-01-28,34,25,18,19,31,33,0,55,10,1014,6.375,33,16,25,113,113,113,0,6,11.6,météo idéale
2016-01-29,33,29,11,23,31,33,3.8,65,9.625,1011,36.25,36,22,30,116,356,116,0,6,10.4,météo correcte
2016-01-30,33,28,22,23,32,32,0.7,64,9.875,1013,25.5,35,21,28,113,176,116,0,7,11.6,météo favorable
2016-01-31,32,26,22,22,31,31,0,55,10,1016,24.375,31,16,26,116,113,113,0,7,10.4,météo idéale
2016-02-01,29,22,20,17,27,29,0,56,10,1020,1.375,28,13,22,113,113,113,0,6,11.6,météo idéale
2016-02-02,31,24,16,17,29,30,0,38,10,1019,4.625,29,12,24,113,113,113,0,5,11.6,météo idéale
2016-02-03,30,26,17,21,29,30,0,41,10,1014,30,30,15,26,113,116,113,0,6,11.6,météo favorable
2016-02-04,33,26,13,18,31,32,0,53,10,1012,3.875,32,16,26,113,113,113,0,6,11.6,météo idéale
2016-02-05,36,28,12,22,34,36,0,45,10,1014,7.25,35,16,29,113,113,113,0,6,11.6,météo favorable
2016-02-06,36,29,15,24,34,35,0,54,10,1017,23.125,37,18,29,113,116,113,0,7,11.6,météo favorable
2016-02-07,36,28,21,24,34,36,0,58,10,1015,25.125,39,20,28,113,116,116,0,7,11.6,météo favorable
2016-02-08,32,27,11,26,30,32,5.8,82,9.625,1010,36.125,36,24,27,116,356,116,0,7,10.4,météo correcte
2016-02-09,35,27,12,23,30,35,0.1,75,7.75,1012,39.75,37,24,27,248,116,113,0,7,10.4,météo favorable
2016-02-10,36,30,13,23,34,36,0,50,10,1015,2.625,36,18,30,113,113,113,0,7,11.6,météo favorable
2016-02-11,36,29,16,23,35,36,0,51,10,1014,8.125,36,18,29,113,113,113,0,7,11.6,météo favorable
2016-02-12,37,29,17,24,35,36,0,48,10,1010,21.5,41,21,29,113,113,116,0,7,11.6,météo correcte
2016-02-13,30,28,19,26,30,28,11.3,70,8.75,1008,26.5,35,24,28,176,359,176,0,7,11.6,météo correcte
2016-02-14,35,27,13,22,33,35,0,65,10,1011,7.25,36,21,27,113,113,113,0,6,11.6,météo favorable
2016-02-15,35,29,18,23,33,34,0.8,59,9.875,1011,13.125,39,23,29,113,386,200,0,6,11.6,météo correcte
2016-02-16,33,26,33,24,31,32,0.4,83,10,1008,19,38,23,26,116,386,113,0,7,11.6,météo correcte
2016-02-17,32,28,22,25,32,31,3.9,82,9.5,1010,29.25,37,24,28,356,113,113,0,7,10.3,météo favorable
2016-02-18,35,27,16,21,32,34,0,60,10,1014,7.75,35,21,27,113,113,113,0,6,11.6,météo favorable
2016-02-19,31,27,13,24,30,31,0.3,62,9.875,1011,20.125,35,22,27,113,176,113,0,7,11.6,météo favorable
2016-02-20,32,24,19,20,30,32,0,69,10,1014,7.25,33,18,24,113,113,113,0,6,11.6,météo idéale
2016-02-21,34,27,22,23,33,33,0,61,10,1013,6.5,36,19,27,113,113,113,0,7,11.6,météo favorable
2016-02-22,34,26,15,22,32,33,0,64,10,1012,26.5,35,19,26,116,113,113,0,7,11.6,météo favorable
2016-02-23,36,29,12,22,35,34,0,56,10,1012,3.25,36,19,29,113,113,113,0,6,11.6,météo favorable
2016-02-24,35,29,14,23,34,34,0,54,10,1009,7.375,35,20,29,113,113,113,0,7,11.6,météo favorable
2016-02-25,34,28,13,23,33,33,0,55,10,1008,4.75,37,19,28,113,113,113,0,7,11.6,météo favorable
2016-02-26,36,30,18,25,36,33,0.2,52,10,1005,22.625,38,21,30,113,113,386,0,7,11.6,météo favorable
2016-02-27,29,20,16,17,24,28,0,52,10,1012,34.25,28,21,20,119,119,113,0,6,10.3,météo correcte
2016-02-28,31,24,10,16,29,31,0,37,10,1017,1.125,29,9,24,113,113,113,0,5,11.6,météo idéale
2016-02-29,34,26,18,19,32,34,0,42,10,1018,6.75,33,12,26,113,113,113,0,6,11.6,météo idéale
2016-03-01,34,25,25,20,31,30,0,39,10,1017,17.625,33,14,25,113,116,116,0,6,11.6,météo favorable
2016-03-02,29,22,23,20,24,25,2.3,74,9.875,1017,30.25,30,19,22,116,116,176,0,6,11.6,météo favorable
2016-03-03,29,21,19,16,27,28,0,79,8,1016,12.375,29,17,21,143,113,113,0,5,11.6,météo idéale
2016-03-04,29,22,12,17,27,29,0,69,10,1015,11.875,28,16,22,113,113,113,0,5,11.6,météo idéale
2016-03-05,28,24,18,18,28,27,0.5,51,9.875,1015,31.125,28,15,24,113,176,113,0,5,11.6,météo favorable
2016-03-06,27,20,15,14,25,26,0,63,10,1016,0.25,26,13,20,113,113,113,0,5,11.6,météo idéale
2016-03-07,28,21,10,13,26,27,0,40,10,1018,19.375,26,8,21,113,116,116,0,5,11.6,météo favorable
2016-03-08,31,22,10,15,28,30,0,49,10,1017,9.625,29,11,22,113,113,113,0,5,11.6,météo idéale
2016-03-09,29,24,19,20,28,27,0.1,45,10,1014,52,28,15,24,116,116,116,0,6,11.6,météo favorable
2016-03-10,25,20,26,18,23,23,0.5,74,8.875,1018,70.625,26,16,20,119,119,176,0,5,7.6,météo défavorable
2016-03-11,26,18,22,15,24,25,0,81,10,1017,53.875,26,15,18,119,116,116,0,5,10.3,météo favorable
2016-03-12,27,19,18,14,25,26,0,65,10,1021,5.75,26,13,19,113,113,113,0,5,11.6,météo idéale
2016-03-13,28,20,15,14,26,27,0,60,10,1023,19.75,27,12,20,113,113,116,0,5,11.6,météo idéale
2016-03-14,31,22,13,17,29,30,0,62,10,1021,7.125,30,14,22,113,113,113,0,5,11.6,météo idéale
2016-03-15,34,25,17,20,32,33,0,60,10,1019,10.125,34,17,25,113,113,113,0,6,11.6,météo idéale
2016-03-16,34,26,14,21,33,33,0,56,10,1019,10.125,34,17,26,113,113,113,0,6,11.6,météo idéale
2016-03-17,37,27,20,22,35,36,0,55,10,1016,7.25,37,18,27,113,113,113,0,6,11.6,météo favorable
2016-03-18,32,23,24,26,32,23,11.4,93,9.375,1018,32.375,35,22,23,113,386,308,0,7,10.3,météo correcte
2016-03-19,20,18,26,18,19,18,1.4,80,10,1022,59.25,20,18,18,119,116,353,0,6,10.3,météo correcte
2016-03-20,17,15,22,15,16,17,6.7,94,9.625,1021,100,17,16,15,296,296,296,0,4,6.2,météo défavorable
2016-03-21,23,18,16,17,19,22,0.7,92,9,1017,96.5,25,17,18,122,122,122,0,4,6.2,météo défavorable
2016-03-22,25,19,13,15,24,24,0,75,9,1018,19.25,26,16,19,143,113,113,0,5,10.3,météo idéale
2016-03-23,27,21,11,15,26,26,0,68,10,1017,17.5,27,15,21,116,116,113,0,5,11.6,météo favorable
2016-03-24,26,22,18,16,26,24,0,60,10,1017,40.875,27,15,22,113,116,116,0,5,10.2,météo favorable
2016-03-25,24,20,31,18,24,22,0,72,10,1019,60.875,25,15,20,113,116,119,0,6,7.4,météo correcte
2016-03-26,19,17,36,17,19,17,3.1,92,8.25,1020,88.125,19,16,17,266,263,296,0,4,7.2,météo défavorable
2016-03-27,24,18,22,17,20,23,1.1,94,8.875,1015,80,26,17,18,266,119,116,0,4,5.8,météo défavorable
2016-03-28,28,20,18,15,26,25,0,71,10,1017,4,27,15,20,113,113,113,0,5,11.5,météo idéale
2016-03-29,28,22,6,14,28,26,0,52,10,1020,0.875,28,14,22,113,113,113,0,5,11.5,météo idéale
2016-03-30,29,21,10,16,27,27,0,58,10,1020,2.625,28,15,21,113,113,113,0,5,11.5,météo idéale
2016-03-31,32,22,14,17,29,29,0,63,10,1018,20.625,31,16,22,113,119,113,0,5,8.7,météo correcte
2016-04-01,34,24,19,20,31,32,0,58,9.875,1016,16.875,37,21,24,113,113,200,0,6,11.4,météo favorable
2016-04-02,31,22,15,22,25,29,2.8,90,9.75,1011,35.375,34,23,22,176,353,176,0,6,11.4,météo correcte
2016-04-03,27,21,17,18,27,24,3.2,84,6.625,1016,31.75,28,21,21,143,113,356,0,5,11.4,météo favorable
2016-04-04,26,20,21,18,24,25,5.1,93,9.625,1017,65.375,28,23,20,116,356,353,0,5,8.6,météo défavorable
2016-04-05,27,22,12,21,24,26,10.5,95,6.875,1015,64.125,30,23,22,293,356,116,0,5,10.1,météo correcte
2016-04-06,27,25,19,23,26,25,2,91,9.375,1012,68.5,30,23,25,116,263,119,0,5,5.7,météo défavorable
2016-04-07,26,20,19,17,26,26,0.8,82,9.75,1013,42,29,22,20,113,176,176,0,5,11.3,météo favorable
2016-04-08,28,22,14,20,27,28,5.4,91,9.375,1011,41.5,33,25,22,356,116,200,0,6,11.3,météo favorable
2016-04-09,26,22,18,21,26,23,7,93,8.375,1014,80.375,28,22,22,356,119,353,0,5,5.6,météo défavorable
2016-04-10,20,18,22,18,20,20,3.2,95,9.875,1017,99.375,21,19,18,122,122,296,0,4,5.6,météo défavorable
2016-04-11,19,18,26,19,19,18,3.4,97,8,1019,100,19,19,18,353,266,122,0,4,5.6,météo défavorable
2016-04-12,24,19,23,19,23,21,0.5,93,8,1020,90.375,26,19,19,122,119,122,0,4,5.6,météo défavorable
2016-04-13,23,16,12,12,21,19,0.1,69,9.375,1017,19.5,23,13,15,113,113,176,0,4,10.1,météo favorable
2016-04-14,21,16,13,13,20,18,1.9,80,8.875,1020,53.625,22,12,15,176,176,305,0,3,8.6,météo favorable
2016-04-15,22,15,11,12,20,19,0.1,77,9.5,1020,46.625,23,14,15,176,176,113,0,3,10.1,météo favorable
2016-04-16,24,16,13,13,22,20,0,79,9.375,1020,29.125,25,14,16,113,176,113,0,3,10.1,météo favorable
2016-04-17,25,18,11,14,23,21,1.4,80,9.375,1017,39.5,26,16,18,299,176,176,0,5,8.6,météo favorable
2016-04-18,26,18,11,14,24,21,0.1,76,9.125,1018,53.75,27,16,18,176,176,176,0,4,8.6,météo favorable
2016-04-19,24,19,9,15,23,22,1.5,79,8.75,1016,56.75,26,17,19,176,176,176,0,4,8.6,météo correcte
2016-04-20,24,18,10,15,22,21,5,85,8.25,1016,51,25,16,18,305,356,299,0,4,8.6,météo correcte
2016-04-21,23,18,22,18,20,20,14.3,94,8.75,1017,48.25,25,19,18,302,116,113,0,4,10.1,météo défavorable
2016-04-22,23,14,19,12,20,20,0,79,10,1019,7.375,25,16,13,113,113,113,0,4,11.1,météo favorable
2016-04-23,24,20,15,19,24,22,0.2,92,10,1010,75.5,26,20,20,122,119,122,0,4,7,météo défavorable
2016-04-24,20,19,23,19,19,19,13.4,95,7.25,1007,80.875,20,19,19,356,356,353,0,4,5.5,météo défavorable
2016-04-25,19,13,37,15,14,13,3,94,6.875,1015,100,19,18,10,266,296,266,0,4,5.5,météo défavorable
2016-04-26,14,9,26,8,13,11,3.9,80,8.625,1022,68.875,14,9,5,266,113,116,0,3,8.5,météo défavorable
2016-04-27,13,8,21,5,11,10,0,74,10,1024,32.625,13,6,5,113,113,116,0,2,10.1,météo correcte
2016-04-28,15,9,5,4,13,10,0,77,10,1025,20.125,15,5,8,113,113,116,0,3,11,météo correcte
2016-04-29,16,11,13,5,15,12,0,75,10,1025,39.75,16,8,11,116,116,113,0,3,10.9,météo correcte
2016-04-30,15,9,12,6,13,10,0,72,10,1026,5.625,15,6,7,113,113,113,0,3,10.9,météo correcte
2016-05-01,17,10,16,5,16,12,0,74,10,1023,20.5,17,8,7,113,113,113,0,3,10.9,météo correcte
2016-05-02,19,13,8,8,18,16,0,75,10,1022,60.75,19,11,13,113,116,119,0,2,8.5,météo correcte
2016-05-03,18,13,15,10,18,15,0,80,10,1024,45.125,18,12,12,113,113,119,0,3,8.5,météo favorable
2016-05-04,19,12,8,8,18,15,0,82,10,1023,8.5,19,11,12,113,113,113,0,3,10.9,météo favorable
2016-05-05,18,14,15,10,18,16,0,74,10,1022,41.25,18,10,13,113,116,119,0,4,8.5,météo favorable
2016-05-06,20,13,17,9,18,17,0,80,10,1021,8.625,20,13,11,113,113,113,0,4,10.8,météo favorable
2016-05-07,20,13,14,10,18,17,0,83,10,1022,49.375,20,13,11,116,116,119,0,4,8.5,météo favorable
2016-05-08,16,15,13,14,16,16,1,97,5,1020,84.125,17,16,14,143,266,266,0,5,5.4,météo défavorable
2016-05-09,21,16,15,15,20,18,0.2,96,5.5,1017,92.125,21,17,16,248,122,119,0,3,5.4,météo défavorable
2016-05-10,19,16,18,15,18,17,0.4,93,6.75,1021,79,19,16,16,248,266,116,0,4,6.9,météo défavorable
2016-05-11,16,13,19,13,14,15,0.1,94,10,1024,79.5,16,13,12,122,122,119,0,4,5.4,météo défavorable
2016-05-12,17,10,13,8,15,13,0,87,10,1027,22.125,17,11,9,116,113,113,0,3,10.8,météo correcte
2016-05-13,17,10,12,6,15,13,0,85,9,1027,15.625,17,10,8,143,113,113,0,3,10.7,météo correcte
2016-05-14,20,12,13,9,17,15,0,93,7.75,1023,27,20,14,10,248,113,113,0,3,10.7,météo favorable
2016-05-15,17,14,21,16,17,14,7.4,95,8.375,1016,92.5,17,15,13,356,122,122,0,4,5.4,météo défavorable
2016-05-16,14,11,17,9,14,12,0.1,91,9,1022,67.375,14,10,9,119,119,119,0,3,6.9,météo défavorable
2016-05-17,14,7,11,4,12,11,0,81,10,1023,37.625,14,6,6,113,113,119,0,3,8.5,météo correcte
2016-05-18,12,9,9,8,9,9,0.3,85,9.75,1024,42.75,12,10,8,116,116,116,0,3,10.7,météo défavorable
2016-05-19,20,15,11,14,18,17,0.9,90,6.625,1017,65.875,21,14,14,176,176,176,0,3,6.9,météo défavorable
2016-05-20,21,15,12,13,19,18,0.5,91,7.625,1017,60.75,22,15,14,176,176,176,0,3,8.5,météo correcte
2016-05-21,22,16,11,14,20,18,1.1,90,8.375,1016,60.5,23,16,16,176,299,176,0,4,8.5,météo correcte
2016-05-22,14,9,16,7,14,11,0,90,8,1026,26.375,14,8,8,143,116,116,0,3,10.6,météo correcte
2016-05-23,15,9,7,3,14,9,0,87,10,1029,3.5,15,8,8,113,113,113,0,3,10.6,météo correcte
2016-05-24,17,8,13,5,15,13,0,86,10,1029,25.5,17,10,7,113,119,113,0,3,5.5,météo correcte
2016-05-25,20,13,13,9,18,16,0,83,10,1024,39.875,20,13,11,113,113,116,0,4,8.7,météo favorable
2016-05-26,16,15,11,15,15,15,0,89,10,1022,94.625,16,14,14,122,122,122,0,4,3.8,météo défavorable
2016-05-27,17,14,14,15,16,14,0,89,10,1024,95.5,17,13,14,122,122,119,0,3,3.8,météo défavorable
2016-05-28,18,15,11,15,16,15,0.3,96,7.75,1024,95,18,15,15,122,122,266,0,3,3.8,météo défavorable
2016-05-29,20,16,7,14,19,16,0,96,3.25,1020,95,20,17,16,248,122,143,0,3,3.8,météo défavorable
2016-05-30,16,14,16,15,15,14,0.7,96,6,1012,89.125,16,15,13,266,122,119,0,4,3.8,météo défavorable
2016-05-31,15,11,12,9,14,12,0.8,88,8.875,1020,56.875,15,10,10,176,176,176,0,3,8.7,météo correcte
2016-06-01,14,9,13,10,14,11,0,87,9,1020,65.625,14,8,8,116,119,119,0,4,5.4,météo défavorable
2016-06-02,16,9,25,8,15,12,0,87,7.5,1017,26.875,16,7,7,143,113,116,0,2,8.7,météo correcte
2016-06-03,15,8,6,5,13,12,0,90,7.5,1017,54.75,15,8,7,248,113,116,0,3,7.1,météo correcte
2016-06-04,13,8,13,6,13,9,0,88,9,1018,54.125,13,8,7,116,119,116,0,3,5.4,météo correcte
2016-06-05,11,7,10,5,9,8,0,94,4.25,1020,80.75,11,7,5,248,119,116,0,2,3.8,météo défavorable
2016-06-06,14,7,10,3,12,9,0,92,6.75,1020,32.5,14,7,6,248,113,113,0,2,8.7,météo correcte
2016-06-07,17,8,20,6,14,12,0,84,10,1021,2.5,17,8,6,113,113,113,0,3,8.7,météo correcte
2016-06-08,14,6,15,4,12,7,0,72,10,1026,0.5,14,3,4,113,113,113,0,3,8.7,météo correcte
2016-06-09,16,7,12,4,14,10,0,83,10,1025,8.375,16,7,5,113,116,113,0,2,8.7,météo correcte
2016-06-10,9,7,12,9,8,7,0,82,10,1030,38,9,7,4,116,116,116,0,3,8.7,météo défavorable
2016-06-11,12,3,12,1,10,6,0,65,10,1030,11.375,12,0,0,113,113,113,0,2,8.7,météo très défavorable
2016-06-12,14,6,6,0,12,6,0,72,10,1031,0,14,1,5,113,113,113,0,2,8.7,météo correcte
2016-06-13,14,6,14,3,13,10,0,69,10,1028,29.125,14,5,3,113,119,116,0,2,7.1,météo correcte
2016-06-14,19,10,8,6,16,12,0,84,10,1025,26.375,19,10,9,113,113,113,0,3,8.7,météo favorable
2016-06-15,10,7,6,7,7,8,0.1,90,9.875,1024,34.375,10,8,7,116,116,116,0,3,8.7,météo défavorable
2016-06-16,17,12,14,10,16,14,1.2,87,9,1019,60.625,18,11,10,176,176,176,0,3,7.1,météo correcte
2016-06-17,17,8,7,5,14,8,0,84,10,1025,4.75,17,7,8,113,113,113,0,3,8.7,météo correcte
2016-06-18,17,8,4,5,15,8,0,83,10,1026,6.25,17,7,8,113,116,113,0,3,8.7,météo correcte
2016-06-19,17,10,9,6,15,11,0,86,10,1028,13.875,17,9,9,113,113,113,0,3,8.7,météo correcte
2016-06-20,13,7,14,5,12,9,0,89,8,1029,27.5,13,6,4,143,113,113,0,2,8.7,météo correcte
2016-06-21,14,5,16,3,12,11,0,86,9,1029,16.125,14,8,3,113,113,116,0,3,8.7,météo correcte
2016-06-22,17,8,7,5,15,11,0,90,7,1026,18,17,11,7,143,113,116,0,2,8.7,météo correcte
2016-06-23,18,12,8,6,17,12,0,88,10,1023,28.375,18,11,11,113,113,116,0,3,8.7,météo favorable
2016-06-24,19,11,12,8,16,14,0,92,7,1021,35.125,19,13,9,143,119,113,0,2,5.4,météo correcte
2016-06-25,13,12,22,13,12,13,11.2,96,9,1022,83.625,13,13,10,119,308,302,0,4,3.8,météo défavorable
2016-06-26,17,16,26,14,17,17,12.7,98,5.75,1021,100,17,17,16,266,302,308,0,3,3.8,météo défavorable
2016-06-27,15,11,10,11,11,11,13.3,96,5.75,1025,71.125,15,15,9,308,293,116,0,4,5.4,météo défavorable
2016-06-28,13,9,11,6,12,11,0,86,8,1025,40.75,13,9,8,113,113,119,0,2,7.1,météo correcte
2016-06-29,17,13,7,12,15,16,0.6,98,3.25,1022,95.25,17,16,14,266,122,248,0,2,5.2,météo défavorable
2016-06-30,21,17,7,17,18,18,1.6,98,5.25,1021,77.75,21,19,17,353,353,119,0,4,5.2,météo défavorable
2016-07-01,22,17,6,16,18,19,0,98,2,1020,68.5,24,20,17,248,248,143,0,4,8.4,météo défavorable
2016-07-02,24,18,12,18,20,20,3.7,99,4.5,1019,74.625,26,21,18,296,356,116,0,4,10,météo défavorable
2016-07-03,25,19,13,18,23,21,1.9,97,4.375,1016,52.875,28,22,19,248,386,200,0,4,10,météo correcte
2016-07-04,19,16,12,17,19,16,9.5,99,3.25,1015,91.75,19,18,16,353,143,302,0,4,5.3,météo défavorable
2016-07-05,14,11,16,13,13,11,4.9,97,5.125,1015,99.875,15,14,9,296,296,266,0,3,5.3,météo défavorable
2016-07-06,14,9,19,10,12,11,0.6,94,9,1018,50.125,14,10,7,122,113,113,0,2,10,météo correcte
2016-07-07,17,8,10,6,14,10,0,89,10,1022,0,17,10,7,113,113,113,0,3,10.5,météo correcte
2016-07-08,17,11,11,8,16,13,0,91,10,1023,41,17,13,10,116,119,119,0,3,5.3,météo correcte
2016-07-09,14,12,16,12,14,13,5.3,98,6.25,1019,76,15,13,11,302,296,143,0,4,5.3,météo défavorable
2016-07-10,17,11,10,8,15,14,0,95,5.25,1015,66.75,17,13,10,248,116,116,0,3,10.5,météo défavorable
2016-07-11,17,14,10,12,15,15,2,98,3,1012,90.875,17,16,14,248,353,143,0,3,5.3,météo défavorable
2016-07-12,15,11,16,11,11,11,0,95,6.25,1019,56.125,15,13,9,248,116,113,0,3,10,météo correcte
2016-07-13,15,9,13,6,14,13,0,86,10,1017,19.125,15,10,7,113,113,113,0,3,10,météo correcte
2016-07-14,14,12,12,11,13,12,0.1,91,8.75,1012,76,14,12,11,116,122,116,0,3,6.9,météo défavorable
2016-07-15,14,10,18,8,12,13,0.1,94,7.5,1018,89,14,11,8,119,122,119,0,2,5.3,météo défavorable
2016-07-16,9,6,24,5,9,8,0,81,10,1026,30.75,9,7,2,113,116,119,0,3,8.4,météo défavorable
2016-07-17,10,4,13,2,9,8,0.3,81,9.875,1028,9.25,10,6,1,113,113,113,0,2,10.6,météo très défavorable
2016-07-18,15,10,12,8,13,12,1.6,86,8.375,1022,58.625,15,10,9,299,176,176,0,2,10,météo correcte
2016-07-19,14,10,13,9,13,12,0.9,86,8.125,1020,55.5,14,9,8,176,176,176,0,3,8.5,météo correcte
2016-07-20,14,8,16,7,12,11,1.3,83,8.625,1019,56.625,14,8,6,176,176,176,0,2,8.5,météo correcte
2016-07-21,15,9,14,8,13,12,3.7,87,8.625,1017,57.75,15,9,7,176,299,356,0,2,8.5,météo correcte
2016-07-22,13,8,13,6,12,10,3.3,84,8.5,1020,68.375,13,8,7,176,299,176,0,2,5.3,météo défavorable
2016-07-23,14,8,13,6,12,11,0.1,82,8.875,1022,48.125,14,7,6,176,176,116,0,2,10,météo correcte
2016-07-24,15,8,14,7,13,11,0.2,81,9.5,1023,54.75,15,8,6,176,176,176,0,2,8.5,météo correcte
2016-07-25,16,9,14,7,14,12,0.8,86,9.5,1023,38.75,16,9,7,176,116,113,0,2,10.7,météo correcte
2016-07-26,16,9,12,7,14,12,0.8,83,9.125,1023,45.375,16,9,7,176,176,116,0,2,10,météo correcte
2016-07-27,17,10,11,8,15,13,0.1,85,9.5,1022,47.5,18,10,8,176,176,176,0,3,8.5,météo correcte
2016-07-28,14,6,13,4,11,10,0,87,7,1028,12.75,14,8,4,143,113,113,0,2,10.7,météo correcte
2016-07-29,17,7,13,4,13,13,0,87,10,1025,9,17,11,5,113,113,113,0,3,10.7,météo correcte
2016-07-30,19,14,8,11,17,17,0,94,8,1019,36.875,19,17,14,113,113,119,0,4,10,météo favorable
2016-07-31,20,18,13,18,19,19,2.6,93,8.625,1014,52.375,20,18,18,116,119,116,0,4,8.5,météo correcte
2016-08-01,17,11,20,12,12,11,0.1,88,10,1026,73,17,17,9,119,122,116,0,4,6.9,météo défavorable
2016-08-02,16,8,15,6,13,12,0,91,6.5,1029,32.375,16,10,5,248,113,113,0,2,10.8,météo correcte
2016-08-03,18,9,14,6,15,15,0,90,9,1025,14.5,18,13,7,143,113,113,0,3,10.8,météo favorable
2016-08-04,24,15,6,11,21,18,0,91,7,1018,23,25,16,15,143,113,113,0,3,10.8,météo idéale
2016-08-05,20,18,9,17,19,18,0,95,8,1014,60.375,20,18,18,116,119,143,0,5,7,météo correcte
2016-08-06,18,13,20,14,16,16,3.6,89,10,1020,59.375,18,17,11,353,116,113,0,4,10.1,météo correcte
2016-08-07,18,12,7,9,17,14,0,73,10,1022,0.125,19,8,11,113,113,113,0,3,10.9,météo favorable
2016-08-08,20,13,5,8,18,15,0,77,10,1021,18.75,20,11,13,113,116,113,0,3,10.9,météo favorable
2016-08-09,18,12,12,9,17,14,0,87,10,1025,2.5,18,11,10,113,113,113,0,4,10.9,météo favorable
2016-08-10,18,10,7,6,16,13,0,85,10,1027,0.75,18,8,9,113,113,113,0,3,10.9,météo favorable
2016-08-11,19,10,17,7,16,15,0,80,10,1025,40.5,19,12,8,113,119,119,0,3,8.5,météo correcte
2016-08-12,22,12,10,8,19,17,0,86,9,1022,17,24,13,10,143,113,113,0,2,10.9,météo favorable
2016-08-13,25,14,15,9,21,20,0,77,10,1016,17,26,14,12,113,113,113,0,3,11,météo favorable
2016-08-14,25,17,10,13,22,21,0,83,10,1014,8.5,26,17,17,113,113,113,0,4,11,météo idéale
2016-08-15,23,18,15,14,23,19,0,82,10,1012,30.375,25,17,18,113,113,116,0,5,11,météo favorable
2016-08-16,27,16,17,12,22,23,1.5,82,9.875,1012,18.625,29,20,16,113,113,386,0,4,11,météo idéale
2016-08-17,18,12,17,11,17,14,6.8,70,9.625,1019,4.75,19,16,10,113,113,113,0,4,11,météo favorable
2016-08-18,20,12,13,8,18,15,0,64,10,1022,2,20,9,11,113,113,113,0,3,11,météo favorable
2016-08-19,20,11,16,7,17,16,0,67,10,1019,5.375,20,10,10,113,113,113,0,3,11.1,météo favorable
2016-08-20,16,11,27,10,15,13,0,72,10,1027,36.625,16,8,9,116,116,113,0,4,10.1,météo correcte
2016-08-21,13,6,12,3,11,10,0,79,9,1032,3.375,14,4,3,143,113,113,0,3,11.1,météo correcte
2016-08-22,20,10,14,5,17,15,0,60,10,1028,0,20,7,8,113,113,113,0,3,11.1,météo favorable
2016-08-23,20,11,12,7,18,16,0,69,10,1024,0,20,11,10,113,113,113,0,3,11.1,météo favorable
2016-08-24,24,14,13,9,20,19,0,73,10,1020,16.5,25,14,13,113,113,116,0,4,11.1,météo favorable
2016-08-25,24,17,12,12,24,21,0,83,10,1017,1.125,25,16,17,113,113,113,0,4,11.2,météo idéale
2016-08-26,32,20,15,15,27,27,0,86,9,1013,7.125,34,22,20,143,113,113,0,5,11.2,météo idéale
2016-08-27,31,23,23,24,28,25,1,83,9.75,1010,38.375,33,20,23,113,176,116,0,6,11.2,météo favorable
2016-08-28,15,12,26,13,13,13,8.6,94,8.25,1019,99.375,15,14,10,302,266,122,0,4,5.6,météo défavorable
2016-08-29,13,13,24,12,13,13,2.9,95,8.625,1021,99.625,14,12,11,122,266,302,0,3,5.6,météo défavorable
2016-08-30,13,12,17,12,12,12,7.5,97,8.625,1018,86.375,13,12,10,296,296,296,0,3,5.6,météo défavorable
2016-08-31,14,14,8,8,14,14,0.8,92,7.125,1016,29.625,14,13,14,248,116,116,0,3,11.3,météo correcte
2016-09-01,13,10,24,12,11,10,1,96,8.875,1027,82.625,14,13,8,122,296,122,0,4,5.6,météo défavorable
2016-09-02,8,6,24,7,6,6,4.7,96,8.625,1031,97.375,8,7,2,302,266,119,0,2,5.7,météo très défavorable
2016-09-03,10,7,22,7,8,10,0.1,79,10,1032,94.625,10,7,4,119,122,122,0,2,5.7,météo défavorable
2016-09-04,11,7,19,6,10,10,4.3,97,6.625,1032,99.625,11,10,4,266,266,302,0,2,5.7,météo défavorable
2016-09-05,11,9,21,10,10,9,4,97,7.75,1026,99.625,11,11,6,296,266,266,0,3,5.7,météo défavorable
2016-09-06,10,6,28,6,8,10,2.1,92,8.75,1021,91.625,10,8,2,296,266,122,0,2,5.7,météo défavorable
2016-09-07,16,9,18,6,15,15,0,85,10,1021,45.625,16,12,7,113,119,116,0,3,5.7,météo correcte
2016-09-08,20,13,5,7,18,16,0,80,7,1022,3,20,11,13,143,113,113,0,2,11.6,météo favorable
2016-09-09,23,14,12,9,20,19,0,78,10,1021,10.5,25,16,13,113,113,113,0,4,11.6,météo favorable
2016-09-10,26,17,9,11,23,22,0,83,10,1022,28.125,27,18,17,116,113,113,0,3,11.6,météo idéale
2016-09-11,27,19,13,14,25,24,0,79,10,1019,2,29,20,19,113,113,113,0,5,11.6,météo idéale
2016-09-12,23,20,11,18,21,23,1.3,88,8.5,1010,33.125,25,21,20,200,176,386,0,5,11.6,météo favorable
2016-09-13,18,15,31,11,18,15,0.1,74,10,1013,11.25,18,18,13,113,113,113,0,5,11.6,météo favorable
2016-09-14,14,12,24,9,13,13,0,76,10,1020,31.125,14,9,9,113,119,113,0,4,7.4,météo correcte
2016-09-15,21,13,9,6,19,17,0,76,10,1021,42.25,21,11,14,119,122,113,0,3,8.8,météo correcte
2016-09-16,22,14,11,8,20,19,0,74,10,1020,8.875,24,13,14,116,113,113,0,3,11.6,météo favorable
2016-09-17,24,16,9,10,22,21,0,75,10,1014,4.625,26,16,16,113,113,113,0,4,11.6,météo idéale
2016-09-18,22,16,18,12,19,20,0,78,10,1023,11.25,25,16,16,113,113,113,0,4,11.6,météo favorable
2016-09-19,19,12,16,7,16,16,0,77,10,1026,0,19,12,10,113,113,113,0,4,11.6,météo favorable
2016-09-20,21,13,12,7,18,19,0,81,7,1026,6.125,24,13,12,143,113,113,0,2,11.6,météo favorable
2016-09-21,24,16,18,10,21,21,0,79,9,1022,0.375,25,15,16,143,113,113,0,4,11.6,météo idéale
2016-09-22,28,18,15,11,25,25,0,77,10,1017,2.125,29,17,18,113,113,113,0,4,11.6,météo idéale
2016-09-23,17,13,27,12,16,15,0,69,10,1027,5.25,18,13,10,113,113,113,0,5,11.6,météo correcte
2016-09-24,13,10,9,8,11,13,1.3,77,9.25,1028,49.125,13,8,9,263,293,116,0,3,10.2,météo correcte
2016-09-25,19,10,10,3,16,17,0,71,10,1026,1.125,19,11,9,113,113,113,0,3,11.6,météo favorable
2016-09-26,23,14,12,7,21,20,0,68,10,1021,1.625,25,13,13,113,113,113,0,3,11.6,météo favorable
2016-09-27,25,16,13,9,23,22,0,64,10,1019,0,26,14,16,113,113,113,0,4,11.6,météo idéale
2016-09-28,27,19,15,10,25,23,0,68,10,1019,0.875,27,17,19,113,113,113,0,4,11.6,météo idéale
2016-09-29,22,15,20,11,19,19,0,77,10,1023,6.5,24,13,13,113,113,113,0,5,11.6,météo favorable
2016-09-30,19,13,22,9,16,18,0,65,10,1020,25.25,20,11,11,113,116,116,0,4,11.6,météo favorable
2016-10-01,24,15,16,9,21,22,0,74,10,1023,11,25,15,14,113,113,113,0,4,11.6,météo idéale
2016-10-02,26,17,19,12,23,23,0,72,10,1021,14.125,27,16,17,113,113,116,0,5,11.6,météo idéale
2016-10-03,26,18,15,14,24,23,0,77,10,1019,24.625,26,17,18,116,113,113,0,5,11.6,météo idéale
2016-10-04,25,18,19,13,24,23,0,78,10,1017,19.25,26,16,18,116,113,119,0,5,10.2,météo idéale
2016-10-05,17,15,22,15,15,17,12.4,96,9.25,1014,64.625,17,15,14,353,308,293,0,5,7.5,météo correcte
2016-10-06,22,16,13,14,20,21,0,82,10,1016,54.375,25,15,16,119,116,113,0,3,10.2,météo favorable
2016-10-07,22,17,20,12,22,18,0,81,8,1015,36.125,25,15,17,143,113,113,0,4,8.9,météo favorable
2016-10-08,20,15,17,8,19,18,0,63,8,1019,0.625,20,10,13,113,113,113,0,3,11.6,météo favorable
2016-10-09,23,15,12,7,21,20,0,64,10,1022,0.25,24,13,15,113,113,113,0,3,11.6,météo favorable
2016-10-10,22,17,18,10,22,17,0,65,10,1022,25.125,24,11,17,113,113,116,0,4,10.3,météo favorable
2016-10-11,27,20,8,11,25,25,0,66,10,1016,14.25,28,18,20,113,113,113,0,4,11.6,météo idéale
2016-10-12,28,22,15,16,28,24,7.1,83,9.5,1010,22.75,30,21,22,386,113,356,0,5,11.6,météo favorable
2016-10-13,26,22,17,17,25,24,0.1,75,7,1013,16.125,28,19,22,143,113,113,0,4,11.6,météo idéale
2016-10-14,28,20,17,15,25,26,0,78,8,1016,14.875,29,21,20,143,113,116,0,4,11.6,météo idéale
2016-10-15,27,22,21,19,24,27,18.9,94,8.625,1011,39.5,30,23,22,356,359,116,0,6,10.3,météo très défavorable
2016-10-16,30,23,13,21,29,28,2.3,93,7.375,1006,48.375,34,24,23,353,113,113,0,5,11.6,météo favorable
2016-10-17,25,19,24,16,23,22,3.5,76,9.875,1012,30.875,26,20,19,386,113,353,0,6,11.6,météo favorable
2016-10-18,20,15,23,14,17,18,5.3,93,9.625,1012,95.625,20,17,13,296,296,353,0,4,6.5,météo défavorable
2016-10-19,19,17,18,18,18,17,4.4,97,9.875,1012,89.375,19,18,17,353,353,119,0,4,6.5,météo défavorable
2016-10-20,20,15,18,13,17,18,0.2,84,10,1019,67.25,20,14,13,122,116,116,0,3,10.3,météo défavorable
2016-10-21,21,15,12,10,20,19,0,80,6.5,1022,38.125,21,14,15,143,113,113,0,3,11.6,météo favorable
2016-10-22,24,18,15,11,22,23,0,72,10,1020,9.875,25,16,18,113,113,116,0,4,11.6,météo idéale
2016-10-23,27,19,9,13,25,25,0,73,10,1017,10.875,28,19,19,113,113,113,0,4,11.6,météo idéale
2016-10-24,23,21,19,16,23,22,2.5,91,7.25,1015,52,26,22,21,248,353,176,0,5,10.3,météo correcte
2016-10-25,24,21,21,19,23,24,3.3,90,6.5,1012,78.375,26,22,21,266,266,356,0,5,7.8,météo défavorable
2016-10-26,19,17,19,18,18,17,4.4,97,8.5,1010,90.375,19,18,17,353,353,119,0,4,6.6,météo défavorable
2016-10-27,18,13,29,9,17,17,1.5,66,10,1018,19.625,18,15,10,113,113,116,0,4,13.1,météo favorable
2016-10-28,19,13,12,5,17,18,0,66,10,1023,0,19,11,11,113,113,113,0,3,13.6,météo favorable
2016-10-29,24,17,17,9,22,22,0,62,10,1024,0,25,15,17,113,113,113,0,4,13.6,météo idéale
2016-10-30,29,20,18,12,26,26,0,73,10,1019,1.5,29,18,20,113,113,113,0,4,13.6,météo idéale
2016-10-31,32,24,17,16,30,27,0,68,10,1010,13.625,32,18,24,113,113,113,0,5,13.6,météo idéale
2016-11-01,27,20,36,21,27,20,6.2,94,9.5,1008,50.625,30,23,20,113,386,302,0,5,12.1,météo correcte
2016-11-02,19,14,27,9,17,17,0,55,10,1019,2.75,19,10,12,113,113,113,0,4,13.6,météo favorable
2016-11-03,25,18,12,9,23,23,0,53,10,1022,0.75,25,13,18,113,113,113,0,4,13.7,météo idéale
2016-11-04,30,20,14,12,27,29,0,57,10,1022,0.625,31,19,21,113,113,113,0,4,13.7,météo idéale
2016-11-05,31,24,13,15,29,29,0,56,10,1021,0,31,19,24,113,113,113,0,5,13.7,météo idéale
2016-11-06,33,25,14,17,31,30,0,68,10,1016,1.625,35,21,25,113,113,113,0,5,13.7,météo favorable
2016-11-07,34,28,10,20,34,29,0.1,64,9.75,1013,16.75,36,21,28,113,113,113,0,6,13.7,météo favorable
2016-11-08,29,22,13,20,24,26,3.7,92,9.875,1014,44.125,31,23,22,353,116,176,0,6,12.1,météo favorable
2016-11-09,30,25,5,17,30,29,0.1,71,10,1011,10,31,19,25,113,113,113,0,6,13.8,météo idéale
2016-11-10,30,23,9,18,29,30,0.6,70,8.625,1011,28.75,32,20,23,176,113,200,0,5,13.8,météo idéale
2016-11-11,25,20,15,14,25,23,2.7,70,9.625,1015,2,25,16,20,113,113,113,0,4,13.8,météo idéale
2016-11-12,26,19,19,13,25,25,0,55,10,1018,0.875,26,13,19,113,113,113,0,4,13.8,météo idéale
2016-11-13,31,21,16,13,28,27,0,57,10,1013,6.625,30,16,21,113,113,113,0,5,13.8,météo idéale
2016-11-14,31,25,11,17,30,30,0,52,10,1010,24.875,32,19,25,116,116,113,0,5,13.8,météo favorable
2016-11-15,31,25,10,18,29,28,1.1,70,9.625,1007,20.875,31,20,25,176,176,200,0,5,13.8,météo favorable
2016-11-16,27,22,24,18,25,23,0.4,82,9.875,1013,36.5,28,19,22,116,113,116,0,5,13.3,météo favorable
2016-11-17,22,18,27,14,22,19,2.3,82,9.875,1023,39.75,24,15,18,296,113,113,0,4,13.3,météo favorable
2016-11-18,22,14,14,7,19,21,0,55,10,1025,0.25,24,10,14,113,113,113,0,4,13.9,météo favorable
2016-11-19,26,20,13,10,24,25,0,60,10,1019,13.125,26,14,20,113,113,116,0,4,13.9,météo idéale
2016-11-20,27,19,13,14,26,26,0,66,10,1013,40,27,14,19,113,116,113,0,4,13.3,météo favorable
2016-11-21,25,19,21,14,24,22,0,71,10,1019,11.875,26,15,19,113,113,113,0,5,13.9,météo idéale
2016-11-22,24,16,13,8,21,23,0,60,10,1020,6.375,25,11,16,113,113,116,0,4,13.9,météo idéale
2016-11-23,27,22,9,9,26,26,0,49,10,1015,0,26,12,22,113,113,113,0,4,13.9,météo idéale
2016-11-24,29,24,13,14,29,25,0.1,57,10,1015,17.625,28,16,24,113,113,116,0,5,14,météo idéale
2016-11-25,32,24,13,16,30,31,0.1,58,10,1014,13.125,31,15,24,113,113,113,0,5,14,météo idéale
2016-11-26,35,28,24,20,34,34,0.4,62,9.875,1010,30.75,41,23,28,116,386,386,0,6,14,météo correcte
2016-11-27,25,21,8,20,23,25,37.4,91,7.875,1011,67.875,27,21,21,266,263,116,0,5,12.2,météo très défavorable
2016-11-28,28,24,17,19,27,26,2,76,8.875,1016,45,29,20,24,143,176,353,0,6,12.2,météo favorable
2016-11-29,28,23,18,16,27,26,0,55,10,1021,9,27,15,23,113,113,113,0,5,14,météo idéale
2016-11-30,28,22,16,14,27,27,0,55,10,1022,0.625,27,12,22,113,113,113,0,5,14,météo idéale
2016-12-01,31,21,16,14,28,31,0,60,10,1017,1.875,32,17,21,113,113,113,0,5,14,météo idéale
2016-12-02,31,25,14,21,31,25,1.4,87,8.375,1014,44.125,34,23,26,116,386,389,0,6,12.2,météo correcte
2016-12-03,30,25,21,19,28,28,3.3,78,8.75,1011,35.375,31,21,25,353,176,113,0,5,14.1,météo favorable
2016-12-04,30,24,14,16,29,30,0,52,9,1012,5.25,31,17,24,113,113,113,0,5,14.1,météo idéale
2016-12-05,33,25,19,18,30,31,0,59,10,1010,6.875,33,18,25,113,113,113,0,6,14.1,météo idéale
2016-12-06,30,25,16,20,29,28,0,59,10,1010,23.125,31,18,25,113,113,116,0,6,14.1,météo idéale
2016-12-07,32,25,13,17,30,29,2.5,46,9.625,1011,32.375,31,15,25,176,113,113,0,4,13.4,météo favorable
2016-12-08,29,26,24,17,29,26,0.3,44,9.875,1012,11.25,29,14,26,113,116,113,0,5,14.1,météo favorable
2016-12-09,29,20,15,12,27,28,0,58,10,1014,2.875,29,13,20,113,113,113,0,5,14.1,météo idéale
2016-12-10,32,25,17,16,30,31,0,44,10,1009,11.5,30,12,25,113,113,113,0,5,14.1,météo idéale
2016-12-11,34,27,18,19,33,32,0,37,10,1007,6.625,33,13,27,113,113,113,0,6,14.1,météo idéale
2016-12-12,36,27,10,18,34,35,0,47,10,1006,2.375,34,15,27,113,113,113,0,6,14.1,météo idéale
2016-12-13,26,19,22,22,19,26,0,82,10,1014,14,26,16,19,113,116,113,0,6,14.1,météo favorable
2016-12-14,25,20,19,11,24,25,0,42,10,1022,1.125,24,7,20,113,113,113,0,4,14.1,météo idéale
2016-12-15,29,21,17,11,26,28,0,39,10,1024,0,27,7,21,113,113,113,0,4,14.1,météo idéale
2016-12-16,33,23,20,14,30,32,0,49,10,1021,23.875,32,14,23,113,119,113,0,5,12.2,météo correcte
2016-12-17,35,28,17,19,34,35,0,51,10,1014,9.125,36,17,28,113,113,113,0,6,14.1,météo favorable
2016-12-18,36,30,18,23,36,35,0,58,10,1009,22.5,37,22,30,113,116,116,0,7,14.1,météo favorable
2016-12-19,30,22,17,20,27,30,9.1,76,9.5,1011,34.125,29,22,22,116,113,113,0,5,14.1,météo correcte
2016-12-20,32,25,7,16,32,31,0,51,10,1013,0,30,14,25,113,113,113,0,5,14.1,météo idéale
2016-12-21,35,27,13,19,32,34,0,42,10,1010,0.875,33,14,27,113,113,113,0,6,14.1,météo idéale
2016-12-22,36,31,14,23,35,35,0,52,10,1011,14.75,37,20,31,113,116,113,0,6,14.1,météo favorable
2016-12-23,30,25,9,23,25,30,7.3,83,9.5,1011,30.75,33,22,25,356,293,353,0,7,14.1,météo correcte
2016-12-24,33,27,10,22,31,32,1.6,68,10,1012,39.375,35,22,27,116,116,386,0,6,14.1,météo favorable
2016-12-25,36,30,21,23,36,34,2.4,68,9.25,1007,29.625,41,23,30,176,200,200,0,5,14.1,météo correcte
2016-12-26,31,24,13,27,31,24,11.5,93,8.125,1006,51.125,36,23,24,176,356,299,0,6,12.2,météo correcte
2016-12-27,28,23,12,21,25,28,1,90,8.25,1012,39.25,30,21,23,263,116,116,0,5,13.4,météo favorable
2016-12-28,30,25,9,20,29,29,0.1,72,9,1015,49.75,32,20,25,143,119,116,0,6,13.4,météo correcte
2016-12-29,31,26,11,22,29,31,1.7,76,9.875,1013,54,33,22,27,386,176,119,0,5,13.4,météo favorable
2016-12-30,34,28,6,22,31,33,1,74,8.875,1009,35.75,38,23,28,143,176,113,0,6,14.5,météo favorable
2016-12-31,35,30,11,23,35,35,0.2,64,9.875,1007,19.75,39,22,30,113,116,113,0,5,14.5,météo favorable
2017-01-01,37,31,11,25,35,36,0,60,10,1009,8.75,41,22,31,113,113,113,0,8,14.5,météo correcte
2017-01-02,34,27,14,23,33,34,0,62,10,1012,23.25,36,21,27,116,113,113,0,7,14.5,météo favorable
2017-01-03,38,31,22,25,37,34,0,55,9.75,1009,21,44,21,31,113,113,200,0,8,14.5,météo défavorable
2017-01-04,32,28,8,26,32,32,5.9,81,9.25,1006,16.875,37,25,28,356,356,113,0,7,14.5,météo correcte
2017-01-05,31,25,16,22,30,30,5.7,93,9,1012,37.75,35,24,25,356,356,113,0,7,12.3,météo correcte
2017-01-06,32,23,18,19,30,31,0,66,10,1016,3.375,34,20,23,113,113,113,0,7,14.5,météo idéale
2017-01-07,33,26,15,22,32,32,0,64,10,1013,31.625,36,21,26,116,113,116,0,7,14.5,météo favorable
2017-01-08,32,28,10,23,31,32,6.5,70,9.5,1009,27.625,36,23,29,113,356,200,0,7,14.4,météo correcte
2017-01-09,36,29,14,23,34,36,0.2,72,8.625,1005,27.5,40,24,29,176,200,113,0,7,14.4,météo correcte
2017-01-10,30,23,19,21,27,30,16.9,81,9.125,1010,22.875,31,23,23,116,113,113,0,5,14.4,météo très défavorable
2017-01-11,32,25,12,19,30,31,0,67,9,1015,2,31,18,25,143,113,113,0,7,14.4,météo idéale
2017-01-12,35,27,16,20,33,34,0,64,10,1015,0.625,36,20,27,113,113,113,0,7,14,météo favorable
2017-01-13,38,28,14,21,36,35,0,54,9.875,1010,13.375,41,21,28,113,113,200,0,7,11.6,météo correcte
2017-01-14,32,24,15,21,27,32,1.3,88,9.75,1010,40.5,36,22,24,353,176,113,0,6,10.4,météo favorable
2017-01-15,31,24,21,24,31,24,39.8,93,8.25,1008,46.125,35,23,24,176,200,308,0,7,10.4,météo très défavorable
2017-01-16,27,22,14,19,24,27,1.3,92,8.625,1004,58.875,29,22,22,119,353,176,0,5,9.3,météo correcte
2017-01-17,29,23,19,20,25,29,0.1,87,7.75,1006,39,32,21,23,248,116,113,0,6,10.4,météo favorable
2017-01-18,34,27,12,21,33,32,0,67,10,1011,0,34,21,28,113,113,113,0,7,11.6,météo idéale
2017-01-19,35,28,15,23,33,33,0,64,10,1016,4,35,21,28,113,113,113,0,7,11.6,météo favorable
2017-01-20,35,25,14,20,32,33,0,52,10,1018,1.375,33,15,25,113,113,113,0,7,11.6,météo idéale
2017-01-21,35,26,14,21,33,33,0,57,10,1018,0.5,34,17,26,113,113,113,0,7,11.6,météo idéale
2017-01-22,33,26,18,20,32,32,0,59,10,1015,0,33,18,26,113,113,113,0,7,11.6,météo idéale
2017-01-23,33,27,14,21,32,32,0.1,65,10,1013,30.125,34,20,27,119,116,113,0,7,11.6,météo favorable
2017-01-24,34,29,10,22,34,34,0.1,54,10,1010,13.25,34,19,29,113,116,113,0,7,11.6,météo favorable
2017-01-25,29,24,23,20,29,27,0,68,10,1014,17,28,18,24,113,113,113,0,6,11.6,météo idéale
2017-01-26,26,20,21,14,23,25,0,57,10,1020,15.375,26,12,20,113,116,113,0,6,11.6,météo favorable
2017-01-27,26,20,10,13,24,26,0.1,64,10,1021,7.25,26,13,20,113,113,113,0,5,11.6,météo idéale
2017-01-28,32,23,11,16,30,31,0,46,10,1019,0.125,30,12,23,113,113,113,0,6,11.6,météo idéale
2017-01-29,35,26,13,18,32,35,0,53,10,1018,0.625,33,15,26,113,113,113,0,7,11.6,météo idéale
2017-01-30,36,29,14,23,35,35,0,58,10,1015,22.75,38,20,29,113,113,116,0,7,11.6,météo favorable
2017-01-31,34,27,15,23,32,33,4.4,68,9.125,1013,46.125,36,22,27,263,176,116,0,6,11.6,météo favorable
2017-02-01,31,26,15,22,30,31,3.4,73,9.75,1010,40.125,33,21,26,116,353,176,0,7,11.6,météo correcte
2017-02-02,32,26,20,20,30,31,0.2,71,9.875,1008,21.125,33,20,26,113,176,113,0,7,10.4,météo favorable
2017-02-03,33,26,13,19,31,32,0,67,10,1009,3.625,33,20,26,113,113,113,0,7,11.6,météo idéale
2017-02-04,34,23,19,22,34,23,52.8,95,9.375,1008,34.5,36,22,23,113,116,308,0,7,10.4,météo très défavorable
2017-02-05,27,20,30,17,25,26,0,79,10,1012,25.5,27,19,20,116,113,113,0,6,11.6,météo idéale
2017-02-06,25,18,15,14,23,25,0,69,10,1016,5.125,26,13,18,113,113,113,0,5,11.6,météo idéale
2017-02-07,28,21,11,15,27,28,0,58,10,1016,0,28,13,21,113,113,113,0,6,11.6,météo idéale
2017-02-08,30,20,13,19,23,30,0,60,10,1014,20,30,14,20,113,116,116,0,6,11.6,météo favorable
2017-02-09,35,24,13,19,29,33,0,69,10,1013,23.75,36,18,24,113,116,113,0,7,11.6,météo favorable
2017-02-10,29,25,14,22,29,28,8.9,81,9.25,1011,42.5,33,22,25,353,356,176,0,7,11.6,météo correcte
2017-02-11,29,25,16,21,29,27,5.1,80,9.375,1010,55.625,31,22,25,176,176,356,0,5,9.1,météo correcte
2017-02-12,28,24,16,21,28,25,19,89,8.25,1007,57.125,31,22,24,356,356,359,0,5,10.3,météo très défavorable
2017-02-13,25,22,18,21,23,22,1.7,91,10,1007,95.125,27,21,22,353,353,353,0,5,6.6,météo défavorable
2017-02-14,27,21,12,18,25,27,1,88,9,1012,86.5,29,21,21,122,122,353,0,5,6.6,météo défavorable
2017-02-15,31,25,6,20,30,30,0,78,7,1015,28.875,33,21,25,143,113,116,0,6,10.3,météo idéale
2017-02-16,34,28,8,22,33,33,0.4,66,9.875,1014,15.25,36,21,28,113,113,176,0,7,11.6,météo favorable
2017-02-17,33,26,14,22,33,30,0.8,80,8.75,1011,13,36,22,26,143,176,113,0,6,11.6,météo favorable
2017-02-18,26,23,10,22,25,24,13.8,95,9.125,1012,49.25,29,23,23,356,296,299,0,6,6.5,météo défavorable
2017-02-19,30,24,8,20,28,30,0,81,8,1016,25.625,32,21,25,143,113,116,0,6,10.3,météo idéale
2017-02-20,35,28,8,21,33,33,0.9,70,9.875,1016,16.625,39,24,28,113,176,386,0,7,11.6,météo favorable
2017-02-21,32,27,12,23,32,32,3.5,81,7.875,1016,20.625,38,24,27,143,386,386,0,6,11.6,météo correcte
2017-02-22,32,27,6,23,30,31,7,80,9.375,1013,20.625,36,23,27,176,356,386,0,7,11.6,météo correcte
2017-02-23,33,29,8,23,32,32,0,67,10,1012,7.875,36,22,29,113,113,113,0,7,11.6,météo favorable
2017-02-24,34,29,8,23,33,33,0,59,10,1012,14.625,37,21,29,113,113,113,0,7,11.6,météo favorable
2017-02-25,34,29,12,23,33,33,0,64,10,1012,15.5,37,21,29,113,113,113,0,7,11.6,météo favorable
2017-02-26,34,28,12,24,33,33,0,63,10,1013,14.375,36,20,28,113,113,113,0,7,11.6,météo favorable
2017-02-27,34,27,14,22,33,33,0,65,10,1012,10.625,35,20,27,113,113,113,0,7,11.6,météo favorable
2017-02-28,34,29,11,22,34,32,0,53,10,1008,25.625,35,20,29,113,116,116,0,7,11.6,météo favorable
2017-03-01,34,28,8,21,34,33,0,57,10,1005,5.875,36,19,28,113,113,113,0,7,11.6,météo favorable
2017-03-02,35,28,18,23,33,34,0,62,10,1007,9.5,37,20,28,113,113,113,0,7,11.6,météo favorable
2017-03-03,32,27,18,24,32,27,2.9,78,9.625,1010,40.125,36,23,27,176,176,353,0,7,10.3,météo favorable
2017-03-04,29,22,20,22,24,27,0.4,80,9.875,1010,59.125,30,20,22,122,119,116,0,5,9,météo correcte
2017-03-05,29,23,15,18,28,28,0,71,10,1013,26.625,30,18,23,116,116,113,0,6,11.6,météo favorable
2017-03-06,31,23,12,18,29,30,0,71,10,1015,2.625,31,18,23,113,113,113,0,6,11.6,météo idéale
2017-03-07,32,24,17,18,31,30,0,53,10,1017,10.875,32,15,24,113,113,116,0,6,11.6,météo idéale
2017-03-08,34,25,22,21,32,33,0,71,10,1013,26.875,37,21,25,113,113,116,0,7,11.6,météo favorable
2017-03-09,28,25,14,24,28,25,64.6,93,7.625,1006,48.5,33,25,25,356,356,308,0,6,7.7,météo très défavorable
2017-03-10,26,20,17,16,25,25,0.1,57,10,1016,1.375,26,18,20,113,113,113,0,6,11.6,météo idéale
2017-03-11,26,19,15,14,25,23,0.4,65,10,1016,29.25,27,16,19,113,116,353,0,5,9,météo favorable
2017-03-12,25,20,25,17,24,23,1.1,65,10,1017,24.875,25,17,20,113,113,113,0,5,11.6,météo idéale
2017-03-13,26,18,5,10,25,25,0,46,10,1018,0,26,13,18,113,113,113,0,5,11.6,météo idéale
2017-03-14,28,20,13,13,26,26,0,49,10,1016,29.875,27,14,20,113,116,119,0,6,8.9,météo favorable
2017-03-15,26,19,13,16,26,19,15.5,97,8.375,1012,56.125,27,18,19,113,113,308,0,5,8.9,météo défavorable
2017-03-16,21,17,22,15,21,20,0,86,8.75,1020,48.25,21,16,17,116,116,113,0,4,10.3,météo favorable
2017-03-17,22,16,11,10,20,21,0,65,10,1024,0.375,24,12,16,113,113,113,0,5,11.6,météo favorable
2017-03-18,24,17,11,12,22,23,0,70,10,1023,1.5,25,14,17,113,113,113,0,5,11.6,météo idéale
2017-03-19,26,18,16,13,24,24,0,73,10,1022,0.125,26,15,18,113,113,113,0,5,11.6,météo idéale
2017-03-20,28,20,16,15,26,26,0,75,10,1022,8.375,28,17,20,113,113,113,0,6,11.6,météo idéale
2017-03-21,28,21,17,18,26,27,0,70,10,1021,55.375,29,19,21,113,116,122,0,6,8.9,météo correcte
2017-03-22,26,22,11,19,26,24,4.3,84,9.75,1019,40.125,28,21,22,176,176,353,0,6,10.3,météo favorable
2017-03-23,28,23,6,18,27,27,1,78,9.75,1018,33,29,20,23,176,116,176,0,6,11.6,météo favorable
2017-03-24,29,23,8,17,28,27,0.2,79,10,1015,37.375,30,20,23,116,113,113,0,6,10.2,météo favorable
2017-03-25,30,23,12,19,28,28,0.2,76,10,1015,17.75,31,19,23,113,113,116,0,6,11.6,météo idéale
2017-03-26,30,22,17,20,25,28,0,76,10,1014,37.75,32,19,22,116,119,116,0,6,8.7,météo correcte
2017-03-27,31,23,12,20,29,28,0,76,10,1017,8.25,32,20,23,113,113,113,0,6,11.5,météo idéale
2017-03-28,29,22,19,19,27,27,0,75,10,1020,7.125,30,18,22,113,113,113,0,6,11.5,météo idéale
2017-03-29,30,21,20,18,27,28,0,72,10,1019,24,32,19,21,113,113,119,0,6,10.1,météo idéale
2017-03-30,32,22,18,19,29,29,0,70,10,1016,30.375,32,18,22,113,113,113,0,5,11.5,météo favorable
2017-03-31,29,22,19,21,26,27,0,68,10,1019,45.125,29,17,22,116,122,113,0,6,8.7,météo correcte
2017-04-01,30,21,22,17,27,27,0,66,10,1021,11.375,30,16,21,113,113,113,0,6,11.4,météo idéale
2017-04-02,29,20,21,18,25,26,0,71,10,1017,35,30,16,20,113,119,116,0,6,10.1,météo correcte
2017-04-03,29,20,14,19,25,27,0.3,81,9.375,1015,42.75,30,18,21,119,116,116,0,5,10.1,météo favorable
2017-04-04,31,24,8,18,30,28,0,62,10,1012,17.875,31,17,24,113,113,116,0,6,11.4,météo idéale
2017-04-05,28,21,19,18,26,26,0.7,86,9.75,1014,23.625,29,18,21,176,113,113,0,5,11.4,météo idéale
2017-04-06,28,19,11,14,25,23,0,52,10,1018,0.75,26,11,19,113,113,113,0,5,11.3,météo idéale
2017-04-07,30,19,23,15,26,26,0,64,10,1014,1.625,29,14,19,113,113,113,0,6,11.3,météo idéale
2017-04-08,29,22,17,19,26,26,5.8,87,9.875,1012,31.25,32,23,22,176,353,386,0,6,11.3,météo correcte
2017-04-09,26,22,19,22,23,24,13.6,96,7.625,1011,80.75,29,24,22,266,302,359,0,5,5.6,météo défavorable
2017-04-10,22,19,22,21,19,19,4.8,97,8.375,1012,78.5,24,22,19,302,353,116,0,4,7.1,météo défavorable
2017-04-11,25,17,14,13,23,22,0,68,10,1021,2.5,26,15,17,113,113,113,0,5,11.3,météo idéale
2017-04-12,21,16,17,12,20,18,0,74,9,1025,3.625,24,13,16,143,113,113,0,5,11.2,météo favorable
2017-04-13,22,14,11,10,20,19,0,64,10,1023,1,24,12,14,113,113,113,0,5,11.2,météo favorable
2017-04-14,24,16,15,11,22,21,0,78,10,1019,15.75,26,16,16,113,116,113,0,5,11.2,météo favorable
2017-04-15,24,19,12,18,21,21,0.1,91,10,1018,72.125,26,19,19,122,122,116,0,5,7.1,météo défavorable
2017-04-16,23,17,21,15,22,20,0,89,10,1022,40.875,25,16,17,119,116,113,0,4,11.2,météo favorable
2017-04-17,23,17,16,13,21,20,0.1,86,9,1022,30.5,25,15,17,143,113,116,0,5,11.2,météo favorable
2017-04-18,24,17,18,13,22,21,0,85,8.75,1020,49.75,25,16,17,248,116,119,0,5,10.1,météo favorable
2017-04-19,21,19,10,18,19,21,7.6,98,6.625,1016,97.875,21,20,19,302,353,353,0,4,5.6,météo défavorable
2017-04-20,20,19,13,19,20,20,4.6,97,6,1010,79,20,20,19,296,122,116,0,4,7.1,météo défavorable
2017-04-21,24,18,18,15,22,20,0,88,7,1016,7.5,25,16,18,143,113,113,0,4,11.1,météo idéale
2017-04-22,21,14,9,10,19,17,0,72,10,1021,11.375,24,11,14,113,113,116,0,4,11.1,météo favorable
2017-04-23,24,15,12,11,21,19,0,67,10,1021,11,25,13,15,113,113,113,0,5,11,météo idéale
2017-04-24,26,18,10,13,23,21,0,71,10,1016,16.5,26,15,18,113,113,113,0,5,11,météo idéale
2017-04-25,23,19,30,20,23,19,31.3,96,5.75,1010,77.875,25,21,19,248,200,305,0,4,7,météo très défavorable
2017-04-26,17,11,27,10,16,13,0.2,68,9.375,1015,20.875,17,11,9,113,113,113,0,3,11,météo correcte
2017-04-27,20,12,14,7,18,15,0,66,10,1021,0.625,20,8,10,113,113,113,0,4,11,météo favorable
2017-04-28,23,13,14,9,20,17,0,65,10,1023,0,25,11,12,113,113,113,0,4,11,météo favorable
2017-04-29,23,14,8,9,21,17,0,69,10,1024,0,25,11,14,113,113,113,0,5,10.9,météo favorable
2017-04-30,25,16,8,10,22,18,0,67,10,1024,0,26,12,16,113,113,113,0,5,10.9,météo idéale
2017-05-01,25,16,9,12,22,19,0,73,10,1022,26.75,26,14,16,119,116,113,0,5,10.1,météo favorable
2017-05-02,26,18,12,13,24,21,0,86,9,1018,20.875,27,18,18,143,113,113,0,5,10.9,météo idéale
2017-05-03,26,20,12,15,25,22,0,88,9,1019,20.875,28,19,20,143,116,113,0,6,10.9,météo favorable
2017-05-04,26,19,9,16,24,21,0,86,8,1017,6.5,27,18,19,143,113,113,0,5,10.9,météo idéale
2017-05-05,26,19,9,15,25,21,0,85,10,1018,0.875,27,18,19,113,113,113,0,5,10.9,météo idéale
2017-05-06,26,19,18,15,24,23,0,83,10,1017,13.125,28,19,19,113,113,119,0,6,10.1,météo idéale
2017-05-07,28,21,23,18,24,24,0.9,83,9.875,1014,40.875,30,20,21,122,176,116,0,6,10.1,météo favorable
2017-05-08,24,21,18,20,23,21,13.3,95,8.75,1012,74.75,26,21,21,353,356,353,0,5,5.4,météo défavorable
2017-05-09,20,14,17,13,18,16,0.3,87,9,1022,20.625,20,16,13,116,113,113,0,4,10.8,météo favorable
2017-05-10,19,13,16,9,17,15,0,81,10,1024,7.125,19,12,11,113,113,113,0,4,10.8,météo favorable
2017-05-11,20,13,18,10,17,18,0,75,10,1022,20.5,20,13,11,113,113,116,0,4,10.8,météo favorable
2017-05-12,21,16,13,15,19,19,16.4,99,4.375,1015,93,21,20,16,266,356,359,0,4,5.4,météo très défavorable
2017-05-13,18,17,15,18,17,17,8.4,98,4.5,1011,99.5,18,18,17,266,266,122,0,4,5.4,météo défavorable
2017-05-14,19,14,8,12,17,17,0.2,97,5.875,1016,79.125,19,16,14,248,116,119,0,4,6.9,météo défavorable
2017-05-15,19,15,11,15,18,15,0.1,90,10,1020,71.25,19,14,15,122,119,113,0,4,6.9,météo défavorable
2017-05-16,19,14,10,9,18,15,0,88,8,1020,19.25,20,13,14,143,113,113,0,4,10.7,météo favorable
2017-05-17,20,13,15,10,18,17,0,89,9,1018,5.375,21,15,12,143,113,113,0,4,10.7,météo favorable
2017-05-18,19,17,14,15,18,19,20.1,98,6.125,1013,80.375,19,19,17,386,359,356,0,5,5.3,météo très défavorable
2017-05-19,18,14,14,15,15,14,2.4,97,7.5,1010,59.875,18,18,14,353,119,113,0,4,8.5,météo correcte
2017-05-20,17,9,12,7,15,14,0,84,9,1014,14.875,17,8,8,143,113,116,0,4,10.7,météo correcte
2017-05-21,20,12,13,10,18,14,0,80,10,1016,16.625,20,11,11,116,113,113,0,4,10.6,météo favorable
2017-05-22,21,14,11,10,19,16,0,87,10,1019,29.75,24,15,13,113,113,119,0,4,10,météo favorable
2017-05-23,20,15,12,14,19,17,0.1,96,7.75,1018,65.625,20,16,15,119,113,143,0,4,10,météo défavorable
2017-05-24,21,19,6,18,21,20,0.4,98,2,1013,98.75,24,21,19,266,122,248,0,4,3.8,météo défavorable
2017-05-25,23,19,14,21,23,19,3.2,99,4,1012,98.125,25,22,19,353,353,266,0,5,3.8,météo défavorable
2017-05-26,17,14,18,15,15,14,0.3,94,7,1024,81.625,17,16,13,119,266,116,0,3,3.8,météo défavorable
2017-05-27,16,11,21,8,15,14,0,83,10,1026,10.625,16,11,8,113,113,113,0,4,8.7,météo correcte
2017-05-28,14,13,13,13,14,14,2.5,98,9.625,1024,96.375,15,14,12,296,296,122,0,3,3.8,météo défavorable
2017-05-29,16,13,13,13,15,15,0.3,97,6.25,1023,91,16,14,12,248,119,122,0,3,3.8,météo défavorable
2017-05-30,17,13,18,12,17,15,0,90,10,1024,62,17,13,12,116,116,116,0,4,7.1,météo correcte
2017-05-31,13,10,15,11,11,11,1.4,92,9.875,1022,69.5,13,9,8,116,296,122,0,4,3.8,météo défavorable
2017-06-01,18,10,10,7,16,12,0,93,7.75,1020,27.125,18,12,8,248,113,113,0,4,8.7,météo favorable
2017-06-02,17,12,9,6,16,13,0,86,10,1021,13.375,18,11,12,113,113,116,0,4,8.7,météo correcte
2017-06-03,18,13,16,10,17,16,0,95,6.5,1018,72.625,19,14,11,248,116,119,0,3,5.4,météo défavorable
2017-06-04,19,13,12,10,18,15,0,95,5.5,1017,51.375,19,14,13,248,116,113,0,3,8.7,météo favorable
2017-06-05,16,10,14,9,14,11,0,88,8,1020,9.5,16,10,8,143,113,113,0,4,8.7,météo correcte
2017-06-06,17,8,9,6,14,9,0,87,10,1020,1.75,17,9,7,113,113,113,0,3,8.7,météo correcte
2017-06-07,16,10,8,7,15,12,0,95,8,1017,46.125,16,13,10,119,113,143,0,4,7.1,météo correcte
2017-06-08,13,10,21,12,13,10,2.7,95,8.75,1016,90.25,13,13,8,293,122,119,0,3,3.8,météo défavorable
2017-06-09,14,7,17,9,11,10,0.9,94,9.875,1020,40.625,14,8,5,119,113,113,0,2,8.7,météo correcte
2017-06-10,19,9,14,7,16,13,0,77,10,1019,1.25,19,10,7,113,113,113,0,4,8.7,météo favorable
2017-06-11,19,10,10,8,16,12,0,91,8,1018,0.875,19,11,9,143,113,113,0,4,8.7,météo favorable
2017-06-12,18,9,10,7,15,12,0,89,10,1020,2.5,18,12,8,113,113,113,0,4,8.7,météo favorable
2017-06-13,19,12,8,9,17,13,0,89,9,1021,6,19,12,12,143,113,113,0,4,8.7,météo favorable
2017-06-14,21,12,13,10,18,16,0,92,8,1022,9.125,21,15,12,143,113,113,0,4,8.7,météo favorable
2017-06-15,22,17,19,14,18,20,0,94,10,1020,69.375,24,19,17,119,119,122,0,5,3.8,météo défavorable
2017-06-16,26,20,26,19,25,24,0,86,10,1013,51.5,28,20,20,116,113,119,0,5,7.1,météo favorable
2017-06-17,27,23,30,21,26,24,0,77,10,1008,43.25,29,20,23,113,113,119,0,6,7.1,météo favorable
2017-06-18,16,9,21,12,10,9,0.4,56,9.375,1024,56.5,16,7,7,263,122,113,0,3,5.4,météo correcte
2017-06-19,12,4,7,3,10,5,0,75,10,1028,0.75,12,1,3,113,113,113,0,3,8.7,météo très défavorable
2017-06-20,13,6,11,0,11,7,0,82,10,1029,8.75,13,4,4,113,113,116,0,3,8.7,météo correcte
2017-06-21,17,6,13,3,13,13,0,88,10,1024,11.75,17,10,4,113,113,113,0,3,8.7,météo correcte
2017-06-22,24,16,28,15,22,20,0,92,10,1017,31.875,26,17,16,119,113,113,0,5,8.7,météo favorable
2017-06-23,25,19,27,18,24,22,0,84,10,1015,14,27,18,19,113,113,113,0,6,8.7,météo idéale
2017-06-24,23,20,19,20,21,21,0,81,10,1017,42.25,25,18,20,116,116,113,0,6,8.7,météo favorable
2017-06-25,25,19,24,19,23,21,0,83,10,1018,14.125,27,18,19,113,113,113,0,6,8.7,météo idéale
2017-06-26,25,19,26,18,23,21,0,78,10,1016,5.625,26,17,19,113,113,113,0,6,8.7,météo idéale
2017-06-27,22,19,13,21,21,19,2.1,93,8.375,1017,59.375,24,17,19,116,263,353,0,5,7.1,météo correcte
2017-06-28,15,14,13,14,15,14,5.3,95,7.5,1021,89.375,16,14,12,356,266,353,0,3,3.8,météo défavorable
2017-06-29,15,14,11,14,14,14,5.1,97,5.375,1021,79,15,14,13,296,302,143,0,3,5.2,météo défavorable
2017-06-30,18,11,7,8,15,11,0,89,7,1025,2.625,18,11,10,143,113,113,0,3,10.5,météo favorable
2017-07-01,18,12,9,6,16,12,0,88,10,1028,0,18,11,12,113,113,113,0,4,10.5,météo favorable
2017-07-02,18,9,14,8,15,13,0,86,10,1030,0,18,11,7,113,113,113,0,4,10.5,météo favorable
2017-07-03,20,10,17,8,16,16,0,91,9,1029,2.25,20,14,8,143,113,113,0,4,10.5,météo favorable
2017-07-04,20,14,24,12,18,17,0,85,10,1023,4.375,20,14,12,113,113,113,0,5,10.5,météo favorable
2017-07-05,19,15,23,14,17,17,0,90,10,1020,22.5,19,15,15,113,119,113,0,5,10,météo correcte
2017-07-06,22,17,14,16,18,18,0.2,92,7,1022,45.5,24,17,17,116,116,353,0,4,10,météo favorable
2017-07-07,20,17,14,17,18,18,2.3,95,8.875,1022,65.125,21,18,17,353,353,119,0,4,5.3,météo défavorable
2017-07-08,20,17,15,16,19,18,12.7,98,3.875,1020,88.375,20,19,17,356,359,248,0,5,5.3,météo défavorable
2017-07-09,20,17,7,15,20,18,2.6,95,5.625,1021,74.375,20,18,17,353,353,386,0,4,10,météo défavorable
2017-07-10,21,16,17,16,21,16,0.1,96,6.25,1023,73.25,21,18,16,248,200,200,0,4,8.4,météo défavorable
2017-07-11,14,12,17,12,13,14,1.4,96,9,1024,95.375,14,14,10,119,122,266,0,3,5.3,météo défavorable
2017-07-12,25,18,18,16,22,21,0,99,6.25,1021,54.625,26,20,18,248,113,113,0,4,10,météo favorable
2017-07-13,25,19,25,18,24,21,0,80,10,1017,1.5,27,18,19,113,113,113,0,6,10.6,météo idéale
2017-07-14,21,19,13,18,20,20,0,84,10,1015,42,21,17,19,116,122,113,0,5,8.4,météo correcte
2017-07-15,26,19,25,20,25,19,0,90,10,1011,34.875,28,19,19,113,113,116,0,6,10,météo favorable
2017-07-16,11,7,21,8,8,9,1.6,73,9.25,1028,54,11,8,5,263,116,119,0,2,8.4,météo défavorable
2017-07-17,9,3,17,2,7,5,0,67,10,1034,1.25,9,0,-1,113,113,113,0,2,10.6,météo très défavorable
2017-07-18,13,3,9,0,10,7,0,60,10,1033,0,13,0,1,113,113,113,0,2,10.6,météo correcte
2017-07-19,15,6,16,2,12,11,0,68,10,1028,4.125,15,5,3,113,113,113,0,3,10.6,météo correcte
2017-07-20,18,8,14,6,15,14,0,70,10,1023,0.75,18,8,6,113,113,113,0,4,10.6,météo favorable
2017-07-21,19,10,6,8,16,14,0,76,10,1023,3.625,19,8,10,113,113,113,0,4,10.6,météo favorable
2017-07-22,19,11,17,8,16,16,0,80,10,1022,0,20,12,9,113,113,113,0,4,10.7,météo favorable
2017-07-23,26,17,22,14,23,22,0,75,10,1015,25,27,17,17,113,113,113,0,5,10.7,météo idéale
2017-07-24,24,20,13,20,23,21,0,81,10,1017,65,26,17,20,122,116,116,0,5,10,météo défavorable
2017-07-25,21,18,21,18,21,21,0,84,10,1020,53,24,18,18,116,116,116,0,5,10,météo favorable
2017-07-26,21,19,9,19,20,20,0,79,10,1020,57.125,21,16,19,116,122,116,0,5,6.9,météo correcte
2017-07-27,27,19,19,18,25,23,0,74,10,1020,4.75,28,16,19,113,113,113,0,6,10.7,météo idéale
2017-07-28,27,19,23,17,24,22,0,70,10,1018,6.5,27,16,19,113,113,113,0,6,10.7,météo idéale
2017-07-29,27,19,21,18,24,23,0,71,10,1019,2.375,28,17,19,113,113,113,0,6,10.7,météo idéale
2017-07-30,23,19,15,17,22,20,0,78,10,1021,35.125,25,17,19,113,116,119,0,5,8.5,météo favorable
2017-07-31,16,14,14,15,15,16,0.9,91,8,1022,93,16,14,14,122,266,122,0,5,5.4,météo défavorable
2017-08-01,18,15,8,15,16,16,3.9,98,5.625,1017,99.375,18,16,15,143,122,302,0,4,5.4,météo défavorable
2017-08-02,16,14,22,16,14,14,12.1,93,6.5,1023,86.25,16,15,12,389,302,266,0,3,5.4,météo défavorable
2017-08-03,17,10,8,8,15,14,0,86,9,1024,3.5,17,9,9,143,113,113,0,4,10.8,météo correcte
2017-08-04,18,10,8,8,16,15,0,84,10,1027,8.25,19,11,10,113,113,113,0,4,10.8,météo favorable
2017-08-05,21,11,17,9,17,18,0,84,10,1025,1.25,21,14,9,113,113,113,0,4,10.8,météo favorable
2017-08-06,24,15,17,13,20,20,0,79,10,1019,3.75,25,17,15,113,113,113,0,5,10.8,météo idéale
2017-08-07,20,16,13,14,20,17,7.2,91,9.5,1016,34.375,20,16,16,113,116,386,0,5,10.1,météo favorable
2017-08-08,19,15,20,14,16,16,1.7,95,7.5,1017,43.125,19,15,15,248,116,113,0,4,10.1,météo favorable
2017-08-09,18,11,17,9,14,17,0,91,9,1019,30.625,18,13,10,143,116,113,0,4,10.1,météo favorable
2017-08-10,18,14,27,12,17,18,2.4,89,9.875,1018,29.375,18,16,12,113,116,386,0,5,10.9,météo favorable
2017-08-11,22,18,28,17,20,20,16.4,95,8.375,1011,62.25,25,19,18,359,353,356,0,4,8.5,météo très défavorable
2017-08-12,18,14,23,17,18,14,18.2,96,8.25,1013,90.375,18,17,12,356,389,122,0,4,5.5,météo très défavorable
2017-08-13,18,12,20,11,16,15,0,84,10,1015,18.375,18,10,10,116,113,113,0,4,11,météo favorable
2017-08-14,20,12,12,9,17,16,0,77,10,1020,4.875,20,10,11,113,113,113,0,4,11,météo favorable
2017-08-15,20,13,13,10,18,17,0,81,10,1020,10.375,21,12,12,113,113,113,0,4,11,météo favorable
2017-08-16,19,13,15,11,17,16,0,84,10,1024,35.25,19,11,12,119,113,113,0,3,11,météo favorable
2017-08-17,22,12,9,8,18,18,0,81,10,1022,1,24,11,11,113,113,113,0,4,11,météo favorable
2017-08-18,25,14,20,11,21,22,0,78,10,1018,17.625,26,18,13,113,113,116,0,5,10.1,météo favorable
2017-08-19,18,14,30,16,17,14,0.4,91,9,1016,39.25,18,17,12,113,266,116,0,5,10.1,météo correcte
2017-08-20,17,10,16,9,16,13,0,69,10,1029,14.75,17,7,9,113,113,113,0,4,11.1,météo correcte
2017-08-21,17,10,11,6,15,14,0,65,10,1031,32.5,17,7,9,116,122,113,0,4,8.6,météo correcte
2017-08-22,20,11,24,8,17,18,0,73,10,1026,0,21,13,8,113,113,113,0,4,11.1,météo favorable
2017-08-23,26,17,23,14,22,24,0,82,10,1013,11.625,28,21,17,113,113,113,0,5,11.1,météo idéale
2017-08-24,31,22,23,20,25,28,4.4,88,9.375,1010,48,34,22,22,356,116,200,0,6,11.1,météo favorable
2017-08-25,31,25,25,23,25,28,2.3,65,9.75,1009,24.875,34,21,25,176,116,113,0,6,11.2,météo favorable
2017-08-26,24,20,13,21,22,22,6.2,93,8.25,1014,68.375,26,20,20,176,353,356,0,6,5.6,météo défavorable
2017-08-27,26,20,17,19,24,24,1.5,91,8.5,1014,74.375,28,21,20,353,119,200,0,5,8.6,météo défavorable
2017-08-28,28,20,18,18,25,25,0.6,89,7.625,1014,42.375,30,22,21,143,386,200,0,5,11.2,météo correcte
2017-08-29,28,19,27,19,21,19,3.1,91,9.75,1017,50.875,31,21,19,176,176,353,0,6,8.6,météo favorable
2017-08-30,17,11,18,9,15,15,0.3,73,10,1025,5.75,17,10,9,113,113,113,0,4,11.2,météo correcte
2017-08-31,20,11,14,8,16,18,0,78,10,1026,5.625,20,14,9,113,113,113,0,4,11.3,météo favorable
2017-09-01,29,18,22,15,25,26,0,79,10,1018,10.875,31,22,18,113,113,113,0,6,11.3,météo idéale
2017-09-02,29,23,24,21,28,27,0,72,10,1014,27.625,32,21,23,113,113,113,0,5,11.3,météo idéale
2017-09-03,32,23,23,24,23,29,0.6,70,9.875,1013,17.5,35,22,23,113,176,113,0,7,11.3,météo favorable
2017-09-04,22,14,22,18,14,15,6.4,93,9.625,1022,94.125,24,21,13,353,302,122,0,4,5.7,météo défavorable
2017-09-05,19,12,21,10,17,16,0.1,78,10,1026,28.75,19,11,10,116,113,113,0,3,11.4,météo favorable
2017-09-06,17,14,21,10,16,17,0,88,10,1021,53.625,17,15,12,113,122,122,0,4,7.2,météo correcte
2017-09-07,19,17,9,16,19,17,10.4,98,5.5,1017,95.875,19,18,17,353,353,356,0,4,5.7,météo défavorable
2017-09-08,25,19,16,17,23,23,8.1,95,8.25,1013,70.75,27,21,19,353,119,113,0,5,8.8,météo défavorable
2017-09-09,27,20,23,19,25,24,8.4,85,9,1011,34.875,28,20,20,116,176,113,0,5,11.6,météo correcte
2017-09-10,24,19,26,19,24,19,10.9,94,8.875,1006,58.25,26,22,19,176,356,356,0,5,8.8,météo correcte
2017-09-11,18,12,20,10,16,16,0.2,72,9,1021,26,18,11,10,116,113,113,0,3,11.6,météo favorable
2017-09-12,14,13,12,8,14,14,0,81,10,1024,25.75,14,11,12,113,116,116,0,4,11.6,météo correcte
2017-09-13,16,15,10,14,16,15,6.7,98,5,1021,85,16,15,14,266,296,302,0,4,6,météo défavorable
2017-09-14,22,15,12,14,20,20,3.8,94,7.375,1019,48,25,15,15,266,113,113,0,4,10.2,météo favorable
2017-09-15,21,15,15,12,19,18,0.1,84,10,1028,14.75,21,14,14,113,113,113,0,5,11.6,météo favorable
2017-09-16,20,14,14,11,18,18,0,81,10,1029,12.25,20,13,13,113,113,113,0,4,11.6,météo favorable
2017-09-17,22,15,9,11,20,19,0,82,8,1027,13,24,14,15,143,113,113,0,5,11.6,météo favorable
2017-09-18,23,16,9,11,21,21,0,78,10,1024,0,25,15,16,113,113,113,0,5,11.6,météo favorable
2017-09-19,26,17,15,12,23,24,0,84,9,1020,7,27,20,17,143,113,113,0,5,11.6,météo idéale
2017-09-20,32,24,23,19,30,29,0,69,10,1014,2.25,36,21,24,113,113,113,0,6,11.6,météo favorable
2017-09-21,22,16,26,19,17,16,0,87,10,1019,69,24,19,16,116,119,122,0,5,6,météo défavorable
2017-09-22,16,12,16,11,14,16,0.1,89,10,1021,70,16,13,11,116,122,119,0,4,6,météo défavorable
2017-09-23,21,14,10,9,19,19,0,81,7,1024,13.75,24,13,14,143,113,113,0,3,11.6,météo favorable
2017-09-24,24,16,18,11,21,23,0,82,10,1022,10.25,26,18,17,113,113,113,0,5,11.6,météo idéale
2017-09-25,27,21,7,17,26,25,8.4,91,9.125,1019,49,29,21,21,356,356,113,0,5,10.2,météo correcte
2017-09-26,28,22,9,18,27,25,3.3,85,6.5,1017,24.25,31,22,22,143,176,356,0,6,11.6,météo favorable
2017-09-27,20,17,22,19,17,17,4,93,7.125,1020,87.625,20,20,17,353,122,266,0,4,6.1,météo défavorable
2017-09-28,19,17,19,14,17,18,0.1,81,10,1023,80.375,19,15,17,119,122,122,0,5,6.1,météo défavorable
2017-09-29,19,16,18,14,19,18,0.4,87,9.875,1021,78.5,19,16,16,176,122,119,0,4,6.1,météo défavorable
2017-09-30,25,17,10,14,23,22,0.3,90,6.375,1014,58.375,26,19,18,248,116,200,0,4,10.2,météo correcte
2017-10-01,19,15,23,18,18,15,25.7,95,8.375,1003,56.75,19,18,13,353,305,353,0,5,7.5,météo très défavorable
2017-10-02,19,15,26,10,19,15,2.9,78,9.625,1009,15.75,19,11,14,113,113,356,0,4,11.6,météo favorable
2017-10-03,25,16,18,9,22,23,0,67,10,1014,16.25,26,16,16,116,113,113,0,5,11.6,météo idéale
2017-10-04,27,21,31,17,26,23,0,57,10,1013,18.625,28,15,21,113,113,116,0,6,11.6,météo idéale
2017-10-05,30,22,25,20,27,28,0.2,61,10,1008,31.375,32,19,22,119,113,113,0,5,11.6,météo favorable
2017-10-06,26,23,20,23,24,23,0,66,10,1021,1.625,26,17,23,113,113,113,0,6,11.6,météo idéale
2017-10-07,23,16,21,12,21,21,0,72,10,1023,20.125,25,16,16,113,116,113,0,5,10.2,météo favorable
2017-10-08,25,18,18,14,23,24,4.1,85,9.5,1016,40.875,27,21,18,116,122,356,0,5,7.5,météo correcte
2017-10-09,23,17,15,15,20,20,0,92,10,1013,44.5,25,17,17,119,116,113,0,4,10.3,météo favorable
2017-10-10,19,17,20,14,19,18,0,81,10,1015,30.125,19,15,17,113,116,113,0,5,11.6,météo favorable
2017-10-11,17,14,22,13,17,16,1.9,92,9.375,1014,87.875,17,15,13,263,122,122,0,4,6.4,météo défavorable
2017-10-12,15,14,25,14,14,14,8.4,95,7.5,1014,100,15,14,12,302,266,266,0,3,6.4,météo défavorable
2017-10-13,15,13,25,13,15,13,0.3,90,9,1021,90.375,15,12,11,266,122,122,0,3,6.4,météo défavorable
2017-10-14,21,15,7,8,19,20,0,71,7,1023,12.375,21,13,15,143,113,113,0,3,11.6,météo favorable
2017-10-15,24,18,13,11,22,22,0,69,10,1023,0,25,15,18,113,113,113,0,5,11.6,météo idéale
2017-10-16,28,19,19,13,25,25,0,74,10,1019,10.375,29,20,19,113,113,113,0,5,11.6,météo idéale
2017-10-17,24,22,15,21,23,23,8,96,7.125,1013,49.125,26,22,22,176,302,356,0,5,10.3,météo correcte
2017-10-18,28,24,27,20,27,27,1.2,90,8.75,1011,32,31,23,24,386,386,113,0,6,11.6,météo correcte
2017-10-19,22,17,21,19,21,20,14.6,84,8.125,1018,34.75,25,19,17,122,113,113,0,4,11.6,météo défavorable
2017-10-20,26,18,17,12,23,25,0,81,9,1016,23.75,27,20,19,143,113,113,0,5,11.6,météo idéale
2017-10-21,23,19,29,18,23,19,2.3,82,7.75,1019,45.625,25,19,19,248,119,113,0,4,10.3,météo correcte
2017-10-22,19,14,13,9,17,17,0,70,10,1024,6.75,19,10,13,113,113,113,0,4,11.6,météo favorable
2017-10-23,22,15,15,8,19,20,0,68,10,1023,25.625,24,13,14,116,113,113,0,4,11.6,météo favorable
2017-10-24,26,18,15,13,24,24,0,68,10,1017,12.625,27,17,18,113,113,113,0,5,11.6,météo idéale
2017-10-25,28,22,11,17,26,25,1.3,78,9.875,1013,30.125,29,21,22,116,113,386,0,6,10.3,météo favorable
2017-10-26,26,23,9,18,26,23,4.4,88,7.75,1010,48.25,28,21,23,353,353,353,0,5,11.6,météo correcte
2017-10-27,21,19,32,17,20,20,7.3,93,9.375,1009,61.25,21,18,19,356,353,176,0,5,9.5,météo correcte
2017-10-28,23,17,13,11,21,22,0,79,7.75,1011,38.25,25,17,17,248,113,113,0,5,12.1,météo favorable
2017-10-29,26,21,17,15,25,25,0,75,8,1011,11.875,28,20,21,143,113,113,0,6,13.6,météo idéale
2017-10-30,25,21,21,17,23,22,0,75,9,1015,13.625,26,17,21,143,113,113,0,5,13.6,météo idéale
2017-10-31,24,19,10,11,23,22,0,54,10,1019,0,25,12,19,113,113,113,0,5,13.6,météo idéale
2017-11-01,26,20,24,13,25,24,0,62,10,1017,19.625,27,16,20,116,113,113,0,5,13.6,météo idéale
2017-11-02,26,21,28,18,26,21,41.9,96,8.375,1012,32.125,27,21,21,116,386,389,0,6,13.3,météo très défavorable
2017-11-03,26,22,15,18,25,24,0.4,83,7.375,1010,47.625,28,19,22,248,113,113,0,5,13.3,météo favorable
2017-11-04,24,20,18,14,23,22,3.4,63,9.625,1014,21.5,25,18,20,113,113,113,0,4,13.7,météo favorable
2017-11-05,25,20,10,13,24,24,0,68,10,1018,13.5,26,16,20,113,113,113,0,5,13.7,météo idéale
2017-11-06,26,22,12,14,26,25,0,67,10,1019,5,27,18,22,113,113,113,0,6,13.7,météo idéale
2017-11-07,25,20,17,16,24,23,0,76,10,1015,30.375,26,18,20,116,116,113,0,6,13.7,météo favorable
2017-11-08,29,23,10,18,27,27,1.3,84,8.75,1011,44.5,30,20,23,353,113,200,0,6,13.3,météo favorable
2017-11-09,26,21,12,15,25,24,0,67,10,1013,5.625,26,16,21,113,113,113,0,6,13.8,météo idéale
2017-11-10,27,23,16,17,27,26,0,55,10,1014,10.25,27,15,23,113,113,113,0,6,13.8,météo idéale
2017-11-11,25,21,21,15,25,23,0,67,10,1013,0.625,26,15,22,113,113,113,0,6,13.8,météo idéale
2017-11-12,27,20,9,12,25,26,0,56,10,1013,1.125,27,15,20,113,113,113,0,5,13.8,météo idéale
2017-11-13,30,24,8,15,29,28,0,56,10,1014,0,29,16,24,113,113,113,0,6,13.8,météo idéale
2017-11-14,31,24,19,17,30,29,0,59,10,1013,0.625,32,19,25,113,113,113,0,6,13.8,météo idéale
2017-11-15,35,26,22,18,33,33,0,58,10,1007,5.25,38,21,26,113,113,113,0,7,13.8,météo favorable
2017-11-16,22,16,13,15,18,22,3.7,92,9.625,1014,48.125,25,14,16,356,353,113,0,5,11,météo correcte
2017-11-17,26,19,5,12,24,25,0,68,9,1011,7.125,26,14,19,143,113,113,0,5,13.9,météo idéale
2017-11-18,21,16,23,13,18,20,0,49,10,1013,10,23,10,16,113,116,113,0,5,13.9,météo favorable
2017-11-19,30,19,20,11,26,28,0,50,10,1012,3.5,28,14,19,113,113,113,0,5,13.9,météo idéale
2017-11-20,30,20,15,13,27,29,0,71,10,1013,5.75,29,16,20,113,113,113,0,6,13.9,météo idéale
2017-11-21,21,15,19,15,19,20,8.8,95,8.125,1017,41.625,24,15,15,308,176,113,0,5,12.2,météo correcte
2017-11-22,24,18,12,11,23,23,0,58,10,1018,2.375,25,12,18,113,113,113,0,5,13.9,météo idéale
2017-11-23,30,22,23,16,27,28,0,51,10,1013,2.375,29,15,22,113,113,113,0,6,13.9,météo idéale
2017-11-24,22,17,23,14,21,18,0,66,10,1017,9.25,25,12,17,113,113,113,0,5,14,météo favorable
2017-11-25,26,17,11,14,23,25,0.5,76,9,1017,25.25,26,15,17,266,113,113,0,5,13.3,météo idéale
2017-11-26,29,21,5,14,27,27,0,67,9,1014,2.375,28,15,21,143,113,113,0,6,14,météo idéale
2017-11-27,31,25,18,16,30,28,0,56,10,1017,3.625,31,18,25,113,113,113,0,6,14,météo idéale
2017-11-28,28,18,14,13,25,27,0,64,10,1021,2.375,29,17,18,113,113,113,0,6,14,météo idéale
2017-11-29,31,22,16,16,29,28,0,69,10,1016,23,31,17,23,113,116,113,0,6,13.4,météo favorable
2017-11-30,29,22,15,17,27,28,0,63,10,1012,2.375,29,16,22,113,113,113,0,6,14,météo idéale
2017-12-01,30,22,14,16,28,30,0,69,10,1012,9,31,18,22,113,113,113,0,6,14,météo idéale
2017-12-02,28,23,13,19,28,23,2.9,88,9.875,1011,36.875,30,21,23,113,176,353,0,6,12.2,météo favorable
2017-12-03,29,24,15,19,29,25,3.4,76,7.5,1011,32.625,31,20,24,143,113,356,0,6,13.4,météo favorable
2017-12-04,26,21,19,17,23,25,0.2,77,9.875,1016,57,27,17,21,122,119,176,0,6,11.1,météo correcte
2017-12-05,28,22,16,16,27,27,0,72,10,1018,35,29,17,22,116,113,116,0,6,13.4,météo favorable
2017-12-06,31,24,9,17,29,28,0,66,10,1014,11.5,32,18,24,113,113,116,0,6,14.1,météo idéale
2017-12-07,33,27,17,20,31,31,0,59,10,1011,6.25,33,19,27,113,113,113,0,7,14.1,météo idéale
2017-12-08,35,29,11,20,34,33,0,55,10,1009,6,35,19,29,113,113,113,0,7,14.1,météo favorable
2017-12-09,35,29,10,21,35,33,0,42,10,1009,20.625,35,16,29,113,113,116,0,7,14.1,météo favorable
2017-12-10,33,25,22,19,31,31,0,49,10,1008,4,31,14,25,113,113,113,0,7,14.1,météo idéale
2017-12-11,27,20,20,16,25,27,0,56,10,1015,0.5,26,11,20,113,113,113,0,6,14.1,météo idéale
2017-12-12,32,23,17,17,29,32,0,53,10,1014,0.75,31,13,23,113,113,113,0,6,14.1,météo idéale
2017-12-13,36,27,13,19,34,35,0,50,10,1011,11.75,35,16,27,113,113,113,0,7,14.1,météo favorable
2017-12-14,32,24,14,21,31,31,0.2,59,10,1014,16.25,32,16,24,113,113,113,0,7,14.1,météo idéale
2017-12-15,35,29,7,19,34,34,0,38,10,1013,2.25,34,13,29,113,113,113,0,7,14.1,météo idéale
2017-12-16,39,30,20,22,35,39,0.4,41,9.875,1008,13.5,42,20,30,113,386,200,0,8,14.1,météo correcte
2017-12-17,33,23,27,26,25,25,4.9,91,9.5,1019,20.125,34,22,23,356,176,113,0,7,13.4,météo favorable
2017-12-18,27,18,21,12,24,27,0,47,10,1022,4.625,27,13,18,113,113,113,0,6,14.1,météo idéale
2017-12-19,27,23,20,17,27,26,0,58,10,1018,32.625,28,16,23,113,116,116,0,6,14.1,météo favorable
2017-12-20,34,25,11,18,31,33,0.5,69,9.75,1014,18.25,34,19,25,176,113,113,0,6,14.1,météo idéale
2017-12-21,35,29,10,23,35,34,0,59,10,1010,20.25,39,20,29,113,113,116,0,7,14.1,météo favorable
2017-12-22,36,30,15,24,36,34,0.4,56,9.875,1009,23,38,21,30,113,116,113,0,7,14.1,météo favorable
2017-12-23,33,27,28,22,33,28,3.1,66,9.625,1011,16.25,34,20,27,356,113,113,0,7,14.1,météo favorable
2017-12-24,29,21,17,16,27,28,0,54,10,1016,6.875,27,14,21,113,113,113,0,6,14.1,météo idéale
2017-12-25,33,24,15,17,31,33,0,60,10,1014,0.25,32,16,24,113,113,113,0,7,14.1,météo idéale
2017-12-26,36,27,14,19,34,35,0,42,10,1012,0,34,13,27,113,113,113,0,7,14.1,météo idéale
2017-12-27,37,30,16,22,36,36,0,52,10,1013,4.25,36,19,30,113,113,113,0,7,14.1,météo favorable
2017-12-28,33,29,8,23,30,33,0.8,58,10,1012,19.625,34,21,29,113,353,113,0,7,13.4,météo correcte
2017-12-29,36,30,12,22,35,35,0,49,10,1011,6.125,35,20,30,113,113,113,0,7,14.1,météo favorable
2017-12-30,38,32,9,23,38,37,0,38,10,1007,8.25,38,15,32,113,113,113,0,8,14.5,météo favorable
2017-12-31,35,30,12,25,31,32,10.3,43,9.375,1008,43.125,36,20,30,116,116,176,0,7,13.4,météo correcte
2018-01-01,27,23,17,20,25,27,1.2,80,9.875,1009,48.5,28,20,23,116,116,116,0,5,13.4,météo favorable
2018-01-02,31,24,16,18,29,30,0,61,10,1008,10.5,30,16,24,113,113,113,0,6,14.5,météo idéale
2018-01-03,34,26,15,18,32,34,0,33,10,1010,2.125,32,9,26,113,113,113,0,7,14.5,météo idéale
2018-01-04,37,30,19,21,36,37,0,30,10,1010,3,36,10,30,113,113,113,0,7,14.5,météo favorable
2018-01-05,37,30,28,24,36,30,0,41,10,1009,27,37,15,30,113,113,119,0,7,12.3,météo favorable
2018-01-06,29,22,18,18,28,28,3.6,67,9.875,1017,17.25,28,17,22,176,113,113,0,5,14.5,météo favorable
2018-01-07,31,23,14,17,30,30,0,47,10,1019,3.125,29,12,24,113,113,113,0,6,14.5,météo idéale
2018-01-08,34,26,20,19,32,33,0,38,10,1019,2.125,32,10,26,113,113,113,0,7,14.4,météo idéale
2018-01-09,36,26,16,21,33,34,0,49,10,1017,9.375,36,17,26,113,113,113,0,7,14.4,météo favorable
2018-01-10,36,30,16,24,35,36,0,46,10,1017,13.125,37,17,30,113,113,113,0,8,14.4,météo favorable
2018-01-11,38,32,8,26,37,38,0,40,10,1014,16.75,38,17,33,113,113,113,0,8,14.4,météo favorable
2018-01-12,38,30,14,25,36,34,1.1,63,9.625,1010,40.5,39,22,30,176,200,116,0,8,14,météo correcte
2018-01-13,35,28,10,23,34,32,0.9,65,9.75,1006,30.5,38,21,28,176,176,116,0,7,11.6,météo favorable
2018-01-14,29,24,25,23,27,26,0.6,85,10,1007,55.5,30,21,24,119,353,116,0,7,10.4,météo correcte
2018-01-15,30,22,22,21,27,29,0,77,10,1012,51.5,31,18,22,122,116,113,0,5,10.4,météo favorable
2018-01-16,32,26,14,20,31,32,0,60,10,1016,24.125,33,18,26,113,116,116,0,7,11.6,météo favorable
2018-01-17,32,27,13,24,32,30,0,63,10,1014,62.875,34,20,27,116,116,119,0,7,9.3,météo correcte
2018-01-18,32,26,18,20,31,32,0,57,10,1013,13.875,32,19,26,113,113,113,0,7,11.6,météo idéale
2018-01-19,36,29,9,21,35,34,0,40,10,1016,4.375,34,14,29,113,113,113,0,7,11.6,météo idéale
2018-01-20,34,30,16,22,34,32,0,38,10,1013,9.75,33,14,30,113,113,113,0,7,11.6,météo idéale
2018-01-21,30,28,18,21,30,29,0,42,10,1011,28.5,31,15,28,113,116,116,0,7,11.6,météo favorable
2018-01-22,35,27,10,21,33,34,0.6,66,9.875,1006,12.5,35,20,27,176,113,113,0,7,11.6,météo favorable
2018-01-23,37,31,12,24,37,35,0,50,10,1005,26.5,38,20,31,113,113,116,0,8,10.4,météo favorable
2018-01-24,32,27,19,24,29,32,0,52,10,1014,6.25,34,20,27,113,113,113,0,7,11.6,météo idéale
2018-01-25,32,21,18,18,28,32,0,53,10,1017,8.375,31,14,21,113,113,113,0,6,11.6,météo idéale
2018-01-26,34,24,19,20,31,34,0,55,10,1015,0.75,32,15,24,113,113,113,0,7,11.6,météo idéale
2018-01-27,33,24,15,22,28,33,5.8,79,9.5,1011,36.75,37,22,24,176,356,116,0,7,10.4,météo correcte
2018-01-28,34,28,17,23,32,34,0.1,54,10,1009,15,34,18,28,113,113,113,0,7,11.6,météo idéale
2018-01-29,34,25,18,21,31,34,0,47,10,1012,1.375,32,17,25,113,113,113,0,7,11.6,météo idéale
2018-01-30,35,25,18,20,31,35,0,52,10,1011,1.625,33,14,25,113,113,113,0,7,11.6,météo idéale
2018-01-31,36,27,15,22,33,36,0,57,10,1013,18.375,35,18,27,116,113,113,0,7,11.6,météo favorable
2018-02-01,36,28,10,23,34,36,0,54,10,1013,6.5,36,18,28,113,113,113,0,7,11.6,météo favorable
2018-02-02,38,29,10,21,36,37,0,42,10,1013,1.375,37,15,29,113,113,113,0,7,11.6,météo favorable
2018-02-03,37,29,15,23,37,36,0,46,10,1012,5.125,38,16,29,113,113,113,0,8,11.6,météo favorable
2018-02-04,35,27,19,22,33,35,0,55,10,1014,23.125,36,17,27,113,113,113,0,7,10.4,météo favorable
2018-02-05,35,27,12,22,35,35,0,52,10,1012,9.25,37,17,28,113,113,113,0,7,11.6,météo favorable
2018-02-06,37,29,8,22,34,36,0,44,10,1009,6.75,36,15,29,113,113,113,0,7,11.6,météo favorable
2018-02-07,38,30,10,23,36,37,0,46,10,1009,7.75,37,17,30,113,113,113,0,8,11.6,météo favorable
2018-02-08,36,31,15,26,36,33,0,53,9.75,1008,26.375,37,20,31,116,113,113,0,8,11.6,météo favorable
2018-02-09,32,26,21,26,32,26,3,77,9.625,1007,33.875,35,22,26,116,200,176,0,6,11.6,météo correcte
2018-02-10,30,25,17,21,28,30,0.1,71,10,1011,28.625,32,21,25,113,116,116,0,7,11.6,météo favorable
2018-02-11,27,24,30,20,27,25,5.1,80,9.625,1019,59.5,28,20,24,353,116,116,0,5,10.3,météo correcte
2018-02-12,25,18,18,14,23,25,0,60,10,1022,1.5,25,10,18,113,113,113,0,6,11.6,météo idéale
2018-02-13,29,21,12,15,27,29,0,48,10,1022,0.25,27,10,21,113,113,113,0,6,11.6,météo idéale
2018-02-14,32,23,15,17,29,32,0,57,10,1022,1,30,14,23,113,113,113,0,6,11.6,météo idéale
2018-02-15,34,25,16,20,31,34,0,56,10,1020,2.625,33,15,25,113,113,113,0,7,11.6,météo idéale
2018-02-16,35,25,15,22,32,35,0,52,10,1019,26.875,35,15,25,116,116,113,0,7,10.3,météo favorable
2018-02-17,36,27,15,23,34,35,0,55,10,1015,8.25,36,17,27,113,113,113,0,7,11.6,météo favorable
2018-02-18,35,28,18,24,34,32,0.5,63,9.875,1010,22,36,20,28,113,113,386,0,7,11.6,météo favorable
2018-02-19,30,25,15,23,30,25,3.7,75,8.625,1006,39.875,31,20,25,113,116,266,0,6,9.1,météo favorable
2018-02-20,33,26,18,20,31,31,0,63,10,1008,25.75,33,18,26,113,113,113,0,7,11.6,météo idéale
2018-02-21,30,23,24,19,28,28,0,66,10,1013,6.25,28,17,23,113,113,113,0,6,11.6,météo idéale
2018-02-22,30,22,15,17,27,29,0,63,10,1017,2,28,15,22,113,113,113,0,6,11.6,météo idéale
2018-02-23,32,24,13,17,30,32,0,57,10,1017,2.5,31,15,24,113,113,113,0,6,11.6,météo idéale
2018-02-24,33,24,18,18,30,32,0,65,10,1018,13.875,31,17,24,113,113,113,0,7,11.6,météo idéale
2018-02-25,33,24,14,19,31,31,0,67,10,1017,11.75,33,18,24,113,113,113,0,7,11.6,météo idéale
2018-02-26,33,24,14,20,31,31,0,63,10,1016,16.75,32,17,24,113,113,113,0,7,11.6,météo idéale
2018-02-27,32,23,12,19,32,32,1.3,76,9.75,1013,17.75,34,19,23,176,113,113,0,6,11.6,météo idéale
2018-02-28,33,24,10,23,26,30,0,66,10,1012,36.875,33,18,24,116,116,113,0,7,11.6,météo favorable
2018-03-01,34,26,7,21,34,32,0,69,9.5,1014,29.125,36,20,26,113,200,200,0,7,11.6,météo correcte
2018-03-02,35,28,7,22,35,32,0.2,56,9.625,1015,27.375,36,18,28,113,113,200,0,6,11.6,météo favorable
2018-03-03,32,25,11,22,31,31,8.8,72,9.125,1014,34.125,33,20,25,356,176,200,0,6,11.6,météo correcte
2018-03-04,33,24,11,20,32,32,0.5,69,9.875,1011,16.25,34,19,24,113,113,113,0,6,11.6,météo idéale
2018-03-05,33,29,14,23,33,32,0,50,10,1011,16,34,17,29,113,113,113,0,7,11.6,météo idéale
2018-03-06,27,21,20,18,26,26,0,54,10,1016,3.5,26,17,21,113,113,113,0,6,11.6,météo idéale
2018-03-07,27,18,12,14,25,27,0,61,10,1017,0,26,11,18,113,113,113,0,6,11.6,météo idéale
2018-03-08,31,22,11,16,28,30,0,53,10,1015,1.625,29,12,22,113,113,113,0,6,11.6,météo idéale
2018-03-09,33,24,11,19,30,31,0,48,10,1013,5.375,32,13,24,113,113,113,0,7,11.6,météo idéale
2018-03-10,35,26,13,20,33,34,0,52,10,1010,1.75,34,15,26,113,113,113,0,7,11.6,météo idéale
2018-03-11,26,17,25,23,21,18,0.1,85,10,1014,26.375,26,18,17,113,116,113,0,6,10.3,météo favorable
2018-03-12,27,18,10,12,25,26,0,56,10,1015,1.5,26,10,18,113,113,113,0,5,11.6,météo idéale
2018-03-13,27,20,8,18,22,27,0.8,64,9.875,1012,31.125,27,14,20,176,113,113,0,6,11.6,météo favorable
2018-03-14,35,24,14,20,32,33,0.1,48,10,1010,32.375,35,20,24,116,113,116,0,7,11.6,météo favorable
2018-03-15,24,19,30,21,22,22,6.4,58,8.625,1014,12.25,26,23,19,113,113,113,0,5,11.6,météo favorable
2018-03-16,29,19,15,13,25,28,0,59,10,1015,9.25,27,11,19,113,113,113,0,6,11.6,météo idéale
2018-03-17,33,23,18,22,31,31,1.3,83,9.625,1010,50,38,23,23,353,176,386,0,7,10.3,météo favorable
2018-03-18,35,19,31,27,35,19,4.7,86,9.625,1009,30,39,22,19,113,116,356,0,7,10.3,météo favorable
2018-03-19,26,18,14,13,24,24,0,48,10,1014,1.625,25,9,18,113,113,113,0,5,11.6,météo idéale
2018-03-20,29,21,14,14,27,27,0,44,10,1015,0,28,10,21,113,113,113,0,6,11.6,météo idéale
2018-03-21,26,18,18,15,23,24,0,64,10,1020,0,25,11,18,113,113,113,0,5,11.6,météo idéale
2018-03-22,26,18,19,14,26,23,0,71,10,1015,13.125,26,13,18,113,113,116,0,6,11.6,météo idéale
2018-03-23,32,22,13,17,30,29,0,61,9.875,1010,35.5,33,21,22,113,113,119,0,6,8.8,météo favorable
2018-03-24,25,23,12,23,23,25,15.3,87,7.875,1011,38,26,22,23,356,356,113,0,5,10.2,météo défavorable
2018-03-25,21,15,30,14,16,19,0,72,10,1021,22.875,21,10,13,113,119,113,0,5,8.8,météo correcte
2018-03-26,23,15,14,10,20,21,0,58,10,1023,0.125,24,10,14,113,113,113,0,5,11.6,météo favorable
2018-03-27,26,18,14,13,23,25,0,78,10,1020,36.25,27,18,18,116,119,116,0,5,8.7,météo correcte
2018-03-28,27,20,8,19,23,26,0.3,91,6.5,1017,55.375,28,19,20,248,119,116,0,5,10.1,météo correcte
2018-03-29,31,24,7,19,30,29,0,81,8,1016,9.375,32,20,24,143,113,113,0,6,11.5,météo idéale
2018-03-30,32,26,7,21,32,29,0,73,10,1015,30.5,34,21,26,116,119,113,0,7,8.7,météo correcte
2018-03-31,31,25,15,21,30,28,0,65,10,1013,28.875,32,18,25,113,113,116,0,7,10.1,météo idéale
2018-04-01,29,22,18,19,27,27,0,70,10,1013,17.625,30,19,22,113,113,113,0,6,11.5,météo idéale
2018-04-02,27,20,12,17,25,25,0,82,10,1015,51.125,28,17,21,116,116,119,0,6,8.7,météo favorable
2018-04-03,27,21,9,18,26,26,1.9,80,9.875,1013,38,28,18,21,113,176,353,0,5,11.4,météo favorable
2018-04-04,29,22,5,17,28,26,0,76,10,1013,28.75,30,18,22,113,113,116,0,6,10.1,météo idéale
2018-04-05,29,23,11,19,28,27,0.2,74,9.875,1012,28.5,30,18,23,113,176,119,0,6,8.6,météo favorable
2018-04-06,30,23,13,19,29,26,0,68,10,1013,25.5,30,17,23,113,113,116,0,6,11.4,météo idéale
2018-04-07,29,23,13,19,29,26,0,71,10,1015,33.375,30,18,23,113,113,119,0,6,10.1,météo favorable
2018-04-08,31,24,16,21,29,28,0,74,10,1017,22.5,32,19,24,113,113,113,0,6,11.3,météo idéale
2018-04-09,33,25,15,21,30,29,0.2,71,10,1016,7.375,34,19,25,113,113,113,0,7,11.3,météo idéale
2018-04-10,32,25,26,22,31,29,0,65,10,1012,32.875,34,19,25,113,116,116,0,7,10.1,météo favorable
2018-04-11,35,28,30,25,33,32,0,64,10,1009,8.375,39,21,28,113,113,113,0,7,11.3,météo favorable
2018-04-12,27,17,28,27,20,17,12,91,9.25,1022,52.25,29,21,17,116,356,356,0,6,7.1,météo correcte
2018-04-13,21,15,23,13,20,19,0,67,10,1026,13.875,21,10,15,113,113,116,0,5,11.2,météo favorable
2018-04-14,25,18,17,15,23,23,1.3,74,9.875,1026,47.5,26,16,18,176,116,116,0,4,11.2,météo favorable
2018-04-15,27,18,15,16,23,25,0,75,10,1027,41.375,28,18,19,119,116,116,0,6,11.2,météo favorable
2018-04-16,28,20,16,17,26,25,0,79,10,1024,7.125,29,18,20,113,113,113,0,6,11.2,météo idéale
2018-04-17,29,22,16,19,28,26,0,71,10,1020,24.75,30,19,22,113,113,116,0,6,10.1,météo idéale
2018-04-18,31,24,16,20,30,28,0,70,10,1020,31.5,31,18,24,113,113,116,0,6,10.1,météo favorable
2018-04-19,31,24,14,21,28,28,0.9,74,9.875,1017,18.5,33,20,24,113,176,113,0,7,11.1,météo favorable
2018-04-20,28,23,16,21,26,26,24.3,92,6.75,1015,33,31,23,23,359,359,356,0,5,11.1,météo très défavorable
2018-04-21,30,24,10,21,28,27,2.7,83,9.875,1014,25,33,22,24,116,113,113,0,6,11.1,météo idéale
2018-04-22,30,24,13,22,30,26,0.8,84,8.75,1013,27.5,33,23,25,176,113,386,0,6,11.1,météo idéale
2018-04-23,26,23,10,22,25,24,19.9,94,7.75,1017,48.375,28,22,23,359,119,113,0,5,7,météo très défavorable
2018-04-24,24,21,15,18,23,23,0,88,7.75,1020,55.75,26,20,21,248,119,116,0,6,7,météo correcte
2018-04-25,29,23,8,20,27,26,0,91,6.125,1019,59.75,32,22,23,248,200,200,0,5,8.6,météo correcte
2018-04-26,29,23,15,21,28,27,0,88,8,1018,13.625,33,22,23,143,113,113,0,6,11,météo idéale
2018-04-27,31,25,16,24,29,27,0,80,10,1014,22.625,34,21,25,116,113,113,0,7,11,météo idéale
2018-04-28,31,24,12,21,29,27,0,77,10,1017,16.75,33,21,24,113,113,116,0,7,11,météo idéale
2018-04-29,25,24,17,22,24,24,6.2,92,9.25,1016,25.125,28,22,24,113,356,356,0,6,11,météo correcte
2018-04-30,25,21,14,20,24,23,4.5,93,8.5,1018,66,27,21,21,353,353,122,0,5,7,météo défavorable
2018-05-01,20,16,17,17,19,19,5.3,93,10,1019,92.75,20,19,16,353,353,353,0,4,5.5,météo défavorable
2018-05-02,22,18,16,18,20,21,22.3,96,7.75,1018,82.375,24,20,18,356,359,359,0,4,5.5,météo très défavorable
2018-05-03,24,20,8,19,22,22,13.9,96,6.625,1015,57.125,26,20,20,356,353,200,0,5,7,météo défavorable
2018-05-04,24,20,14,19,22,22,6.6,94,8.75,1015,44.875,26,21,20,299,353,113,0,6,10.1,météo correcte
2018-05-05,24,20,15,19,23,21,0.2,87,10,1020,39.25,25,19,20,353,116,113,0,6,10.9,météo favorable
2018-05-06,25,20,18,18,24,22,0,89,7,1022,47.625,27,20,20,143,116,119,0,5,8.5,météo favorable
2018-05-07,25,20,18,19,21,23,4.5,89,9.5,1021,60.125,27,21,20,122,176,356,0,6,7,météo correcte
2018-05-08,21,20,18,19,21,20,28.6,97,8.375,1018,75,21,20,20,359,356,302,0,5,5.4,météo très défavorable
2018-05-09,23,21,10,19,23,21,1.5,95,5.75,1016,32.375,25,21,21,143,200,176,0,5,10,météo correcte
2018-05-10,21,19,30,19,20,21,24.5,96,7.375,1013,70,21,20,19,359,308,353,0,4,6.9,météo très défavorable
2018-05-11,19,18,21,17,19,18,0.6,93,9,1016,76.875,19,17,18,266,353,116,0,4,6.9,météo défavorable
2018-05-12,21,14,5,11,19,17,0,80,10,1019,0.125,21,13,14,113,113,113,0,5,10.8,météo favorable
2018-05-13,21,15,15,12,20,19,0,86,10,1019,22,21,16,14,113,113,119,0,5,10,météo favorable
2018-05-14,22,16,13,13,20,19,0,85,10,1016,20.875,25,16,16,113,116,113,0,4,10.7,météo favorable
2018-05-15,21,18,18,18,21,18,0.1,89,9.625,1019,50.875,21,18,18,200,200,116,0,5,8.5,météo correcte
2018-05-16,17,12,11,11,16,13,0,69,10,1023,17.75,17,8,10,116,113,113,0,4,10.7,météo correcte
2018-05-17,15,13,11,11,13,14,0,84,10,1021,59.75,15,11,12,119,119,116,0,4,8.5,météo correcte
2018-05-18,18,13,16,11,17,15,0,90,10,1018,59.25,18,13,12,119,116,116,0,4,8.5,météo correcte
2018-05-19,16,11,19,10,15,13,0,85,10,1021,32.375,16,9,9,113,113,119,0,4,10,météo correcte
2018-05-20,17,10,9,8,15,13,0,87,10,1021,18.75,17,10,9,113,113,113,0,4,10.7,météo correcte
2018-05-21,17,11,10,9,16,14,0,89,8,1020,29.75,17,10,11,143,113,116,0,4,10.6,météo correcte
2018-05-22,16,10,11,8,15,12,0,79,9,1023,2.5,16,10,9,113,113,113,0,3,10.6,météo correcte
2018-05-23,18,10,5,7,16,13,0,77,10,1026,2.125,18,7,10,113,113,113,0,4,10.6,météo favorable
2018-05-24,18,11,5,7,17,14,0,76,10,1027,5.25,18,8,11,113,113,113,0,4,8.7,météo favorable
2018-05-25,19,12,11,9,17,14,0,81,10,1025,0.875,19,10,11,113,113,113,0,4,8.7,météo favorable
2018-05-26,23,13,14,10,20,19,0,88,10,1021,0.875,25,17,12,113,113,113,0,5,8.7,météo favorable
2018-05-27,26,18,12,15,23,21,0,89,10,1018,21.75,28,20,18,116,113,113,0,5,8.7,météo idéale
2018-05-28,27,21,26,20,25,23,0,85,10,1016,14.5,29,19,21,113,113,113,0,6,8.7,météo idéale
2018-05-29,25,20,20,19,23,22,0,78,10,1016,16.75,26,18,20,113,116,113,0,6,8.7,météo favorable
2018-05-30,22,20,9,20,20,20,0.9,93,8.875,1014,50.75,25,19,20,116,353,200,0,6,8.7,météo correcte
2018-05-31,18,12,23,15,14,12,4,93,8.375,1015,99.875,18,17,10,356,122,266,0,3,3.8,météo défavorable
2018-06-01,12,11,23,11,12,11,0.4,91,9,1022,97.625,12,11,9,266,122,122,0,3,3.8,météo défavorable
2018-06-02,13,7,17,6,11,9,0,79,10,1030,3.125,13,6,4,113,113,113,0,3,8.7,météo correcte
2018-06-03,13,7,13,4,12,12,0.1,84,10,1033,24.625,13,8,5,113,113,116,0,3,7.1,météo correcte
2018-06-04,15,9,10,7,12,11,0.1,92,7.75,1030,42.5,15,11,8,143,119,113,0,3,5.4,météo correcte
2018-06-05,14,9,13,7,13,10,0.1,87,8,1025,32.375,14,8,7,143,113,113,0,2,8.7,météo correcte
2018-06-06,15,8,10,6,14,12,0,82,10,1019,19.875,15,8,7,116,113,113,0,3,8.7,météo correcte
2018-06-07,14,9,18,8,13,11,0,78,10,1021,3.5,14,8,7,113,113,113,0,3,8.7,météo correcte
2018-06-08,16,8,18,5,14,12,0,83,10,1020,1.5,16,9,5,113,113,113,0,3,8.7,météo correcte
2018-06-09,18,10,17,8,16,15,0,82,10,1016,25.25,18,13,9,116,113,113,0,4,8.7,météo favorable
2018-06-10,22,18,12,17,21,20,0.1,90,10,1007,67,25,19,18,119,116,119,0,4,3.8,météo défavorable
2018-06-11,19,16,22,17,17,18,3.8,96,8.5,1009,84.75,19,17,16,356,122,119,0,4,3.8,météo défavorable
2018-06-12,14,11,25,14,12,11,0,91,7,1020,61.625,14,14,8,143,119,116,0,3,5.4,météo correcte
2018-06-13,12,7,15,6,10,9,0,85,10,1028,42.75,12,6,4,116,119,116,0,3,7.1,météo défavorable
2018-06-14,11,5,9,4,10,8,0,83,10,1031,22.25,11,4,4,113,113,116,0,3,8.7,météo très défavorable
2018-06-15,11,5,12,3,10,7,0,83,10,1034,2.125,11,3,3,113,113,113,0,3,8.7,météo très défavorable
2018-06-16,12,5,7,3,10,8,0,83,10,1034,3.625,12,3,4,113,113,113,0,3,8.7,météo très défavorable
2018-06-17,14,6,8,4,12,9,0,79,10,1031,0.25,14,4,4,113,113,113,0,3,8.7,météo correcte
2018-06-18,16,7,9,5,13,11,0,82,10,1029,0,16,7,6,113,113,113,0,3,8.7,météo correcte
2018-06-19,19,10,16,7,16,15,0,76,10,1025,1.625,19,12,8,113,113,113,0,4,8.7,météo favorable
2018-06-20,23,17,13,14,22,20,0,88,8,1020,25.125,25,17,17,143,116,116,0,5,8.7,météo favorable
2018-06-21,20,14,18,20,18,14,0,85,10,1021,29.625,20,16,13,116,116,113,0,5,7.1,météo favorable
2018-06-22,16,8,14,7,14,14,0,67,10,1022,27.125,16,7,6,113,113,122,0,4,7.1,météo correcte
2018-06-23,15,13,18,15,14,13,0,87,10,1021,62.375,15,13,12,119,119,119,0,4,3.8,météo correcte
2018-06-24,11,5,14,5,9,8,0,66,10,1025,8,11,5,2,113,113,113,0,3,8.7,météo très défavorable
2018-06-25,14,8,8,5,9,9,0,72,10,1020,27.875,14,4,6,113,116,113,0,3,7.1,météo correcte
2018-06-26,16,8,10,5,14,12,0,73,10,1018,3.75,16,6,7,113,113,113,0,3,8.7,météo correcte
2018-06-27,19,10,13,8,16,14,0,90,9,1016,4.125,19,11,8,143,113,113,0,4,8.7,météo favorable
2018-06-28,19,14,12,12,18,18,1.2,97,5.625,1016,78.75,19,18,14,248,122,386,0,4,3.8,météo défavorable
2018-06-29,21,17,8,17,19,18,11.8,99,4.75,1016,83,21,18,17,356,353,143,0,4,3.8,météo défavorable
2018-06-30,21,16,13,15,19,18,0.1,93,5.5,1016,52.125,24,17,16,143,116,113,0,4,10,météo favorable
2018-07-01,22,16,12,14,22,19,0.1,95,5.875,1013,50.25,24,19,16,143,116,143,0,5,8.4,météo favorable
2018-07-02,19,14,24,18,18,14,2.8,95,7.5,1022,76.875,19,18,12,356,122,122,0,4,5.2,météo défavorable
2018-07-03,11,7,21,7,10,9,0,72,10,1027,13.75,11,5,3,113,113,113,0,3,10.5,météo défavorable
2018-07-04,9,8,18,7,8,9,0,69,10,1024,57.625,9,4,4,116,122,116,0,3,8.4,météo défavorable
2018-07-05,12,10,10,9,11,11,0,89,10,1019,94.625,12,9,9,122,122,122,0,3,5.3,météo défavorable
2018-07-06,14,11,15,11,12,13,1.1,95,8.625,1020,99,14,13,9,122,122,296,0,3,5.3,météo défavorable
2018-07-07,14,11,24,13,12,11,3.6,93,8.25,1019,95,14,14,8,296,122,122,0,3,5.3,météo défavorable
2018-07-08,14,11,22,10,13,12,0.2,86,10,1029,65.625,14,9,9,116,122,116,0,3,6.8,météo défavorable
2018-07-09,13,8,16,6,12,11,0,87,10,1033,28.625,13,7,6,113,113,119,0,3,8.4,météo correcte
2018-07-10,14,6,10,5,12,10,0,90,9,1033,11.375,14,6,4,143,113,113,0,3,10.5,météo correcte
2018-07-11,16,9,13,6,14,13,0,89,9,1028,23.375,16,10,7,143,113,113,0,4,10,météo correcte
2018-07-12,18,10,14,8,15,14,0,89,9,1025,19.625,18,10,8,143,113,116,0,4,10.5,météo favorable
2018-07-13,20,12,12,10,17,16,0,84,10,1019,7.25,20,12,11,113,113,113,0,4,10.6,météo favorable
2018-07-14,24,14,16,11,20,20,0,86,10,1016,7.75,26,18,13,113,113,113,0,5,10.6,météo favorable
2018-07-15,23,16,25,17,23,16,0,89,8.875,1016,56.375,25,18,16,116,116,200,0,5,6.9,météo correcte
2018-07-16,15,11,25,13,13,13,1,85,7.875,1021,80.75,15,11,8,266,176,266,0,3,8.4,météo défavorable
2018-07-17,18,14,14,14,16,18,0.4,95,5.75,1020,99.5,18,17,13,266,122,143,0,4,5.3,météo défavorable
2018-07-18,22,18,9,17,20,21,7.8,97,6.125,1014,81.25,25,20,18,356,263,116,0,4,6.9,météo défavorable
2018-07-19,20,13,17,19,19,13,4.6,94,9.875,1012,82,20,19,12,353,353,296,0,4,6.9,météo défavorable
2018-07-20,11,8,26,10,9,8,12,92,8,1021,78.75,11,10,5,302,266,116,0,2,6.9,météo défavorable
2018-07-21,14,6,15,4,12,11,0,68,10,1024,0.125,14,5,3,113,113,113,0,3,10.6,météo correcte
2018-07-22,10,8,14,7,10,9,0.7,91,8.875,1021,65.5,10,8,6,122,176,119,0,3,6.9,météo défavorable
2018-07-23,12,7,22,6,11,9,0,85,8,1031,15.25,12,6,4,116,113,113,0,2,10.7,météo défavorable
2018-07-24,13,5,19,4,11,12,0,77,10,1033,31,13,8,1,113,113,122,0,3,10,météo correcte
2018-07-25,13,11,15,10,12,12,0.8,96,7.625,1028,100,13,12,9,296,122,143,0,3,5.3,météo défavorable
2018-07-26,12,10,13,10,11,11,0.1,95,6,1022,94.5,12,10,8,143,122,122,0,3,5.3,météo défavorable
2018-07-27,14,11,4,10,13,13,0,92,7,1021,87,14,10,11,143,119,122,0,3,5.4,météo défavorable
2018-07-28,14,11,15,11,14,13,0.4,93,9,1017,70.375,14,10,11,266,116,116,0,3,6.9,météo défavorable
2018-07-29,13,11,14,10,12,12,0,89,10,1016,66.625,13,9,9,122,122,119,0,4,5.4,météo défavorable
2018-07-30,16,9,9,7,14,13,0,82,8,1022,8,16,8,9,143,113,113,0,4,10.7,météo correcte
2018-07-31,13,8,16,7,12,10,0,81,10,1027,14.75,14,6,6,113,116,113,0,3,10.8,météo correcte
2018-08-01,14,6,14,3,12,10,0,76,10,1026,29.75,14,5,3,116,113,113,0,3,10,météo correcte
2018-08-02,15,6,14,4,12,12,0,83,10,1024,2.25,15,8,4,113,113,113,0,3,10.8,météo correcte
2018-08-03,16,9,9,7,15,14,0,91,6.75,1020,69.25,16,11,9,248,119,122,0,3,5.4,météo défavorable
2018-08-04,15,10,16,8,14,12,0,86,8,1021,25.75,15,9,7,116,113,116,0,3,10.8,météo correcte
2018-08-05,18,9,7,6,15,14,0,87,10,1021,4.125,18,8,8,113,113,113,0,4,10.8,météo favorable
2018-08-06,19,10,15,8,17,16,0,80,10,1022,1.75,19,11,9,113,113,113,0,4,10.8,météo favorable
2018-08-07,22,13,24,11,19,18,0,69,10,1017,8.625,24,12,11,113,113,116,0,5,10.9,météo favorable
2018-08-08,16,11,32,13,14,11,6.1,87,9.75,1019,65.875,16,14,7,299,113,122,0,4,8.5,météo défavorable
2018-08-09,11,9,24,8,10,10,0.1,78,10,1023,77.375,11,7,5,122,122,116,0,2,7,météo défavorable
2018-08-10,15,6,12,3,12,12,0,84,9,1024,2.875,15,5,4,143,113,113,0,3,10.9,météo correcte
2018-08-11,17,10,11,6,16,15,0,84,10,1024,24.125,17,12,9,113,116,116,0,4,10.1,météo correcte
2018-08-12,21,12,16,9,18,18,0,86,9,1022,11.125,21,14,10,143,113,113,0,4,10.9,météo favorable
2018-08-13,25,15,15,11,21,21,0,87,8,1018,17.5,26,17,13,143,113,113,0,5,10.9,météo idéale
2018-08-14,17,13,24,15,16,15,0.9,83,9.625,1024,29.125,18,16,11,176,116,113,0,4,11,météo correcte
2018-08-15,17,10,12,7,15,15,0,80,10,1027,9.375,17,8,8,113,113,113,0,4,11,météo correcte
2018-08-16,19,11,14,8,16,16,0,79,10,1026,34.25,19,10,9,116,116,116,0,4,11,météo favorable
2018-08-17,24,14,15,11,21,21,0,88,8,1024,12.375,26,17,13,143,113,113,0,5,11,météo favorable
2018-08-18,26,18,21,16,24,23,0,74,10,1018,22.5,27,19,18,113,116,116,0,6,11,météo favorable
2018-08-19,16,7,32,11,7,10,11.2,91,9.375,1031,70.25,16,15,3,353,308,113,0,3,8.6,météo défavorable
2018-08-20,12,6,17,4,10,9,0,74,10,1032,22.25,12,3,3,116,113,113,0,3,11.1,météo défavorable
2018-08-21,12,6,10,2,11,11,0,73,10,1031,26.125,12,6,4,113,119,116,0,3,10.1,météo défavorable
2018-08-22,16,10,15,5,15,14,0,82,10,1027,42,16,10,9,116,116,116,0,4,10.1,météo correcte
2018-08-23,17,10,19,8,15,16,0,86,9,1018,31.25,17,12,8,143,113,116,0,4,11.1,météo correcte
2018-08-24,16,11,29,13,13,12,1.3,91,8.75,1019,69.375,16,13,9,296,119,176,0,4,7.1,météo défavorable
2018-08-25,13,8,19,6,12,11,0,66,10,1028,4,13,6,5,113,113,113,0,3,11.2,météo correcte
2018-08-26,17,8,16,5,14,14,0,64,10,1029,1.125,17,8,6,113,113,113,0,4,11.2,météo correcte
2018-08-27,20,11,17,7,17,16,0,66,10,1023,3.5,20,10,8,113,113,113,0,4,11.2,météo favorable
2018-08-28,24,14,14,9,21,21,0,75,10,1019,0.5,25,15,13,113,113,113,0,5,11.2,météo favorable
2018-08-29,23,17,15,15,21,23,4.5,84,9.25,1015,31.125,25,20,17,116,356,113,0,5,11.2,météo correcte
2018-08-30,27,20,19,19,24,22,8.7,92,8.75,1013,49.25,29,21,20,113,386,359,0,5,8.6,météo correcte
2018-08-31,12,10,29,12,10,11,11.3,93,8.125,1019,100,12,11,7,356,302,266,0,3,5.6,météo défavorable
2018-09-01,12,11,23,11,12,12,4.5,94,9.5,1020,100,12,11,8,122,296,302,0,3,5.6,météo défavorable
2018-09-02,18,11,21,11,16,16,1,91,10,1021,81.5,18,14,9,353,122,116,0,3,7.1,météo défavorable
2018-09-03,19,14,14,11,18,17,0,90,7.5,1023,59.875,20,14,13,248,116,113,0,4,8.6,météo correcte
2018-09-04,20,13,7,9,18,17,0,81,7,1023,5.5,20,11,12,143,113,113,0,3,11.3,météo favorable
2018-09-05,21,14,20,10,19,19,0,78,10,1021,0,24,14,12,113,113,113,0,5,11.3,météo favorable
2018-09-06,25,16,19,12,23,22,0,73,10,1017,0,26,16,16,113,113,113,0,5,11.4,météo idéale
2018-09-07,26,18,11,14,24,23,0,75,10,1019,0,27,16,18,113,113,113,0,5,11.4,météo idéale
2018-09-08,26,19,13,15,25,23,0,75,10,1020,0,26,17,19,113,113,113,0,5,11.4,météo idéale
2018-09-09,23,16,17,14,21,21,0,76,10,1022,5,25,15,16,113,113,113,0,5,11.6,météo favorable
2018-09-10,20,15,19,12,17,19,0,84,9,1023,41.875,20,15,15,143,122,119,0,5,8.8,météo correcte
2018-09-11,23,15,19,12,20,20,0,81,10,1022,17.75,25,15,15,116,113,113,0,5,11.6,météo favorable
2018-09-12,24,14,16,11,20,21,0,82,10,1019,18.75,25,15,13,116,113,113,0,5,11.6,météo favorable
2018-09-13,19,17,13,14,19,18,1.6,91,7.875,1016,75.625,19,17,17,353,266,296,0,5,6,météo défavorable
2018-09-14,18,15,13,13,18,16,0,93,8,1016,65,18,15,15,143,122,116,0,5,7.4,météo défavorable
2018-09-15,22,16,7,14,17,20,0,94,5.5,1014,70.625,24,17,16,248,122,113,0,4,7.4,météo défavorable
2018-09-16,23,18,8,14,22,21,0,89,6.75,1014,59.25,25,17,18,248,116,116,0,4,10.2,météo correcte
2018-09-17,24,19,8,16,22,22,0,83,9,1014,33.375,25,16,19,143,113,113,0,4,11.6,météo favorable
2018-09-18,25,18,16,14,23,22,0,81,9,1012,9.625,26,18,18,143,113,113,0,5,11.6,météo idéale
2018-09-19,23,18,20,16,21,20,1,86,10,1015,23.375,25,16,18,353,113,113,0,5,10.2,météo favorable
2018-09-20,22,16,17,14,19,20,0,65,10,1018,16,24,13,16,113,113,113,0,5,11.6,météo favorable
2018-09-21,28,18,14,16,25,26,0,87,10,1015,37.75,30,21,18,122,113,113,0,6,10.2,météo favorable
2018-09-22,30,24,28,19,30,29,0,81,9.875,1011,12.75,34,24,24,113,113,113,0,6,11.6,météo idéale
2018-09-23,27,25,31,24,26,26,11.3,91,8.5,1008,34.375,30,23,25,359,200,386,0,5,11.6,météo correcte
2018-09-24,22,17,23,17,19,19,4,73,9.5,1016,41.25,25,20,17,176,119,113,0,4,10.2,météo correcte
2018-09-25,21,17,13,15,19,20,1.4,93,7.375,1016,82.875,24,19,17,116,266,353,0,4,6.1,météo défavorable
2018-09-26,24,20,15,17,24,22,2.4,92,8.75,1013,82.5,26,20,20,353,119,353,0,5,7.5,météo défavorable
2018-09-27,22,19,17,16,21,21,0,86,9.875,1014,90.75,25,19,19,119,122,122,0,4,6.1,météo défavorable
2018-09-28,28,20,16,19,24,26,0,88,8.875,1015,69.375,31,22,20,122,119,116,0,5,8.8,météo défavorable
2018-09-29,31,24,27,23,28,24,79.2,94,9.375,1007,19.125,36,24,24,113,386,389,0,6,11.6,météo très défavorable
2018-09-30,28,23,22,21,27,27,4.7,89,8.625,1007,23.5,31,23,23,356,113,113,0,5,11.6,météo favorable
2018-10-01,21,13,32,17,13,15,14.4,95,7.75,1018,63,24,20,11,353,302,113,0,4,7.5,météo défavorable
2018-10-02,19,12,14,7,17,17,0,68,10,1020,9.5,19,11,10,116,113,113,0,4,11.6,météo favorable
2018-10-03,21,14,9,8,20,19,0,73,10,1020,0.5,24,12,14,113,113,113,0,4,11.6,météo favorable
2018-10-04,23,17,13,11,22,19,0,67,10,1024,22,25,13,18,113,113,113,0,5,11.6,météo favorable
2018-10-05,21,15,12,10,20,19,0,62,10,1025,29.125,21,11,15,116,113,113,0,4,11.6,météo favorable
2018-10-06,22,15,14,11,19,20,0,74,10,1022,18.25,25,14,15,116,113,113,0,5,11.6,météo favorable
2018-10-07,27,18,12,12,24,25,0,73,10,1016,18.5,28,19,18,113,113,116,0,5,11.6,météo idéale
2018-10-08,30,24,18,19,29,28,0,82,9,1010,11.875,33,23,24,143,113,113,0,6,11.6,météo idéale
2018-10-09,25,22,20,22,25,22,5.8,86,8.5,1013,35.75,27,21,22,386,116,176,0,5,10.2,météo favorable
2018-10-10,22,17,22,13,21,20,0,66,10,1021,9.375,25,13,17,113,113,113,0,5,11.6,météo favorable
2018-10-11,19,15,26,12,19,16,0,68,10,1023,29.125,19,12,15,113,113,116,0,4,11.6,météo favorable
2018-10-12,14,12,21,13,13,14,5.9,95,9.625,1019,96,14,13,10,353,302,122,0,3,6.4,météo défavorable
2018-10-13,21,15,17,9,20,19,0.1,78,9,1020,21.125,21,13,14,143,113,113,0,5,11.6,météo favorable
2018-10-14,22,17,9,10,21,21,0,70,10,1020,4.625,24,13,17,113,113,116,0,5,11.6,météo favorable
2018-10-15,25,18,8,12,23,23,0,60,10,1017,0,26,15,18,113,113,113,0,5,11.6,météo idéale
2018-10-16,28,21,12,14,27,26,0,72,10,1011,0,29,19,21,113,113,113,0,6,11.6,météo idéale
2018-10-17,31,25,12,19,29,28,0,75,9,1008,8.875,33,21,25,143,113,113,0,6,10.3,météo idéale
2018-10-18,30,26,26,20,30,26,0,76,9,1016,15.5,32,21,26,143,113,113,0,6,11.6,météo idéale
2018-10-19,26,18,22,19,22,24,0,81,10,1022,38.625,27,19,18,119,113,113,0,6,10.3,météo favorable
2018-10-20,23,16,21,13,22,21,0,67,10,1023,1.25,25,14,16,113,113,113,0,5,11.6,météo favorable
2018-10-21,26,16,19,15,21,24,0.1,68,10,1018,12.125,26,16,16,113,113,113,0,5,11.6,météo idéale
2018-10-22,26,20,19,17,26,20,3.7,88,9.75,1016,52.75,27,18,20,116,116,299,0,6,10.3,météo favorable
2018-10-23,22,16,21,16,19,20,1.4,87,8.875,1020,43.5,25,16,16,293,116,113,0,4,11.6,météo favorable
2018-10-24,25,17,18,13,22,24,0,68,10,1020,29.25,26,17,17,113,113,119,0,5,10.3,météo idéale
2018-10-25,27,21,17,16,26,24,0.1,72,10,1016,40.875,28,19,21,116,116,116,0,5,11.6,météo favorable
2018-10-26,20,17,18,16,17,20,0.1,88,10,1017,42.75,20,16,17,116,122,113,0,5,10.3,météo correcte
2018-10-27,23,17,13,12,22,22,0,75,7.75,1017,37.75,25,14,18,248,113,113,0,5,13.1,météo favorable
2018-10-28,26,20,12,14,24,23,0,73,10,1018,42.875,26,15,20,116,116,116,0,5,13.5,météo favorable
2018-10-29,27,21,17,15,26,26,0,67,10,1014,12,27,16,21,113,113,113,0,6,13.6,météo idéale
2018-10-30,29,23,17,18,29,26,0,68,10,1011,27.25,30,19,23,113,116,116,0,6,13.3,météo favorable
2018-10-31,24,19,16,19,24,19,2.5,83,9.75,1015,44.625,25,17,19,353,113,293,0,6,13.3,météo favorable
2018-11-01,22,16,17,11,21,21,0,69,10,1019,5.625,24,12,16,113,113,113,0,5,13.6,météo favorable
2018-11-02,29,19,22,12,26,27,0,69,9.75,1015,24.375,30,21,19,113,113,200,0,6,13.3,météo idéale
2018-11-03,29,21,20,18,27,26,0.7,81,9,1012,21.5,29,22,21,119,113,113,0,5,13.3,météo idéale
2018-11-04,29,23,15,15,27,26,0,64,10,1015,5.625,29,17,23,116,113,113,0,6,13.7,météo idéale
2018-11-05,29,22,15,16,28,28,0,66,10,1015,5.375,29,17,22,113,113,113,0,6,13.7,météo idéale
2018-11-06,28,23,21,19,28,25,0,74,10,1020,13.875,29,19,23,113,113,113,0,6,13.7,météo idéale
2018-11-07,27,20,20,16,26,25,0,68,10,1024,6,27,15,21,113,113,113,0,6,13.7,météo idéale
2018-11-08,31,22,21,16,28,29,0,69,10,1021,4.625,32,20,22,113,113,113,0,6,13.7,météo idéale
2018-11-09,33,26,20,21,32,31,0,63,10,1014,7.75,35,20,26,113,113,113,0,7,13.7,météo favorable
2018-11-10,34,28,21,21,32,32,0,58,10,1009,1.875,37,21,28,113,113,113,0,7,13.8,météo favorable
2018-11-11,33,28,23,24,33,31,0,62,10,1009,20.125,35,20,28,116,113,113,0,7,13.3,météo favorable
2018-11-12,26,23,18,26,25,24,4.1,92,9.5,1008,43.5,28,22,24,113,356,200,0,7,12.1,météo correcte
2018-11-13,25,23,26,23,24,23,64.6,95,8,1005,89.25,28,23,23,308,302,353,0,6,8.6,météo très défavorable
2018-11-14,26,20,23,17,25,24,0,60,10,1010,5.375,26,19,21,113,113,113,0,6,13.8,météo idéale
2018-11-15,29,23,6,15,28,28,0,57,10,1012,0,29,17,23,113,113,113,0,6,13.8,météo idéale
2018-11-16,28,21,18,17,26,27,0,76,10,1018,7.5,29,20,21,113,113,113,0,6,13.9,météo idéale
2018-11-17,26,22,20,19,26,25,5,84,9.625,1012,32.25,28,22,22,113,353,356,0,6,13.3,météo correcte
2018-11-18,23,19,26,15,22,22,0,60,10,1018,4.75,25,16,20,113,113,113,0,5,13.9,météo favorable
2018-11-19,24,20,14,13,23,23,0,56,10,1020,0,25,14,20,113,113,113,0,5,13.9,météo idéale
2018-11-20,29,21,13,13,26,28,0,58,10,1018,0,29,17,21,113,113,113,0,6,13.9,météo idéale
2018-11-21,32,24,15,16,30,31,0,67,10,1014,0,34,21,24,113,113,113,0,6,13.9,météo idéale
2018-11-22,33,28,21,22,32,28,0,72,9.75,1010,19.625,36,23,28,113,113,200,0,7,13.9,météo favorable
2018-11-23,24,19,20,19,22,23,3.5,93,9.875,1011,86.625,26,20,19,353,296,353,0,6,8.7,météo défavorable
2018-11-24,24,18,18,17,20,23,0,88,10,1013,56.125,25,17,18,122,119,113,0,4,11,météo correcte
2018-11-25,26,20,13,12,24,25,0,63,10,1018,5.875,26,14,20,113,113,113,0,5,14,météo idéale
2018-11-26,26,20,20,17,25,25,0,58,10,1019,9.375,26,15,20,113,113,113,0,6,14,météo idéale
2018-11-27,27,22,19,17,27,25,3.1,80,8.625,1016,26.75,29,21,22,113,113,356,0,6,14,météo favorable
2018-11-28,28,24,17,20,27,26,2.8,86,9,1013,57.125,30,21,24,353,353,116,0,5,12.2,météo correcte
2018-11-29,24,18,13,17,21,22,0,88,7.75,1014,52.875,25,18,18,143,116,116,0,5,12.2,météo favorable
2018-11-30,27,21,14,16,24,25,0.1,86,6.5,1011,51.75,28,18,21,248,113,113,0,5,11.1,météo favorable
2018-12-01,24,21,26,16,21,21,0.1,74,10,1017,37.5,25,17,21,113,113,119,0,5,11.1,météo favorable
2018-12-02,21,16,18,11,19,19,0,61,10,1022,1.625,21,9,16,113,113,113,0,5,14,météo favorable
2018-12-03,25,18,12,9,23,24,0,48,10,1018,0.5,25,10,18,113,113,113,0,5,14,météo idéale
2018-12-04,30,23,18,14,28,29,0,54,10,1010,15.625,29,16,23,113,113,116,0,6,14.1,météo idéale
2018-12-05,26,19,16,13,24,25,0,62,10,1015,6.5,26,14,19,113,113,113,0,6,14.1,météo idéale
2018-12-06,23,18,21,13,22,21,0,62,10,1022,29.375,25,13,18,116,116,113,0,5,13.4,météo favorable
2018-12-07,22,16,13,10,21,21,0,61,10,1025,3.625,24,10,16,113,113,113,0,5,14.1,météo favorable
2018-12-08,27,20,14,11,25,26,0,52,10,1022,5.75,27,12,20,113,113,113,0,5,14.1,météo idéale
2018-12-09,31,23,16,15,29,25,0,56,10,1015,37.25,31,15,23,113,113,116,0,6,14.1,météo favorable
2018-12-10,34,26,9,18,33,33,0,59,10,1016,6.75,34,17,26,113,113,113,0,7,14.1,météo idéale
2018-12-11,32,24,22,25,26,32,5.9,83,9.125,1012,30.125,37,23,24,113,356,200,0,7,14.1,météo correcte
2018-12-12,30,23,10,22,28,29,7.1,89,9.375,1014,36.875,32,22,24,356,176,116,0,6,13.4,météo favorable
2018-12-13,35,24,23,23,24,31,3.2,84,9,1013,39.875,42,24,24,119,356,263,0,7,12.2,météo correcte
2018-12-14,30,25,19,24,28,28,11.2,88,9.125,1013,42.375,34,23,25,359,113,116,0,7,13.4,météo correcte
2018-12-15,28,21,14,18,26,27,0,64,10,1019,21,28,16,21,116,113,113,0,6,13.4,météo idéale
2018-12-16,33,25,14,19,31,33,0,64,10,1016,11.125,37,23,25,113,113,113,0,7,14.1,météo favorable
2018-12-17,27,23,15,24,25,23,79.5,96,7.625,1013,42.875,30,24,23,359,359,305,0,6,14.1,météo très défavorable
2018-12-18,23,20,17,19,21,23,2.8,92,9.75,1017,87.375,25,20,20,296,122,122,0,5,8.8,météo défavorable
2018-12-19,22,21,12,18,22,21,7.3,96,5.125,1016,72.875,24,21,21,248,302,299,0,6,10,météo défavorable
2018-12-20,28,25,7,19,26,28,0,81,6.875,1009,65.375,32,22,25,143,119,116,0,5,11.1,météo défavorable
2018-12-21,28,23,14,20,26,27,3,82,7.625,1009,32.5,29,20,23,143,116,113,0,5,13.4,météo favorable
2018-12-22,28,24,14,18,27,27,0,66,10,1012,3.75,29,18,24,113,113,113,0,6,14.1,météo idéale
2018-12-23,29,24,16,17,28,28,0,69,9,1015,1.375,29,18,24,143,113,113,0,6,14.1,météo idéale
2018-12-24,30,24,13,18,29,29,0,73,10,1016,5,31,19,24,113,113,113,0,6,14.1,météo idéale
2018-12-25,32,23,13,18,29,30,0,70,10,1013,12.625,33,20,23,113,113,116,0,7,14.1,météo idéale
2018-12-26,33,27,13,22,33,32,0.1,72,10,1011,22.375,36,22,27,113,113,116,0,7,14.1,météo favorable
2018-12-27,35,29,17,23,34,33,0.2,68,9.875,1008,19.125,38,22,29,113,176,113,0,7,14.1,météo favorable
2018-12-28,35,29,10,24,34,35,2.3,69,9.625,1009,19.625,40,23,29,113,113,200,0,6,14.1,météo correcte
2018-12-29,35,30,14,25,35,34,0,65,10,1008,24,40,23,30,113,116,116,0,8,14.1,météo correcte
2018-12-30,32,28,18,26,31,30,0,74,10,1011,12.5,36,23,28,113,116,113,0,7,14.5,météo favorable
2018-12-31,33,24,13,20,31,33,0.5,69,9.875,1013,18.375,38,23,24,113,113,116,0,7,14.5,météo favorable
2019-01-01,33,27,17,25,31,33,16.7,83,8.125,1011,64.125,40,24,27,356,176,200,0,6,10.1,météo très défavorable
2019-01-02,36,31,24,27,35,33,2.4,70,9.375,1008,51.875,43,25,31,176,200,200,0,7,12.3,météo correcte
2019-01-03,28,18,27,24,22,18,167.8,91,7,1013,70.5,33,25,18,308,176,116,0,5,11.2,météo très défavorable
2019-01-04,28,21,14,17,26,27,0,74,10,1016,11,28,17,21,116,116,116,0,6,14.5,météo favorable
2019-01-05,31,23,17,19,28,30,0,75,10,1014,6.375,33,20,23,116,116,116,0,7,14.5,météo favorable
2019-01-06,31,26,16,23,31,29,32,77,8.625,1009,48.375,35,24,26,116,116,356,0,7,12.3,météo très défavorable
2019-01-07,29,25,23,23,26,28,77.5,90,6.375,1005,81.5,32,24,25,359,353,176,0,6,9,météo très défavorable
2019-01-08,32,25,15,21,30,31,2.3,76,9.75,1010,25,36,24,25,113,116,200,0,7,13.4,météo favorable
2019-01-09,28,24,19,24,28,24,144.3,93,6.75,1008,72.125,32,24,24,200,359,308,0,7,10.1,météo très défavorable
2019-01-10,27,21,18,20,23,25,5.9,81,9.625,1015,64.5,29,21,21,116,176,353,0,5,11.2,météo correcte
2019-01-11,27,20,18,17,25,27,0,80,10,1019,15.75,28,18,20,116,116,116,0,6,14.4,météo favorable
2019-01-12,27,21,19,20,26,27,10.6,89,8.375,1016,76.375,29,22,21,299,122,176,0,5,9.9,météo défavorable
2019-01-13,29,24,14,22,27,28,38.3,89,5.25,1013,77.5,34,24,24,302,359,356,0,7,7,météo très défavorable
2019-01-14,30,26,6,23,30,27,20.4,83,7.875,1012,53.25,35,23,26,143,353,356,0,7,8.1,météo très défavorable
2019-01-15,25,24,9,23,24,24,114.9,95,7.125,1012,69.375,27,23,24,356,308,299,0,6,8.1,météo très défavorable
2019-01-16,31,23,7,20,29,31,0.4,83,9,1012,28.125,35,22,23,143,116,116,0,6,11.6,météo favorable
2019-01-17,24,22,15,22,24,24,6.5,84,7.875,1015,60.5,26,21,24,116,296,266,0,6,7,météo correcte
2019-01-18,21,15,29,17,18,15,32.8,91,8,1018,96,21,19,15,302,296,176,0,4,6.8,météo très défavorable
2019-01-19,24,19,22,16,23,23,0.1,79,10,1021,48.75,26,17,19,116,116,176,0,6,8,météo favorable
2019-01-20,27,20,16,17,24,26,0.6,79,9.875,1019,48.875,28,19,20,116,176,176,0,6,8,météo favorable
2019-01-21,30,23,8,19,28,30,0,76,10,1015,24.625,32,19,23,116,116,116,0,7,11.6,météo favorable
2019-01-22,33,25,14,22,30,32,0,73,10,1014,17.5,37,23,25,113,116,116,0,7,11.6,météo favorable
2019-01-23,32,26,13,24,31,31,10,83,9.125,1015,59.125,38,25,26,356,116,386,0,7,9.2,météo correcte
2019-01-24,32,26,21,23,30,32,0,80,10,1015,26.875,38,24,26,116,116,116,0,7,11.6,météo favorable
2019-01-25,32,25,23,23,30,32,0,78,10,1014,15,38,23,25,116,116,116,0,7,10.4,météo favorable
2019-01-26,31,27,13,25,31,31,3.5,80,9.5,1013,30.25,37,25,27,116,116,200,0,7,10.4,météo favorable
2019-01-27,33,25,12,25,31,33,14.8,90,8.75,1012,50.25,40,24,25,356,116,116,0,7,10.4,météo défavorable
2019-01-28,34,29,20,26,33,33,0.4,73,9.75,1012,33.25,40,24,29,116,176,116,0,8,9.2,météo correcte
2019-01-29,34,29,23,26,32,33,0,66,10,1012,14,38,23,29,116,116,116,0,8,11.6,météo favorable
2019-01-30,34,28,17,28,28,32,4.4,72,9.5,1011,46.375,39,24,28,116,353,200,0,7,9.1,météo correcte
2019-01-31,33,26,19,24,31,29,52.4,88,6.875,1012,75.25,40,24,26,356,200,356,0,6,7.9,météo très défavorable
2019-02-01,27,24,8,24,25,25,56.3,92,7.875,1014,68.625,30,23,24,308,293,116,0,6,9.1,météo très défavorable
2019-02-02,30,26,20,22,30,28,4.2,83,8.5,1018,64.25,34,23,26,143,176,176,0,7,6.7,météo correcte
2019-02-03,25,18,21,17,23,25,0,72,10,1024,20.5,26,15,18,116,116,116,0,6,11.6,météo favorable
2019-02-04,26,20,16,17,24,25,0,70,10,1023,0,27,15,20,113,113,113,0,6,11.6,météo idéale
2019-02-05,27,21,14,17,25,27,0,72,12.5,1021,15.125,27,16,21,116,116,113,0,6,11.6,météo favorable
2019-02-06,29,22,15,19,27,29,0,71,10,1016,12.25,30,18,22,113,113,113,0,7,11.6,météo idéale
2019-02-07,31,24,13,21,29,31,0,70,10,1011,10.875,34,20,24,113,113,116,0,7,11.6,météo idéale
2019-02-08,34,26,11,23,32,34,0,65,10,1009,8.625,37,21,26,113,116,116,0,7,11.6,météo favorable
2019-02-09,34,26,14,24,31,32,0,69,20,1011,15.625,37,21,26,116,116,116,0,7,11.6,météo favorable
2019-02-10,33,28,11,25,33,31,0,67,13.625,1008,20.25,38,23,28,116,116,200,0,8,10.4,météo favorable
2019-02-11,31,28,20,25,28,30,10.2,74,12.125,1013,65,34,23,28,176,353,116,0,6,7.8,météo défavorable
2019-02-12,23,19,29,18,21,23,0,66,11.25,1024,11.375,25,16,19,116,116,113,0,6,11.6,météo favorable
2019-02-13,25,18,16,15,22,22,0,67,13.75,1022,0.625,25,12,18,113,113,113,0,6,11.6,météo idéale
2019-02-14,27,21,16,18,27,22,0,81,13.5,1017,29.125,29,18,21,116,116,116,0,6,11.6,météo favorable
2019-02-15,27,21,19,18,26,27,0.5,82,12.25,1015,42,29,18,21,116,116,176,0,6,9.1,météo favorable
2019-02-16,29,22,15,19,27,29,0,74,15,1016,22,31,20,22,116,116,116,0,7,10.3,météo favorable
2019-02-17,31,24,14,21,29,30,0,73,15,1015,10,33,20,24,116,116,116,0,7,11.6,météo favorable
2019-02-18,32,24,13,21,29,32,0,70,11.25,1012,9,35,20,24,113,116,116,0,7,11.6,météo favorable
2019-02-19,34,27,10,23,32,33,0,65,10,1010,14.625,36,20,27,116,116,116,0,7,11.6,météo favorable
2019-02-20,35,28,12,24,33,34,0,65,10,1011,3.625,37,21,28,113,113,116,0,8,11.6,météo favorable
2019-02-21,35,27,17,25,33,34,0,62,10,1013,1.625,37,20,27,113,113,116,0,8,11.6,météo favorable
2019-02-22,35,27,18,24,32,34,0,60,10,1013,3.5,37,20,27,116,116,116,0,8,11.6,météo favorable
2019-02-23,36,29,15,27,32,35,0.4,55,19.375,1008,23.375,39,21,29,116,176,116,0,8,10.3,météo favorable
2019-02-24,28,18,21,23,22,18,22,89,8.25,1007,84.375,30,22,18,353,356,176,0,5,6.5,météo très défavorable
2019-02-25,27,21,15,18,26,26,0,76,10,1013,14.125,28,17,21,116,116,116,0,6,11.6,météo favorable
2019-02-26,23,19,21,17,23,21,0,60,10,1019,19,24,13,19,119,116,113,0,6,11.6,météo favorable
2019-02-27,26,17,6,13,23,25,0,49,10,1019,3,25,8,17,113,116,113,0,6,11.6,météo favorable
2019-02-28,29,20,10,16,26,28,0,46,10,1018,3.375,29,15,20,116,116,116,0,6,11.6,météo favorable
2019-03-01,30,22,16,19,28,29,0,51,10,1014,4,30,14,22,116,113,116,0,7,11.6,météo idéale
2019-03-02,32,24,14,21,29,30,0,53,10,1014,5.5,33,18,24,116,116,116,0,7,11.6,météo favorable
2019-03-03,32,21,17,19,28,32,0,67,10,1016,4.125,34,19,21,116,116,116,0,7,11.6,météo favorable
2019-03-04,33,26,26,25,31,29,0,60,10,1010,27.5,34,19,26,116,116,116,0,7,11.6,météo favorable
2019-03-05,32,23,9,20,29,32,2,77,9.75,1015,35.625,35,21,23,176,116,116,0,7,11.6,météo favorable
2019-03-06,34,27,17,23,32,33,0,70,9.75,1014,15.625,37,21,27,116,116,200,0,7,11.6,météo favorable
2019-03-07,33,27,18,25,32,33,0.2,71,9.625,1010,54,37,22,27,116,176,200,0,8,7.7,météo favorable
2019-03-08,27,24,27,24,27,24,47.4,85,5.75,1017,77.5,29,23,24,359,356,353,0,6,6.4,météo très défavorable
2019-03-09,24,17,24,15,20,23,0,72,10,1024,43,25,15,17,119,122,116,0,5,9,météo correcte
2019-03-10,26,18,19,16,23,24,0,74,10,1025,28,26,15,18,116,116,116,0,6,11.6,météo favorable
2019-03-11,27,19,18,17,24,26,0.7,74,10,1020,41,27,19,19,116,116,119,0,6,10.3,météo favorable
2019-03-12,26,20,17,20,23,25,31.1,91,8,1013,69.875,27,20,20,356,176,116,0,5,7.6,météo très défavorable
2019-03-13,25,20,17,18,24,24,0,68,10,1014,18.75,26,16,20,116,116,116,0,6,10.3,météo favorable
2019-03-14,27,20,12,16,25,26,0,73,10,1015,2.75,28,17,20,116,113,113,0,6,11.6,météo idéale
2019-03-15,29,21,9,18,26,28,0,78,10,1016,10.625,29,17,21,116,116,116,0,6,11.6,météo favorable
2019-03-16,30,22,14,20,28,29,0,75,9.875,1016,19.875,31,18,22,116,116,116,0,7,11.6,météo favorable
2019-03-17,28,23,12,22,24,26,39,90,14.125,1013,79.25,30,22,23,359,353,353,0,5,6.3,météo très défavorable
2019-03-18,28,22,19,20,25,27,2.6,91,18.75,1009,76.5,30,21,22,119,353,176,0,5,6.3,météo défavorable
2019-03-19,27,22,17,20,26,25,0.3,77,9.875,1015,22.875,29,19,22,116,116,176,0,6,10.3,météo favorable
2019-03-20,22,17,23,17,21,21,0,65,10,1022,38.75,25,11,17,116,116,116,0,4,11.6,météo favorable
2019-03-21,22,15,13,12,19,21,0,67,10,1023,7,24,10,14,113,113,116,0,5,11.6,météo favorable
2019-03-22,24,16,11,13,21,23,0,70,10,1021,7.375,25,10,16,116,116,113,0,5,11.6,météo favorable
2019-03-23,27,18,7,15,24,26,0,63,10,1019,3.125,27,15,18,116,116,113,0,6,11.6,météo favorable
2019-03-24,27,22,20,18,26,24,0,62,10,1017,7.125,28,16,22,116,113,113,0,6,11.6,météo idéale
2019-03-25,22,15,14,14,20,21,0,71,10,1020,6.875,24,11,15,116,116,116,0,5,11.6,météo favorable
2019-03-26,23,15,16,12,21,22,0,83,10,1023,12,25,13,15,116,116,116,0,5,11.6,météo favorable
2019-03-27,25,17,18,14,23,24,0,81,10,1026,14.375,26,15,17,116,116,116,0,6,11.6,météo favorable
2019-03-28,27,18,21,16,25,26,0,78,20,1025,5.375,28,17,18,116,113,113,0,6,11.5,météo idéale
2019-03-29,29,21,14,20,26,28,0,77,20,1021,6.625,30,19,21,113,113,113,0,6,11.5,météo idéale
2019-03-30,29,24,14,22,28,27,13.8,81,18.125,1016,23.25,32,22,24,113,356,116,0,7,11.5,météo défavorable
2019-03-31,30,24,10,23,26,27,10,84,9.25,1016,58.625,33,23,24,119,353,356,0,7,8.7,météo correcte
2019-04-01,30,24,11,22,28,27,2.6,81,10,1014,38.375,33,22,24,116,116,353,0,7,11.5,météo favorable
2019-04-02,31,24,10,22,29,30,0,82,10,1013,22.25,34,21,24,116,116,116,0,7,11.4,météo favorable
2019-04-03,31,25,6,23,30,29,0.5,73,9.75,1012,43.625,34,22,25,176,116,116,0,7,10.1,météo favorable
2019-04-04,29,25,18,23,29,25,12,81,8.75,1007,54.125,31,22,25,116,176,356,0,7,7.2,météo correcte
2019-04-05,22,17,27,16,20,21,0,66,10,1020,40.125,25,12,17,116,119,116,0,5,8.6,météo correcte
2019-04-06,23,16,10,14,20,21,0,80,10,1022,18,25,12,16,116,116,116,0,5,11.4,météo favorable
2019-04-07,24,17,8,14,22,22,0,72,10,1021,3.5,25,12,17,116,113,113,0,5,11.3,météo idéale
2019-04-08,26,19,6,15,24,25,0,82,10,1021,6.375,27,17,19,116,116,113,0,6,11.3,météo favorable
2019-04-09,27,19,12,16,24,24,0,76,10,1020,0,27,15,19,113,113,113,0,6,11.3,météo idéale
2019-04-10,27,19,12,17,26,26,0,77,10,1016,29,28,18,19,113,116,122,0,6,8.6,météo favorable
2019-04-11,23,19,19,19,20,21,0,86,10,1018,55,25,17,19,116,122,116,0,6,7.1,météo correcte
2019-04-12,23,15,9,13,20,21,0,81,10,1019,11.125,25,13,15,116,116,113,0,5,11.3,météo favorable
2019-04-13,25,17,8,14,23,23,0,80,10,1015,1.25,26,14,17,116,113,113,0,6,11.2,météo idéale
2019-04-14,29,19,9,18,26,26,0,70,10,1016,28.875,29,17,19,116,116,116,0,6,10.1,météo favorable
2019-04-15,22,20,17,19,21,20,9.7,88,9.625,1022,62.75,24,19,20,176,353,296,0,6,5.6,météo correcte
2019-04-16,24,19,21,17,22,22,0,85,10,1021,36.625,26,17,19,116,116,116,0,5,11.2,météo favorable
2019-04-17,24,17,10,15,22,22,0,84,10,1018,12.875,26,16,17,116,116,116,0,6,11.2,météo favorable
2019-04-18,25,18,9,15,23,23,0,82,10,1015,0.875,26,15,18,113,116,113,0,6,11.1,météo favorable
2019-04-19,27,20,6,17,26,25,0,74,10,1013,23.375,28,18,20,116,116,116,0,6,11.1,météo favorable
2019-04-20,27,22,12,20,26,24,7.4,90,8.75,1014,69.625,29,21,22,353,119,176,0,5,5.6,météo défavorable
2019-04-21,22,16,20,17,21,20,0.2,74,10,1017,30.875,25,16,16,116,116,116,0,4,11.1,météo favorable
2019-04-22,22,15,20,13,20,19,0,75,10,1020,8.375,24,11,14,116,116,116,0,5,11.1,météo favorable
2019-04-23,18,14,14,13,16,15,0.2,79,10,1022,42.25,18,13,13,116,176,116,0,5,8.6,météo favorable
2019-04-24,23,17,16,15,21,21,0.4,92,8.375,1021,60.625,25,18,17,143,119,176,0,5,7,météo correcte
2019-04-25,23,19,23,19,20,21,33.2,94,6.875,1019,100,25,20,19,356,356,356,0,5,5.5,météo très défavorable
2019-04-26,24,21,10,21,22,23,9.9,97,8.75,1016,94.625,27,22,21,296,266,353,0,5,5.5,météo défavorable
2019-04-27,20,19,18,19,19,19,1,91,5,1014,87.5,20,20,19,266,122,176,0,4,5.5,météo défavorable
2019-04-28,21,16,5,15,21,20,0,89,9,1015,43.875,24,15,16,143,119,116,0,5,8.5,météo correcte
2019-04-29,23,16,8,15,21,21,0,87,10,1015,21.75,25,16,16,116,116,116,0,5,11,météo favorable
2019-04-30,21,16,21,16,20,18,0,75,10,1019,28.125,21,15,16,116,116,116,0,5,10.9,météo favorable
2019-05-01,22,13,9,11,19,19,0,84,10,1020,7.125,24,12,13,116,113,113,0,5,10.9,météo favorable
2019-05-02,24,16,15,14,21,21,0,79,10,1014,0.875,25,15,16,113,116,113,0,5,10.9,météo favorable
2019-05-03,25,20,11,18,25,23,0.9,92,8.875,1012,53.875,27,21,20,143,176,176,0,6,8.5,météo favorable
2019-05-04,27,21,15,20,25,26,3.1,94,9,1013,74.75,31,23,21,122,119,353,0,6,5.4,météo défavorable
2019-05-05,25,23,21,22,23,24,5.1,93,7.625,1014,71.25,27,23,23,143,353,353,0,6,5.4,météo défavorable
2019-05-06,22,20,22,21,21,20,1,91,6,1020,83.25,25,22,20,266,176,116,0,5,7,météo défavorable
2019-05-07,22,14,19,14,19,19,0,78,10,1021,24.125,25,14,13,116,116,116,0,5,10.1,météo favorable
2019-05-08,22,16,17,16,20,20,0,79,10,1019,47.5,25,17,16,116,116,116,0,5,10.1,météo favorable
2019-05-09,22,18,16,17,21,21,1.9,96,7,1015,86.75,24,21,18,119,122,266,0,5,5.4,météo défavorable
2019-05-10,21,17,21,18,18,17,32.6,92,8.25,1013,53.875,21,20,17,119,122,113,0,4,10,météo très défavorable
2019-05-11,19,13,17,12,17,17,0,82,10,1020,1.625,19,13,11,116,113,113,0,5,10.8,météo favorable
2019-05-12,19,12,7,10,17,16,0,75,10,1022,10.25,19,9,12,113,113,116,0,4,10.8,météo favorable
2019-05-13,20,14,8,13,17,16,0,78,10,1025,15.375,20,10,14,116,116,113,0,5,10.7,météo favorable
2019-05-14,19,12,16,11,17,17,0,87,10,1028,29.5,19,14,10,116,113,119,0,5,10,météo favorable
2019-05-15,21,13,10,11,19,18,0,87,10,1028,13.5,24,14,12,116,113,116,0,5,10.7,météo favorable
2019-05-16,22,16,17,14,20,20,0,89,10,1025,24.5,25,17,16,116,113,116,0,5,10.7,météo favorable
2019-05-17,23,16,19,15,21,21,0,87,10,1021,15.75,25,18,16,116,116,116,0,5,10.7,météo favorable
2019-05-18,23,18,15,17,22,21,3.6,88,9.625,1018,53.875,25,19,18,116,119,176,0,6,5.3,météo correcte
2019-05-19,19,18,11,17,19,18,2.3,95,6.375,1017,78.375,19,17,18,143,176,176,0,5,5.3,météo défavorable
2019-05-20,19,17,12,17,19,17,18.5,95,8.875,1016,98.25,20,19,17,353,356,353,0,4,5.3,météo très défavorable
2019-05-21,18,13,19,17,17,13,0.6,94,5.5,1019,94.75,18,17,13,122,176,176,0,4,5.3,météo défavorable
2019-05-22,15,14,19,14,14,14,1,91,8,1020,99.125,15,13,12,122,176,266,0,3,5.3,météo défavorable
2019-05-23,17,12,17,12,16,14,0.8,91,9.875,1021,48,17,13,10,116,116,116,0,3,8.5,météo correcte
2019-05-24,18,10,12,8,15,14,0,74,10,1020,0.875,18,8,9,113,116,113,0,4,10.6,météo favorable
2019-05-25,19,12,13,10,17,16,0,81,10,1019,25.125,19,11,10,116,116,119,0,4,7.1,météo favorable
2019-05-26,20,14,15,13,17,18,0.2,91,10,1015,53.125,20,15,12,119,116,176,0,5,8.7,météo favorable
2019-05-27,20,15,11,14,18,18,0,91,7,1013,63.625,20,16,15,143,116,122,0,4,5.4,météo correcte
2019-05-28,21,15,12,15,19,17,0,89,10,1019,28.375,21,14,15,116,116,116,0,5,8.7,météo favorable
2019-05-29,20,13,13,12,18,17,0,91,9,1020,32.375,20,13,12,143,116,116,0,5,8.7,météo favorable
2019-05-30,16,14,23,14,15,15,1.2,79,9.25,1017,67.375,16,12,13,119,176,176,0,4,3.8,météo défavorable
2019-05-31,18,11,15,12,16,16,0.2,91,10,1018,81.875,18,13,10,122,119,176,0,3,5.4,météo défavorable
2019-06-01,19,13,8,13,17,17,0.3,89,10,1021,77.625,19,13,13,119,122,176,0,4,3.8,météo défavorable
2019-06-02,20,13,6,11,18,16,0,88,10,1024,4.25,20,12,13,116,116,116,0,5,8.7,météo favorable
2019-06-03,20,12,4,11,18,16,0,81,10,1028,1.125,20,10,12,113,113,113,0,5,8.7,météo favorable
2019-06-04,19,12,15,11,17,16,0,87,10,1028,2.625,19,12,11,116,113,113,0,5,8.7,météo favorable
2019-06-05,20,13,23,12,18,17,0,80,10,1024,7.25,20,14,11,116,116,116,0,5,8.7,météo favorable
2019-06-06,21,14,22,14,18,18,0,82,10,1018,0.25,21,15,13,113,113,113,0,5,8.7,météo favorable
2019-06-07,20,16,24,17,20,16,0,91,10,1020,37.25,20,15,16,119,116,116,0,5,7.1,météo favorable
2019-06-08,19,10,9,10,16,15,0,74,10,1024,2.125,19,6,9,116,113,113,0,4,8.7,météo favorable
2019-06-09,19,12,15,10,16,19,0.2,93,19.25,1022,50.625,19,18,11,116,176,176,0,5,3.8,météo favorable
2019-06-10,21,18,21,17,21,19,5.1,96,4.625,1017,75.75,24,19,18,143,356,266,0,4,3.8,météo défavorable
2019-06-11,22,17,15,17,20,20,10,94,11,1017,73.875,24,18,17,389,353,353,0,4,5.4,météo défavorable
2019-06-12,24,20,21,20,23,22,2.7,90,16,1013,63.75,26,20,20,353,200,200,0,5,5.4,météo correcte
2019-06-13,25,21,23,21,22,23,2.7,91,16.25,1014,51.25,27,20,21,353,116,116,0,5,7.1,météo favorable
2019-06-14,22,20,13,20,21,20,36.2,96,13.875,1015,90.75,25,20,20,356,353,356,0,5,3.8,météo très défavorable
2019-06-15,21,20,16,19,21,20,121.7,99,10,1016,99.625,24,20,20,308,308,302,0,5,3.8,météo très défavorable
2019-06-16,20,19,6,19,19,19,6.6,98,9,1021,100,20,19,19,296,353,302,0,4,3.8,météo défavorable
2019-06-17,19,16,8,16,19,17,2,95,8.5,1021,98.875,19,17,16,143,122,143,0,4,3.8,météo défavorable
2019-06-18,16,12,14,15,12,12,2,94,11,1019,63.75,16,15,10,176,296,116,0,3,3.8,météo correcte
2019-06-19,17,10,23,9,15,13,0,75,10,1023,3.375,17,8,7,116,113,116,0,4,8.7,météo correcte
2019-06-20,16,9,8,7,14,12,0,78,10,1025,9.875,16,9,9,116,116,116,0,4,8.7,météo correcte
2019-06-21,19,11,16,9,16,17,0,93,9,1023,23.75,19,16,9,116,122,116,0,4,7.1,météo correcte
2019-06-22,23,19,16,19,21,21,0.9,93,9.875,1021,39.25,25,19,19,353,116,116,0,5,8.7,météo favorable
2019-06-23,25,19,20,18,23,21,0,91,10,1018,19.125,26,19,19,116,116,116,0,6,8.7,météo favorable
2019-06-24,23,18,18,17,21,21,0,89,10,1011,24,25,17,18,116,116,116,0,5,8.7,météo favorable
2019-06-25,21,9,27,16,9,9,13,87,9,1019,69.625,21,16,6,302,176,116,0,4,3.8,météo défavorable
2019-06-26,12,6,11,4,11,9,0,63,10,1020,2.75,12,2,5,116,113,116,0,3,8.7,météo défavorable
2019-06-27,14,7,18,5,12,11,0,86,10,1018,18.25,14,9,4,113,116,116,0,3,7.1,météo correcte
2019-06-28,19,15,15,15,18,15,19.7,98,7.75,1011,89.25,19,18,15,266,302,353,0,5,3.8,météo très défavorable
2019-06-29,18,17,14,17,18,17,3.2,97,2.625,1011,98.625,18,18,17,248,266,266,0,4,3.8,météo défavorable
2019-06-30,15,11,21,11,14,11,0.1,91,10,1021,68.25,15,14,8,122,116,116,0,3,10,météo défavorable
2019-07-01,14,7,6,6,12,10,0,85,10,1024,9,14,7,6,116,113,113,0,3,10.5,météo correcte
2019-07-02,15,7,9,6,13,11,0,82,10,1015,1.375,15,7,6,113,116,113,0,4,10.5,météo correcte
2019-07-03,12,6,17,6,11,9,0,64,10,1017,5.875,12,6,4,116,116,116,0,3,10.5,météo défavorable
2019-07-04,11,5,14,4,10,8,0,71,10,1024,21.375,11,3,3,116,116,119,0,3,10,météo très défavorable
2019-07-05,10,3,17,2,8,6,0,73,10,1030,1.5,10,1,-1,113,113,116,0,3,10.5,météo très défavorable
2019-07-06,10,2,7,0,9,6,0,74,10,1032,0,10,0,2,113,113,113,0,3,10.5,météo très défavorable
2019-07-07,11,4,13,2,9,8,0,82,10,1030,44.625,11,4,1,113,116,122,0,3,8.4,météo très défavorable
2019-07-08,14,6,13,4,12,10,0,82,10,1026,37,14,8,3,116,116,116,0,3,10.5,météo correcte
2019-07-09,16,9,12,8,14,14,0,84,10,1023,34.25,16,11,8,116,116,116,0,3,10.5,météo correcte
2019-07-10,19,15,10,14,19,16,0,89,10,1020,37.375,19,15,14,116,116,116,0,5,10.5,météo favorable
2019-07-11,20,16,14,15,19,18,0,92,9,1015,53.625,20,17,16,143,119,122,0,5,8.4,météo correcte
2019-07-12,21,17,15,17,21,18,0.4,90,9.5,1015,71.375,24,17,17,176,353,200,0,5,8.4,météo défavorable
2019-07-13,16,13,14,12,15,15,0,89,10,1018,66.375,16,13,11,119,119,122,0,4,6.9,météo défavorable
2019-07-14,16,9,14,8,14,13,0,84,10,1020,9.75,16,9,7,116,116,116,0,4,10.6,météo correcte
2019-07-15,18,9,10,8,15,14,0,83,10,1023,8.625,18,10,9,116,116,116,0,4,10.6,météo favorable
2019-07-16,15,8,11,7,13,12,0,83,10,1026,0,15,7,7,113,113,113,0,4,10.6,météo correcte
2019-07-17,16,8,18,6,14,13,0,82,10,1027,0.125,16,10,5,113,113,113,0,4,10.6,météo correcte
2019-07-18,18,11,16,10,16,15,0,87,10,1021,21.25,18,13,9,116,116,116,0,4,10.6,météo favorable
2019-07-19,20,13,13,12,18,17,0,90,10,1021,66.25,20,15,13,116,122,119,0,4,6.9,météo défavorable
2019-07-20,22,16,21,15,19,20,0.1,95,7,1017,62.375,25,18,16,143,116,116,0,4,10,météo correcte
2019-07-21,26,20,34,19,25,23,0,77,10,1009,23.5,27,17,20,116,116,116,0,6,10.6,météo favorable
2019-07-22,23,12,26,15,13,12,14.1,93,8.875,1017,94.375,25,16,9,353,353,353,0,3,5.3,météo défavorable
2019-07-23,12,7,34,11,10,7,5,93,8.5,1022,98.625,12,9,7,266,296,302,0,2,5.3,météo défavorable
2019-07-24,9,8,24,9,9,8,15.4,91,8.75,1027,96.25,9,8,5,122,122,302,0,2,5.3,météo défavorable
2019-07-25,12,10,18,9,11,12,38.6,98,5.5,1025,98.875,12,11,8,308,302,266,0,3,5.3,météo très défavorable
2019-07-26,12,10,17,10,10,12,0.9,93,9,1025,95.625,12,10,7,119,176,122,0,3,5.3,météo défavorable
2019-07-27,16,11,6,11,16,14,0.3,90,10,1029,67.5,16,11,11,119,116,176,0,3,6.9,météo défavorable
2019-07-28,15,10,15,9,14,14,0.2,85,10,1028,56.5,15,11,8,116,116,176,0,3,8.5,météo correcte
2019-07-29,16,12,6,11,16,15,0,84,10,1020,67.75,16,11,12,119,122,119,0,4,5.4,météo défavorable
2019-07-30,18,11,6,10,17,15,0,88,10,1021,20.125,18,11,11,116,116,116,0,4,10.7,météo favorable
2019-07-31,21,12,21,10,18,19,0,90,7,1019,32.625,24,17,11,143,113,116,0,4,10,météo favorable
2019-08-01,17,6,21,16,12,6,17.8,90,6.875,1019,80,17,16,6,302,353,176,0,3,5.4,météo très défavorable
2019-08-02,14,7,22,6,13,11,0,70,10,1028,0.25,14,5,5,113,113,116,0,4,10.8,météo correcte
2019-08-03,14,6,8,4,12,11,0,71,10,1031,3.375,14,4,5,113,116,113,0,3,10.8,météo correcte
2019-08-04,15,8,15,5,13,12,0,75,10,1032,0,15,7,6,113,113,113,0,4,10.8,météo correcte
2019-08-05,16,8,18,6,13,14,0,81,10,1029,0,16,10,6,113,113,113,0,4,10.8,météo correcte
2019-08-06,21,12,23,10,19,18,0,83,10,1022,4.25,24,15,10,116,113,116,0,5,10.8,météo favorable
2019-08-07,22,15,9,13,21,19,0,90,8,1020,9.875,25,16,15,143,116,116,0,5,10.9,météo favorable
2019-08-08,16,11,28,13,12,11,9.8,93,8.625,1022,89.625,16,15,10,353,296,266,0,4,5.4,météo défavorable
2019-08-09,13,11,17,13,13,11,14.9,97,8.75,1018,100,13,13,9,302,176,122,0,3,5.4,météo défavorable
2019-08-10,15,8,10,8,13,12,1.8,90,7.75,1023,47,15,8,6,266,116,113,0,3,10.1,météo correcte
2019-08-11,17,10,15,7,15,14,0,90,9,1021,21.5,17,11,8,143,116,116,0,4,10.9,météo correcte
2019-08-12,17,12,21,10,16,14,0,90,9,1027,11.25,17,10,10,143,116,113,0,4,10.9,météo correcte
2019-08-13,11,6,17,5,10,8,0,75,10,1036,2.875,11,5,4,113,113,116,0,3,10.9,météo défavorable
2019-08-14,12,4,15,1,9,9,0,74,10,1037,1.5,12,4,1,113,113,113,0,3,11,météo très défavorable
2019-08-15,17,7,11,5,14,14,0,88,9,1027,22.75,17,10,5,143,116,116,0,4,11,météo correcte
2019-08-16,23,15,15,14,20,21,0,84,10,1020,35.75,25,18,15,116,116,116,0,4,11,météo favorable
2019-08-17,25,20,23,20,25,21,0,82,10,1014,27,27,17,20,116,116,116,0,6,11,météo favorable
2019-08-18,15,11,24,9,14,13,0,79,10,1027,16.625,15,8,8,116,116,116,0,4,11,météo correcte
2019-08-19,12,6,17,4,10,10,0,71,10,1029,10.125,12,4,2,116,116,116,0,3,11,météo défavorable
2019-08-20,14,6,14,4,11,11,0,81,10,1030,12.375,14,6,3,116,116,116,0,3,11.1,météo correcte
2019-08-21,15,7,15,4,13,13,0,83,10,1030,8,15,9,4,116,116,116,0,4,11.1,météo correcte
2019-08-22,16,9,14,6,14,14,0,83,10,1029,10.375,16,9,7,116,116,116,0,4,11.1,météo correcte
2019-08-23,17,9,9,5,15,14,0,75,10,1028,29,17,9,8,116,116,122,0,4,8.6,météo correcte
2019-08-24,18,11,19,8,16,15,0,83,10,1025,40.875,18,11,9,116,122,116,0,4,8.6,météo correcte
2019-08-25,17,14,17,12,17,14,1.2,87,9.875,1021,62.25,17,15,12,119,122,176,0,4,7.1,météo correcte
2019-08-26,23,16,15,15,20,21,12.4,96,9.625,1020,77,25,18,16,353,116,119,0,4,7.1,météo défavorable
2019-08-27,24,17,14,14,22,21,0,86,7,1024,7.875,25,18,17,143,113,116,0,4,11.2,météo idéale
2019-08-28,25,17,19,15,22,23,0,84,10,1020,3.125,27,19,17,116,116,116,0,6,11.2,météo favorable
2019-08-29,28,20,21,18,27,25,0,70,10,1012,15.5,29,19,20,113,116,116,0,6,11.2,météo favorable
2019-08-30,18,13,22,15,15,13,53.1,95,6.25,1017,81.75,18,17,11,356,359,353,0,3,5.6,météo très défavorable
2019-08-31,17,9,15,7,15,14,0,68,10,1021,0.5,17,8,7,113,113,113,0,4,11.3,météo correcte
2019-09-01,18,11,15,7,17,14,0,72,10,1023,5.375,18,7,11,113,116,116,0,4,11.3,météo favorable
2019-09-02,17,10,19,6,16,13,0.1,73,10,1022,36.625,17,9,9,116,116,176,0,4,8.6,météo correcte
2019-09-03,13,7,15,5,11,11,0,69,10,1026,11.5,13,7,4,116,113,113,0,3,11.3,météo correcte
2019-09-04,14,7,14,3,12,11,0,64,10,1031,0,14,5,5,113,113,113,0,3,11.3,météo correcte
2019-09-05,13,6,19,3,11,12,0,73,10,1032,6.75,13,7,2,113,113,116,0,3,11.3,météo correcte
2019-09-06,13,9,15,6,12,10,2.9,91,10,1025,54.25,13,13,7,116,122,353,0,4,7.2,météo correcte
2019-09-07,17,13,14,14,17,13,21.4,99,6.75,1015,100,17,16,13,266,353,356,0,4,5.7,météo très défavorable
2019-09-08,18,16,14,14,18,16,21.2,96,8.5,1014,91,18,17,16,353,353,356,0,4,5.7,météo très défavorable
2019-09-09,20,15,36,20,15,16,66.1,97,6.75,1012,92.5,20,20,15,308,308,176,0,4,5.9,météo très défavorable
2019-09-10,17,13,14,12,14,15,1.9,92,7.5,1018,73.875,17,13,14,119,263,176,0,4,5.9,météo défavorable
2019-09-11,14,13,15,12,14,14,0.9,93,8.875,1018,82.625,14,13,11,119,122,266,0,4,5.9,météo défavorable
2019-09-12,17,12,17,12,16,14,0.1,87,8.75,1024,46.875,17,11,10,122,116,113,0,3,10.2,météo correcte
2019-09-13,18,11,10,7,16,17,0,77,10,1025,5.125,18,12,10,113,113,116,0,4,11.6,météo favorable
2019-09-14,19,13,15,10,18,18,0,81,9,1021,34.125,19,14,12,143,116,116,0,5,10.2,météo favorable
2019-09-15,26,18,14,13,23,26,0,83,8.875,1013,14.875,28,23,18,143,116,116,0,6,11.6,météo favorable
2019-09-16,0,-2,32,0,0,-2,17.1,93,8.625,1021,85.375,21,20,-2,356,353,176,0,2,6,météo très défavorable
2019-09-17,19,12,6,8,17,16,0,66,10,1021,0,19,8,13,113,113,113,0,4,11.6,météo favorable
2019-09-18,22,14,9,9,20,19,0,68,10,1014,0.875,24,13,14,116,116,113,0,5,11.6,météo favorable
2019-09-19,22,16,17,11,22,19,0.1,74,10,1014,15.125,25,14,16,113,116,116,0,5,10.2,météo favorable
2019-09-20,17,10,13,6,15,15,0,58,10,1023,1.25,17,6,9,113,113,116,0,4,11.6,météo correcte
2019-09-21,21,13,7,7,19,17,0,61,10,1024,0,21,9,12,113,113,113,0,5,11.6,météo favorable
2019-09-22,20,14,16,9,19,17,0,71,10,1029,0,20,12,14,113,113,113,0,5,11.6,météo favorable
2019-09-23,19,12,22,8,17,17,0,70,10,1028,0.125,19,12,9,113,113,113,0,4,11.6,météo favorable
2019-09-24,23,14,11,8,20,20,0,73,10,1024,7.625,25,13,14,113,113,113,0,5,11.6,météo favorable
2019-09-25,24,17,9,11,22,21,0,65,10,1023,0.625,25,14,17,113,113,113,0,5,11.6,météo idéale
2019-09-26,26,19,11,13,24,23,0,67,10,1022,2.625,26,16,19,113,113,113,0,6,11.6,météo idéale
2019-09-27,22,14,17,12,19,20,0,71,10,1023,43.125,25,14,13,122,116,113,0,4,10.2,météo favorable
2019-09-28,23,14,17,11,20,21,0,77,10,1019,3.25,25,16,13,116,113,113,0,5,11.6,météo favorable
2019-09-29,27,18,17,14,24,24,0,78,10,1015,1.375,28,18,18,113,113,116,0,6,11.6,météo idéale
2019-09-30,31,21,28,17,28,28,0,63,10,1009,14.5,32,20,21,116,116,116,0,6,11.6,météo favorable
2019-10-01,26,20,19,20,24,21,33.6,93,7.625,1006,79,28,21,20,353,356,356,0,5,7.5,météo très défavorable
2019-10-02,17,14,27,16,14,16,45.3,95,8.25,1019,96.25,17,16,12,302,176,122,0,4,6.1,météo très défavorable
2019-10-03,17,14,28,14,17,15,3.1,89,9.875,1022,89.5,17,13,12,122,116,353,0,4,6.1,météo défavorable
2019-10-04,16,14,16,14,16,15,2.7,95,5.875,1018,100,16,15,13,176,266,176,0,4,6.2,météo défavorable
2019-10-05,15,13,23,13,15,15,0.3,89,10,1022,88.5,15,13,11,122,176,116,0,3,7.5,météo défavorable
2019-10-06,20,8,9,8,18,18,0,91,10,1024,1.75,20,11,7,116,113,113,0,5,11.6,météo favorable
2019-10-07,24,10,13,10,22,22,0,88,10,1019,0.25,25,16,9,113,116,113,0,5,11.6,météo favorable
2019-10-08,24,15,6,15,24,22,0,87,10,1021,26.5,26,16,15,116,116,116,0,6,11.6,météo favorable
2019-10-09,26,15,16,15,25,24,0,90,10,1019,5.875,27,18,15,116,116,116,0,6,11.6,météo favorable
2019-10-10,28,17,17,17,26,26,0,84,10,1015,7.5,30,20,17,116,116,116,0,6,11.6,météo favorable
2019-10-11,33,21,18,21,31,29,0,74,10,1009,10.125,36,23,21,116,116,116,0,7,11.6,météo favorable
2019-10-12,34,24,28,24,33,31,0,71,10,1007,6.875,39,23,24,116,116,116,0,7,11.6,météo favorable
2019-10-13,27,20,26,20,20,20,14.9,90,8.75,1018,65.375,28,20,20,353,356,353,0,6,7.7,météo défavorable
2019-10-14,13,5,30,12,9,5,4.3,82,6.625,1025,74,13,9,5,116,266,263,0,2,6.4,météo très défavorable
2019-10-15,15,12,23,12,15,14,1.1,88,8,1025,99.375,15,12,10,122,122,266,0,3,6.5,météo défavorable
2019-10-16,17,13,14,13,16,17,2.3,95,6.875,1021,99.25,17,16,12,266,176,176,0,4,6.5,météo défavorable
2019-10-17,18,16,9,17,18,16,16.1,99,5.875,1016,95.875,18,18,16,353,302,176,0,4,6.5,météo très défavorable
2019-10-18,23,14,15,14,22,21,0,97,7.75,1021,28.75,25,15,13,248,113,113,0,4,11.6,météo favorable
2019-10-19,22,11,17,11,21,20,0,84,10,1024,9.125,25,14,11,113,113,116,0,5,11.6,météo favorable
2019-10-20,16,13,17,13,16,13,4.4,90,9.75,1020,46.25,16,12,11,119,116,296,0,4,10.3,météo correcte
2019-10-21,18,13,17,13,17,17,1.8,95,8,1018,79.625,18,13,11,266,353,176,0,5,7.8,météo défavorable
2019-10-22,23,10,6,10,22,20,0,92,10,1019,10.5,25,14,9,116,116,116,0,5,11.6,météo favorable
2019-10-23,24,11,10,11,23,22,0.7,88,9.75,1019,40.625,25,16,11,116,116,176,0,5,9.1,météo favorable
2019-10-24,25,13,5,13,25,24,0.2,90,10,1017,31.5,26,17,14,116,116,176,0,6,10.3,météo favorable
2019-10-25,26,16,12,16,25,24,0,67,10,1019,9.375,26,16,16,116,116,116,0,6,11.6,météo favorable
2019-10-26,27,15,25,15,25,25,0.1,66,10,1016,17.25,27,17,13,113,113,116,0,6,11.6,météo idéale
2019-10-27,26,19,21,19,24,24,19.7,96,8.375,1008,79.375,29,22,19,356,353,386,0,5,8.2,météo très défavorable
2019-10-28,33,19,23,19,31,31,3.2,92,9.625,1007,55.625,39,25,19,176,116,386,0,6,10.9,météo correcte
2019-10-29,24,20,20,20,22,23,41.3,96,7.625,1006,91.625,26,22,20,356,356,353,0,5,8.5,météo très défavorable
2019-10-30,24,18,28,19,24,18,49.2,96,6.375,1014,82.875,26,21,18,356,353,356,0,5,8.5,météo très défavorable
2019-10-31,25,14,23,14,23,23,0.1,89,10,1020,34.75,26,19,12,116,113,119,0,5,13.3,météo favorable
2019-11-01,28,17,19,17,25,28,0,88,9.875,1015,64.25,33,24,17,119,119,200,0,6,9.7,météo correcte
2019-11-02,23,19,22,21,22,19,67.9,97,6.5,1011,58.125,25,21,19,356,305,308,0,6,9.7,météo très défavorable
2019-11-03,22,17,16,17,22,21,3,94,7.625,1014,52.375,25,20,17,116,176,266,0,5,12.1,météo favorable
2019-11-04,21,16,15,19,21,18,35.3,97,7.125,1008,82.75,21,20,18,353,356,266,0,4,8.5,météo très défavorable
2019-11-05,25,16,19,16,24,24,0,96,7,1015,29.625,27,20,16,143,116,116,0,5,13.7,météo favorable
2019-11-06,25,15,14,15,24,23,0,92,10,1019,8.625,26,16,15,116,116,116,0,6,13.7,météo favorable
2019-11-07,27,14,12,14,26,25,0,80,10,1015,0.25,28,18,14,113,113,113,0,6,13.7,météo favorable
2019-11-08,28,16,15,16,26,26,0,85,10,1014,0,29,20,16,113,113,113,0,6,13.7,météo idéale
2019-11-09,27,17,19,17,26,25,0,96,9,1015,11.875,28,20,17,143,116,116,0,6,13.7,météo favorable
2019-11-10,25,16,19,16,21,23,0,96,9,1020,43.875,26,19,16,143,122,116,0,6,12.1,météo correcte
2019-11-11,26,15,19,15,24,24,0,93,10,1021,28.625,27,19,15,116,116,116,0,6,13.3,météo favorable
2019-11-12,27,16,13,16,25,27,0.1,94,10,1016,48.875,29,22,16,116,119,176,0,6,9.8,météo correcte
2019-11-13,28,20,8,20,26,26,7.7,96,9.5,1011,72,31,22,20,176,353,176,0,6,8.6,météo défavorable
2019-11-14,31,19,18,19,30,27,0,95,9,1013,6.25,32,20,19,143,116,116,0,7,13.8,météo favorable
2019-11-15,26,15,10,15,25,25,0,78,10,1016,0,27,16,15,113,113,113,0,6,13.8,météo idéale
2019-11-16,28,16,14,16,26,25,0,83,10,1014,18.75,28,17,16,116,116,116,0,6,13.8,météo favorable
2019-11-17,29,17,14,17,28,27,0,75,10,1015,3.125,30,19,17,116,116,113,0,6,13.9,météo favorable
2019-11-18,31,18,14,18,29,29,0,80,10,1016,4.125,31,19,18,113,116,116,0,7,13.9,météo favorable
2019-11-19,31,19,10,19,30,29,0,69,10,1016,15.125,31,19,19,116,116,119,0,7,13.3,météo favorable
2019-11-20,33,19,11,19,31,32,0,84,10,1014,9.375,35,21,19,116,116,116,0,7,13.9,météo favorable
2019-11-21,33,22,12,22,31,30,0,76,10,1013,17.875,37,22,22,116,116,116,0,7,13.9,météo favorable
2019-11-22,30,23,19,23,30,28,11.5,88,8.5,1014,62.5,33,21,23,356,176,116,0,6,9.9,météo correcte
2019-11-23,25,14,20,14,23,23,0,89,10,1020,17.5,26,16,12,116,116,116,0,6,13.9,météo favorable
2019-11-24,25,14,23,14,23,24,0,75,10,1018,0.25,26,16,12,113,113,113,0,6,14,météo favorable
2019-11-25,28,15,25,15,26,23,7.8,86,9.625,1010,36.75,29,20,13,116,116,353,0,6,12.2,météo favorable
2019-11-26,22,11,14,19,19,15,34.5,96,5.875,1009,89,24,21,15,266,302,266,0,4,9.9,météo très défavorable
2019-11-27,26,13,14,13,24,24,0,76,10,1016,4.375,26,17,12,113,113,113,0,6,14,météo favorable
2019-11-28,27,14,17,14,25,25,0,69,10,1017,0.375,27,17,14,113,113,113,0,6,14,météo favorable
2019-11-29,29,15,18,15,26,28,0,79,10,1011,2,29,18,15,113,113,116,0,6,14,météo idéale
2019-11-30,29,20,14,20,29,25,7.5,92,9,1011,63.125,31,20,20,356,116,176,0,7,9.9,météo correcte
2019-12-01,25,16,19,16,24,23,0,66,10,1020,3.25,26,14,16,113,113,113,0,1,14,météo idéale
2019-12-02,25,12,11,12,23,23,0,57,10,1021,23.625,25,12,11,116,116,116,0,1,13.4,météo favorable
2019-12-03,27,13,12,13,24,25,0,77,10,1014,14.625,26,13,12,116,116,116,0,1,14,météo favorable
2019-12-04,28,15,12,15,26,27,0,74,10,1013,24,28,15,15,116,116,116,0,1,14.1,météo favorable
2019-12-05,25,12,13,12,22,24,0,72,10,1016,4.875,25,12,11,113,113,116,0,1,14.1,météo favorable
2019-12-06,30,14,14,14,27,29,0,62,10,1014,2.375,30,14,13,113,116,116,0,1,14.1,météo favorable
2019-12-07,30,16,14,16,28,28,0,69,10,1016,5.5,29,14,16,116,116,116,0,1,14.1,météo favorable
2019-12-08,31,17,16,17,29,28,0.4,51,9.75,1014,25.875,31,16,17,116,116,176,0,1,13.4,météo favorable
2019-12-09,32,18,7,18,32,31,0,81,10,1014,6.875,32,17,18,116,116,116,0,1,14.1,météo favorable
2019-12-10,34,20,9,20,32,32,0,58,10,1012,3.75,33,16,20,116,116,116,0,1,14.1,météo favorable
2019-12-11,34,21,15,21,33,32,0,65,10,1010,4.375,34,17,21,116,116,116,0,1,14.1,météo favorable
2019-12-12,33,24,21,24,27,29,0.1,63,10,1011,25.375,31,17,24,116,116,113,0,1,13.4,météo favorable
2019-12-13,27,14,19,14,25,27,0,51,10,1018,3.75,27,11,13,113,116,116,0,1,14.1,météo favorable
2019-12-14,29,17,21,17,27,25,8.1,91,9.625,1015,32,30,20,17,116,116,353,0,1,14.1,météo correcte
2019-12-15,24,17,31,20,22,20,115.5,96,7.375,1009,92.375,26,21,20,308,353,176,0,1,8.8,météo très défavorable
2019-12-16,28,16,7,16,26,27,0.3,87,10,1012,43.875,28,17,16,176,116,116,0,1,12.2,météo favorable
2019-12-17,29,17,10,17,27,27,0.2,81,10,1013,19.125,29,18,17,116,116,116,0,1,14.1,météo favorable
2019-12-18,29,18,18,18,28,28,0,75,10,1016,7.125,29,18,18,116,116,116,0,1,14.1,météo favorable
2019-12-19,31,17,11,17,29,30,0,74,10,1013,2.25,32,18,17,113,113,116,0,1,14.1,météo idéale
2019-12-20,32,20,31,20,32,28,6.1,77,9.5,1010,29.375,35,21,20,116,116,176,0,1,13.4,météo favorable
2019-12-21,24,17,18,17,22,24,1.8,93,8.875,1012,55.75,25,18,17,122,116,116,0,1,12.2,météo correcte
2019-12-22,25,12,12,12,22,24,0,74,10,1018,0,25,12,12,113,113,113,0,1,14.1,météo favorable
2019-12-23,28,13,5,13,26,26,0,63,10,1016,0.375,27,13,13,113,116,113,0,1,14.1,météo favorable
2019-12-24,30,16,21,16,28,29,0,58,10,1013,0,29,16,16,113,113,113,0,1,14.1,météo idéale
2019-12-25,31,18,13,18,28,30,0,58,10,1012,2.625,32,18,18,113,116,116,0,1,14.1,météo favorable
2019-12-26,32,18,23,18,28,32,6.8,90,9,1014,80.25,36,22,18,176,176,176,0,1,8.8,météo défavorable
2019-12-27,33,22,16,22,31,32,5.2,89,10,1014,70.75,38,24,22,116,353,299,0,1,10,météo défavorable
2019-12-28,36,25,12,25,36,36,0.1,67,10,1012,19.25,41,22,25,116,116,116,0,1,13.4,météo correcte
2019-12-29,37,24,10,24,34,36,0,74,10,1013,12.875,40,22,24,116,116,116,0,1,14.1,météo correcte
2019-12-30,36,26,15,26,36,31,0.6,67,9.875,1010,26.875,40,21,26,116,116,353,0,1,14.5,météo correcte
2019-12-31,31,24,20,24,28,30,10.5,91,9.75,1008,80,35,23,24,353,353,353,0,1,9.1,météo défavorable
2020-01-01,28,20,21,20,25,26,0.4,79,10,1012,68.875,29,20,23,122,176,176,0,1,9.1,météo défavorable
2020-01-02,29,18,21,18,27,28,0,72,10,1016,24.125,29,17,22,116,116,116,0,1,14.5,météo favorable
2020-01-03,30,17,17,17,27,29,0,66,10,1020,5.75,29,15,22,116,113,116,0,1,14.5,météo idéale
2020-01-04,31,18,12,18,28,30,0,67,10,1016,4.5,31,16,23,116,113,116,0,1,14.5,météo idéale
2020-01-05,33,20,12,20,31,33,0,64,10,1009,13.25,32,18,25,116,116,116,0,1,14.5,météo favorable
2020-01-06,31,20,22,20,29,29,0.2,65,10,1007,26.625,32,16,23,116,116,176,0,1,13.4,météo favorable
2020-01-07,29,15,13,15,27,29,0,40,10,1012,0.25,29,9,22,113,113,113,0,1,14.5,météo idéale
2020-01-08,35,18,14,18,31,35,0,40,10,1011,0.5,37,12,24,113,113,113,0,1,14.5,météo favorable
2020-01-09,37,23,14,23,35,35,2.2,45,9.875,1009,36.5,39,19,28,116,116,353,0,1,12.3,météo favorable
2020-01-10,37,24,14,24,36,35,0.6,67,10,1009,35,40,22,29,116,116,176,0,1,12.3,météo correcte
2020-01-11,36,22,14,22,33,34,0,64,10,1012,4.875,36,19,26,116,116,116,0,1,14.4,météo favorable
2020-01-12,37,23,16,23,34,35,0,54,10,1015,6.875,37,18,28,116,116,116,0,1,14,météo favorable
2020-01-13,37,22,20,22,34,36,0,53,10,1016,4.5,37,16,27,116,116,116,0,1,14,météo favorable
2020-01-14,35,25,22,25,34,35,0,52,10,1011,17,40,22,28,116,116,116,0,1,11.6,météo correcte
2020-01-15,35,24,25,25,35,25,43.7,86,7.625,1007,72.25,41,24,25,176,353,305,0,1,8.1,météo très défavorable
2020-01-16,27,16,19,16,25,26,0.8,63,10,1019,17.25,26,22,19,113,113,116,0,1,11.6,météo idéale
2020-01-17,29,16,12,16,27,29,0,44,10,1022,0.125,28,10,22,113,113,113,0,1,11.6,météo idéale
2020-01-18,33,18,14,18,29,33,0,50,10,1019,7.625,35,12,23,116,116,116,0,1,11.6,météo favorable
2020-01-19,36,25,13,25,33,35,0,52,10,1014,32.75,38,20,27,116,116,116,0,1,11.6,météo favorable
2020-01-20,32,26,14,26,32,30,4.9,71,9.5,1012,72.625,36,22,28,176,353,176,0,1,6.8,météo défavorable
2020-01-21,33,23,11,23,33,33,2,64,9.875,1011,52.875,36,20,28,116,353,116,0,1,8,météo correcte
2020-01-22,32,21,21,21,27,30,8.3,81,9.625,1012,53.125,33,21,24,353,176,116,0,1,9.2,météo correcte
2020-01-23,32,20,14,20,29,32,0,67,10,1016,3.75,32,17,24,113,113,116,0,1,11.6,météo idéale
2020-01-24,33,20,12,20,30,32,0,64,10,1014,6,32,17,24,113,116,116,0,1,11.6,météo favorable
2020-01-25,36,22,14,22,34,36,0,45,10,1010,6.5,37,15,27,113,116,116,0,1,11.6,météo favorable
2020-01-26,37,22,20,22,36,35,0,33,10,1009,5.125,36,14,28,113,116,116,0,1,11.6,météo favorable
2020-01-27,33,22,18,22,30,31,0,53,10,1014,6.125,33,15,24,116,116,116,0,1,11.6,météo favorable
2020-01-28,34,18,14,18,30,33,0,63,10,1014,2.75,33,16,23,113,113,116,0,1,11.6,météo idéale
2020-01-29,36,22,22,23,36,26,9.6,76,8.875,1009,35.25,35,19,26,116,116,299,0,1,9.2,météo correcte
2020-01-30,27,19,20,19,24,25,7.4,76,9.5,1014,56,29,18,21,116,122,116,0,1,9.1,météo correcte
2020-01-31,30,16,10,16,28,29,0,68,10,1015,4.5,30,16,22,116,113,116,0,1,11.6,météo idéale
2020-02-01,33,19,10,19,31,33,0,57,10,1015,1.375,32,16,25,113,113,116,0,1,11.6,météo idéale
2020-02-02,37,21,10,21,34,35,0,45,10,1014,3.75,37,15,28,116,116,116,0,1,11.6,météo favorable
2020-02-03,37,22,19,22,35,36,0,56,10,1015,0.875,36,18,27,113,116,113,0,1,11.6,météo favorable
2020-02-04,36,24,20,24,35,32,0,57,10,1012,15.125,37,19,28,116,116,116,0,1,11.6,météo favorable
2020-02-05,38,26,18,26,35,37,0,54,10,1011,15.75,37,19,29,116,116,116,0,1,11.6,météo favorable
2020-02-06,38,27,17,27,36,38,0,52,10,1012,9.875,40,19,30,116,116,116,0,1,11.6,météo correcte
2020-02-07,39,27,9,27,38,38,0,44,10,1013,19.375,41,19,32,116,116,116,0,1,11.6,météo correcte
2020-02-08,33,25,26,25,33,32,0.8,72,9.625,1012,51,37,22,27,176,116,116,0,1,10.4,météo favorable
2020-02-09,31,17,23,17,28,29,0,66,10,1018,12.875,30,15,21,116,116,116,0,1,11.6,météo favorable
2020-02-10,29,15,15,15,26,28,0,58,10,1021,0.625,28,11,19,113,113,113,0,1,11.6,météo idéale
2020-02-11,32,16,13,16,28,31,0,62,10,1021,2.5,33,14,22,116,116,116,0,1,11.6,météo favorable
2020-02-12,33,17,13,17,30,33,0,62,10,1017,2.375,32,15,22,113,116,116,0,1,11.6,météo favorable
2020-02-13,36,20,18,20,33,34,0,59,10,1013,16.625,36,17,25,116,116,116,0,1,11.6,météo favorable
2020-02-14,30,19,17,25,30,23,18.5,77,9,1011,78.5,32,23,23,353,353,353,0,1,6.6,météo très défavorable
2020-02-15,32,21,12,21,31,32,0,78,9,1011,27.5,35,21,25,143,116,116,0,1,10.3,météo favorable
2020-02-16,35,24,19,24,33,34,0,70,10,1008,17.25,41,23,28,116,116,116,0,1,11.6,météo correcte
2020-02-17,27,19,24,23,22,21,64.1,92,7,1008,60.625,28,24,21,356,305,356,0,1,6.5,météo très défavorable
2020-02-18,29,21,21,21,27,28,55.5,85,7.75,1012,39.5,29,24,21,305,116,113,0,1,10.3,météo très défavorable
2020-02-19,29,17,5,17,27,28,0,58,10,1013,0.625,29,14,22,113,113,113,0,1,11.6,météo idéale
2020-02-20,27,20,24,20,25,24,0,63,10,1018,5.75,26,14,21,116,116,113,0,1,11.6,météo favorable
2020-02-21,25,14,22,14,23,23,0,53,10,1023,2.25,24,8,17,113,113,116,0,1,11.6,météo favorable
2020-02-22,25,12,13,12,22,25,0,61,10,1025,0.25,25,9,16,113,113,113,0,1,11.6,météo favorable
2020-02-23,27,14,12,14,25,27,0,55,10,1020,1.625,27,12,19,113,116,116,0,1,11.6,météo favorable
2020-02-24,30,17,14,17,28,29,0,63,10,1013,2.375,29,14,21,113,113,113,0,1,11.6,météo idéale
2020-02-25,29,20,22,20,29,27,0,46,10,1011,14.875,29,14,24,116,116,116,0,1,11.6,météo favorable
2020-02-26,31,17,12,17,29,30,0,58,10,1014,2.375,30,13,22,113,113,116,0,1,11.6,météo idéale
2020-02-27,30,17,12,17,28,29,0,43,10,1016,3.375,28,9,22,116,116,116,0,1,11.6,météo favorable
2020-02-28,32,18,9,18,31,31,0,45,10,1017,3.875,31,11,24,116,116,116,0,1,11.6,météo favorable
2020-02-29,34,20,8,20,32,32,0,42,10,1021,6.375,32,11,25,116,116,116,0,1,11.6,météo favorable
2020-03-01,34,21,11,21,32,33,0,41,10,1021,5.625,34,12,26,116,116,116,0,7,11.6,météo favorable
2020-03-02,33,20,15,20,31,32,0,51,10,1020,5.25,32,13,24,116,116,113,0,7,11.6,météo favorable
2020-03-03,34,19,14,19,31,32,0,61,10,1018,4.375,33,16,24,116,116,116,0,7,11.6,météo favorable
2020-03-04,34,20,9,20,32,33,0,50,10,1017,5,33,13,25,116,116,116,0,7,11.6,météo favorable
2020-03-05,33,20,15,20,30,32,0,58,10,1019,4.5,32,14,23,116,116,116,0,7,11.6,météo favorable
2020-03-06,32,18,13,18,29,31,0,59,10,1018,10,31,14,22,113,116,116,0,7,11.6,météo favorable
2020-03-07,34,21,16,21,31,32,0,62,10,1012,6.625,34,16,24,116,116,116,0,7,11.6,météo favorable
2020-03-08,35,21,12,21,33,34,0,49,10,1011,3.625,34,14,25,116,116,113,0,7,11.6,météo favorable
2020-03-09,37,23,9,23,35,36,0,37,10,1014,3.75,36,14,28,116,116,116,0,8,11.6,météo favorable
2020-03-10,37,21,18,21,33,35,0,66,10,1017,4.25,36,18,25,116,116,116,0,8,11.6,météo favorable
2020-03-11,36,22,19,22,33,35,0,65,10,1014,6.25,37,18,25,116,116,116,0,8,11.6,météo favorable
2020-03-12,38,22,13,22,36,37,0,49,10,1012,13.625,39,17,27,116,116,116,0,8,11.6,météo favorable
2020-03-13,39,24,18,24,37,37,0,44,10,1014,10.5,39,16,29,116,116,116,0,8,11.6,météo favorable
2020-03-14,36,27,16,27,32,36,2,42,9.625,1013,42.25,38,18,29,116,176,116,0,8,8.9,météo favorable
2020-03-15,25,20,27,21,25,20,15.3,92,9.375,1017,60.375,26,20,20,116,353,299,0,6,7.6,météo défavorable
2020-03-16,31,18,11,19,26,29,0,70,10,1017,41.5,32,17,20,116,116,116,0,7,11.6,météo favorable
2020-03-17,30,19,19,19,30,22,1.7,83,9.875,1014,29.25,30,19,22,113,116,176,0,6,10.3,météo favorable
2020-03-18,26,20,14,20,25,25,56.8,93,8.5,1012,66.875,27,20,21,293,122,116,0,5,7.6,météo très défavorable
2020-03-19,27,17,22,17,26,25,0,76,9,1014,9,27,17,20,143,113,116,0,6,11.6,météo idéale
2020-03-20,27,16,10,16,26,25,0,69,10,1015,1.375,27,14,20,113,113,116,0,6,11.6,météo idéale
2020-03-21,29,17,9,17,26,27,0,53,10,1015,0,27,12,21,113,113,113,0,6,11.6,météo idéale
2020-03-22,31,18,12,18,28,29,0,59,10,1018,0.375,30,13,21,113,113,116,0,7,11.6,météo idéale
2020-03-23,32,17,14,17,29,30,0,54,10,1019,0,31,13,21,113,113,113,0,7,11.6,météo idéale
2020-03-24,34,20,17,20,31,31,0,60,10,1016,4,34,16,24,116,116,116,0,7,11.6,météo favorable
2020-03-25,33,21,15,21,31,30,0,51,10,1014,6.375,32,15,24,116,116,116,0,7,11.6,météo favorable
2020-03-26,32,21,10,21,29,29,0,57,10,1016,15.625,32,16,25,116,116,116,0,7,11.6,météo favorable
2020-03-27,31,21,19,21,30,27,1,61,10,1014,35.25,31,17,24,116,116,116,0,7,11.5,météo favorable
2020-03-28,27,19,12,19,24,24,11.4,86,9.125,1014,79.25,28,19,21,353,353,176,0,5,7.2,météo défavorable
2020-03-29,30,20,6,20,28,28,0.8,84,9.875,1016,66,32,20,22,176,353,116,0,6,7.2,météo défavorable
2020-03-30,31,20,13,20,29,28,0.3,73,9.875,1018,28.25,32,20,23,116,116,116,0,7,10.1,météo favorable
2020-03-31,31,21,18,21,29,28,0.7,79,10,1017,47.875,32,20,23,116,113,353,0,7,8.7,météo favorable
